0.1835465431213379
0.19169139862060547
0.18163323402404785
0.18497967720031738
0.176652193069458
0.18301081657409668
0.18685555458068848
0.210036039352417
0.17781853675842285
0.20313334465026855
0.18764448165893555
0.18857145309448242
0.18704795837402344
0.19237208366394043
0.18799781799316406
0.21152949333190918
0.1975862979888916
0.199235200881958
0.1951887607574463
0.19707775115966797
0.2013106346130371
0.18698906898498535
0.18569111824035645
0.19541335105895996
0.2014613151550293
0.18693900108337402
0.1880664825439453
0.19693684577941895
0.1881103515625
0.1882326602935791
0.21750903129577637
0.21001958847045898
0.1973123550415039
0.18731403350830078
0.18887805938720703
0.1905214786529541
0.18492865562438965
0.18506455421447754
0.18623042106628418
0.19495177268981934
0.19198870658874512
0.18283605575561523
0.18945574760437012
0.19373321533203125
0.19295930862426758
0.17437386512756348
0.19650840759277344
0.18485260009765625
0.1831505298614502
0.194411039352417
0.19452786445617676
0.18280816078186035
0.18297457695007324
0.19100189208984375
0.18499350547790527
0.18201494216918945
0.19826507568359375
0.19515180587768555
0.18996191024780273
0.19435691833496094
0.19102954864501953
0.19057774543762207
0.19125843048095703
0.1925497055053711
0.18811464309692383
0.19024252891540527
0.17951679229736328
0.18510770797729492
0.18959808349609375
0.18756532669067383
0.17847228050231934
0.19124937057495117
0.18346953392028809
0.19301676750183105
0.19196367263793945
0.1717541217803955
0.18674850463867188
0.1867814064025879
0.19809818267822266
0.18965649604797363
0.1908864974975586
0.18909478187561035
0.19037413597106934
0.19682002067565918
0.1878981590270996
0.19527673721313477
0.18895292282104492
0.18636703491210938
0.1793961524963379
0.18637537956237793
0.1869351863861084
0.19106602668762207
0.19372272491455078
0.2017045021057129
0.20598173141479492
0.2039964199066162
0.20897984504699707
0.18788647651672363
0.1877446174621582
0.18871521949768066
0.17469573020935059
0.19805097579956055
0.2023637294769287
0.18124890327453613
0.18695807456970215
0.19075608253479004
0.1937096118927002
0.1918959617614746
0.1829373836517334
0.1888408660888672
0.20708894729614258
0.189378023147583
0.17601990699768066
0.17798900604248047
0.1880338191986084
0.2091050148010254
0.18803143501281738
0.1911778450012207
0.20512008666992188
0.18181514739990234
0.1878821849822998
0.1881394386291504
0.18560147285461426
0.1777021884918213
0.1942882537841797
0.20534467697143555
0.1921555995941162
0.18972492218017578
0.18784523010253906
0.1889965534210205
0.20208477973937988
0.21907401084899902
0.1911015510559082
0.19460439682006836
0.19893717765808105
0.19293904304504395
0.18936610221862793
0.18613123893737793
0.18993425369262695
0.1779775619506836
0.17218947410583496
0.187178373336792
0.18615102767944336
0.18730521202087402
0.1876544952392578
0.18590044975280762
0.1879129409790039
0.18764019012451172
0.19509100914001465
0.17592310905456543
0.17728495597839355
0.1831192970275879
0.1945357322692871
0.18176507949829102
0.1936030387878418
0.16817951202392578
0.2257704734802246
0.18735051155090332
0.18787169456481934
0.18996477127075195
0.17700576782226562
0.19502997398376465
0.18824315071105957
0.18166375160217285
0.19724678993225098
0.18593788146972656
0.2187211513519287
0.1896352767944336
0.20623087882995605
0.1851952075958252
0.18552803993225098
0.1910414695739746
0.18665313720703125
0.1876814365386963
0.19022464752197266
0.192213773727417
0.19243645668029785
0.19084739685058594
0.17514514923095703
0.18212032318115234
0.20290851593017578
0.18657302856445312
0.2020552158355713
0.19212579727172852
0.20670533180236816
0.1888277530670166
0.18580126762390137
0.18449974060058594
0.17257142066955566
0.187880277633667
0.21102666854858398
0.18341565132141113
0.21138811111450195
0.22315621376037598
0.21416187286376953
0.2945699691772461
0.17766475677490234
0.3096306324005127
0.18066620826721191
0.18766379356384277
0.18994140625
0.18724703788757324
0.19937729835510254
0.18117833137512207
0.1960442066192627
0.19501399993896484
0.20357990264892578
0.1831653118133545
0.18915510177612305
0.18613243103027344
0.18430447578430176
0.20557332038879395
0.19142389297485352
0.2036755084991455
0.18763327598571777
0.17262506484985352
0.1906585693359375
0.17804408073425293
0.21155452728271484
0.1876842975616455
0.2059788703918457
0.18497419357299805
0.227996826171875
0.21219635009765625
0.21607637405395508
0.21138691902160645
0.22036147117614746
0.23134231567382812
0.20417022705078125
0.19555163383483887
0.23349285125732422
0.2141098976135254
0.1890575885772705
0.18839240074157715
0.20953917503356934
0.21299505233764648
0.19618821144104004
0.19614338874816895
0.20314502716064453
0.1929609775543213
0.18987369537353516
0.1922307014465332
0.1801290512084961
0.1880960464477539
0.1853182315826416
0.18599462509155273
0.1889939308166504
0.1889963150024414
0.19300532341003418
0.18970513343811035
0.2161860466003418
0.18662309646606445
0.18834471702575684
0.19397759437561035
0.17766809463500977
0.18535852432250977
0.20945453643798828
0.1859908103942871
0.205125093460083
0.18814301490783691
0.21243572235107422
0.18811917304992676
0.18192076683044434
0.18157052993774414
0.17661714553833008
0.19263505935668945
0.20424294471740723
0.175584077835083
0.18803095817565918
0.1876535415649414
0.18724417686462402
0.18330693244934082
0.19331026077270508
0.18741965293884277
0.18060684204101562
0.17766094207763672
0.1837141513824463
0.19625115394592285
0.1905369758605957
0.20423150062561035
0.1982409954071045
0.18212103843688965
0.2330930233001709
0.19265151023864746
0.1864910125732422
0.6385302543640137
0.20795464515686035
0.18799853324890137
0.1802656650543213
0.20025181770324707
0.18023014068603516
0.18766474723815918
0.18740344047546387
0.1724238395690918
0.1854104995727539
0.18905329704284668
0.1869199275970459
0.1744537353515625
0.19102001190185547
0.18912577629089355
0.19130897521972656
0.18761897087097168
0.17927813529968262
0.18932461738586426
0.18921875953674316
0.1887667179107666
0.1898045539855957
0.17348980903625488
0.18218278884887695
0.18822479248046875
0.1862328052520752
0.19035887718200684
0.17859888076782227
0.1906111240386963
0.18674850463867188
0.18881893157958984
0.18640542030334473
0.1891012191772461
0.1864163875579834
0.18550539016723633
0.19054722785949707
0.17562413215637207
0.18413949012756348
0.17878317832946777
0.1873166561126709
0.17619609832763672
0.19293713569641113
0.18748712539672852
0.17855095863342285
0.18553376197814941
0.19249272346496582
0.19967913627624512
0.19420146942138672
0.16588377952575684
0.18611621856689453
0.1873793601989746
0.19576501846313477
0.1974329948425293
0.19416403770446777
0.19925546646118164
0.22498226165771484
0.19840407371520996
0.20840835571289062
0.18247270584106445
0.18733930587768555
0.17322850227355957
0.17623686790466309
0.18825078010559082
0.1867222785949707
0.17572903633117676
0.17669200897216797
0.18627142906188965
0.180220365524292
0.19840073585510254
0.18908977508544922
0.19490528106689453
0.18494701385498047
0.19498753547668457
0.18108677864074707
0.19208741188049316
0.19007205963134766
0.186079740524292
0.19307160377502441
0.18899130821228027
0.18376445770263672
0.18949508666992188
0.1915128231048584
0.17553353309631348
0.17460060119628906
0.18759608268737793
0.18242502212524414
0.19099807739257812
0.18598628044128418
0.1880054473876953
0.18831515312194824
0.18715405464172363
0.17537569999694824
0.19218015670776367
0.1892392635345459
0.1882927417755127
0.1767892837524414
0.1936349868774414
0.1874246597290039
0.18743419647216797
0.1944267749786377
0.17492914199829102
0.17691445350646973
0.19093942642211914
0.1909646987915039
0.18780779838562012
0.18899130821228027
0.17602920532226562
0.17797350883483887
0.1771996021270752
0.18768978118896484
0.21198368072509766
0.1869966983795166
0.1804826259613037
0.2010958194732666
0.2031705379486084
0.18918156623840332
0.1701822280883789
0.19718313217163086
0.19209957122802734
0.19511175155639648
0.2031099796295166
0.17519187927246094
0.18596291542053223
0.1839921474456787
0.1799614429473877
0.16734886169433594
0.19304752349853516
0.18632149696350098
0.18925213813781738
0.18695473670959473
0.1780238151550293
0.16899657249450684
0.2069995403289795
0.19572019577026367
0.22171378135681152
0.19572019577026367
0.19023513793945312
0.18668150901794434
0.1904919147491455
0.17407965660095215
0.1879444122314453
0.18363499641418457
0.1851487159729004
0.191972017288208
0.18913030624389648
0.17362022399902344
0.19362401962280273
0.18870043754577637
0.17771673202514648
0.20116901397705078
0.18665289878845215
0.18889737129211426
0.18681955337524414
0.18126416206359863
0.1881556510925293
0.1938481330871582
0.19044756889343262
0.20542240142822266
0.18944454193115234
0.17850255966186523
0.17580699920654297
0.18931174278259277
0.18535590171813965
0.1883711814880371
0.17026591300964355
0.1960124969482422
0.2085099220275879
0.19489288330078125
0.18085074424743652
0.18189454078674316
0.19379067420959473
0.2008059024810791
0.19451642036437988
0.20297980308532715
0.1900310516357422
0.18873953819274902
0.23473334312438965
0.20127439498901367
0.1891024112701416
0.18997907638549805
0.20270657539367676
0.18867945671081543
0.1886122226715088
0.232466459274292
0.2444608211517334
0.2104659080505371
0.21041488647460938
0.19265317916870117
0.21009469032287598
0.21228599548339844
0.32215452194213867
1.004528284072876
0.20732879638671875
0.19131803512573242
0.21331143379211426
0.1864485740661621
0.1809675693511963
1.2322421073913574
0.18996524810791016
0.1739966869354248
0.18597149848937988
0.17397856712341309
0.19211912155151367
0.20617318153381348
0.17519569396972656
0.18898391723632812
0.18724370002746582
0.17606091499328613
0.18605852127075195
0.19403600692749023
0.18107867240905762
0.195542573928833
0.19058513641357422
0.19952154159545898
0.21155214309692383
0.1849353313446045
0.18926167488098145
0.18726587295532227
0.21205472946166992
0.18827581405639648
0.20107722282409668
0.18823695182800293
0.1778576374053955
0.1870734691619873
0.1878349781036377
0.17805790901184082
0.1891329288482666
0.18702054023742676
0.2196059226989746
0.3246300220489502
0.2150743007659912
0.24906253814697266
0.1856539249420166
0.19528579711914062
0.18312597274780273
0.18628931045532227
0.18303728103637695
0.19002342224121094
0.18782258033752441
0.18692326545715332
0.1863558292388916
0.17603397369384766
0.17676377296447754
0.18994617462158203
0.18804359436035156
0.19277715682983398
0.2068939208984375
0.17263388633728027
0.19266724586486816
0.17274832725524902
0.18742656707763672
0.18847966194152832
0.19066476821899414
0.16882824897766113
0.18893933296203613
0.21578264236450195
0.18138980865478516
0.20716261863708496
0.2030775547027588
0.2361149787902832
0.18517088890075684
0.21816635131835938
0.18832874298095703
0.18152141571044922
0.2075352668762207
0.18203425407409668
0.18554162979125977
0.17392230033874512
0.19194436073303223
0.18027472496032715
0.19280052185058594
0.20241022109985352
0.22072458267211914
0.20470452308654785
0.20574665069580078
0.21371936798095703
0.1888411045074463
0.18044137954711914
0.1846022605895996
0.2120048999786377
0.16864824295043945
0.18069934844970703
0.1907339096069336
0.18796968460083008
0.19001245498657227
0.1903514862060547
0.20357608795166016
0.17995572090148926
0.22591829299926758
0.1939685344696045
0.18769097328186035
0.1967182159423828
0.18093419075012207
0.18437623977661133
0.1769566535949707
0.17343544960021973
0.1794445514678955
0.19677114486694336
0.18906831741333008
0.21023869514465332
0.19014930725097656
0.2003018856048584
0.18900728225708008
0.17302227020263672
0.1914219856262207
0.17559814453125
0.18904423713684082
0.21065235137939453
0.18168091773986816
0.1836564540863037
0.18570256233215332
0.21265840530395508
0.19116783142089844
0.19249343872070312
0.19052743911743164
0.2072300910949707
0.21958065032958984
0.20450544357299805
0.21265363693237305
0.17802190780639648
0.19161462783813477
0.18452763557434082
0.17797636985778809
0.1882462501525879
0.2189626693725586
0.19074296951293945
0.18851184844970703
0.168534517288208
0.17833828926086426
0.17302346229553223
0.18672561645507812
0.17519474029541016
0.18184852600097656
0.1868143081665039
0.18399834632873535
0.19666266441345215
0.17914199829101562
0.1909184455871582
0.19260382652282715
0.19002127647399902
0.18670105934143066
0.1739962100982666
0.17301392555236816
0.18898916244506836
0.20997238159179688
0.19100427627563477
0.1830127239227295
0.18107008934020996
0.18108034133911133
0.17511487007141113
0.17835330963134766
0.21235299110412598
0.19809174537658691
0.1900806427001953
0.18507695198059082
0.18297171592712402
0.1966400146484375
0.1682741641998291
0.18829894065856934
0.18833708763122559
0.19330286979675293
0.1974494457244873
0.17089033126831055
0.2245323657989502
0.18090200424194336
0.1738736629486084
0.1883373260498047
0.17945146560668945
0.17508172988891602
0.18401288986206055
0.18098855018615723
0.17497563362121582
0.19200587272644043
0.18521547317504883
0.1906299591064453
0.18004584312438965
0.3099501132965088
0.19380474090576172
0.19878411293029785
0.20245623588562012
0.18810033798217773
0.20377564430236816
0.18407154083251953
0.20507049560546875
0.1867833137512207
0.18473482131958008
0.18489885330200195
0.1863400936126709
0.18398118019104004
0.1897907257080078
0.17880463600158691
0.18924880027770996
0.18166017532348633
0.18149900436401367
0.20849180221557617
0.18385076522827148
0.18317174911499023
0.20810866355895996
0.21312761306762695
0.1724388599395752
0.19017744064331055
0.23955154418945312
0.20742273330688477
0.212599515914917
0.21359610557556152
0.215606689453125
0.17577028274536133
0.18330168724060059
0.18429827690124512
0.1673891544342041
0.18381571769714355
0.19366693496704102
0.1837167739868164
0.18973255157470703
0.1861560344696045
0.2184276580810547
0.1857774257659912
0.19046592712402344
0.18523883819580078
0.1929941177368164
0.18202877044677734
0.1889643669128418
0.17908835411071777
0.1801314353942871
0.2054896354675293
0.1867058277130127
0.18854618072509766
0.1831660270690918
0.19070816040039062
0.18986988067626953
0.18621134757995605
0.2389688491821289
0.2120068073272705
0.17690658569335938
0.18390631675720215
0.19698262214660645
0.19471979141235352
0.20885920524597168
0.185960054397583
0.22518301010131836
0.18920540809631348
0.18796801567077637
0.19070148468017578
0.18702030181884766
0.18244600296020508
0.18978548049926758
0.18751740455627441
0.18750572204589844
0.19274067878723145
0.1911177635192871
0.1951279640197754
0.19205236434936523
0.19039463996887207
0.19051694869995117
0.1827080249786377
0.18201470375061035
0.18492841720581055
0.2159593105316162
0.18818259239196777
0.20270991325378418
0.21489357948303223
0.22563719749450684
0.21551799774169922
0.18784117698669434
0.19031620025634766
0.17244482040405273
0.1933574676513672
0.22220730781555176
0.19421982765197754
0.19746828079223633
0.18880391120910645
0.18428683280944824
0.18535804748535156
0.17866802215576172
0.1758286952972412
0.1740274429321289
0.18600082397460938
0.18705511093139648
0.18127131462097168
0.18900346755981445
0.17942047119140625
0.18698573112487793
0.18499207496643066
0.18398141860961914
0.18200278282165527
0.18500399589538574
0.18000078201293945
0.21793413162231445
0.1909313201904297
0.18188714981079102
0.18955421447753906
0.18114852905273438
0.1794745922088623
0.18511462211608887
0.18708586692810059
0.1756420135498047
0.1758410930633545
0.18595004081726074
0.18762540817260742
0.17363619804382324
0.18623757362365723
0.19785666465759277
0.1837751865386963
0.18561840057373047
0.1936497688293457
0.21125030517578125
0.18053960800170898
0.17800307273864746
0.18700170516967773
0.2019963264465332
0.1819911003112793
0.18000054359436035
0.18599677085876465
0.19399356842041016
0.18799734115600586
0.1867973804473877
0.19475674629211426
0.18715643882751465
0.19037127494812012
0.18138575553894043
0.18536090850830078
0.17561626434326172
0.17969512939453125
0.20238900184631348
0.18519163131713867
0.20881104469299316
0.1892070770263672
0.18201065063476562
0.23905181884765625
0.1701195240020752
0.18898248672485352
0.18797969818115234
0.1730508804321289
0.18612098693847656
0.18480849266052246
0.19826650619506836
0.1867680549621582
0.1887814998626709
0.18594002723693848
0.19489645957946777
0.1959855556488037
0.19143891334533691
0.1788496971130371
0.1803288459777832
0.18530607223510742
0.18543577194213867
0.18792080879211426
0.1835174560546875
0.1860945224761963
0.18890118598937988
0.19198322296142578
0.17715740203857422
0.1781635284423828
0.18418478965759277
0.17694497108459473
0.18855071067810059
0.18717336654663086
0.1755356788635254
0.18795561790466309
0.1897447109222412
0.1827836036682129
0.17671847343444824
0.173020601272583
0.21700572967529297
0.18999886512756348
0.1699986457824707
0.18399262428283691
0.18288707733154297
0.18062210083007812
0.17716264724731445
0.19224071502685547
0.18706512451171875
0.1882927417755127
0.18619084358215332
0.18877100944519043
0.19284534454345703
0.1886284351348877
0.18791460990905762
0.18738937377929688
0.18714547157287598
0.19102048873901367
0.1905231475830078
0.1909949779510498
0.1826474666595459
0.18545961380004883
0.17716479301452637
0.1881542205810547
0.17681074142456055
0.1830577850341797
0.18083548545837402
0.20183420181274414
0.195831298828125
0.25175905227661133
0.2178637981414795
0.2015855312347412
0.1835923194885254
0.1966533660888672
0.18920207023620605
0.1945173740386963
0.20752596855163574
0.19685840606689453
0.20326757431030273
0.17803049087524414
0.1790151596069336
0.1891167163848877
0.1850428581237793
0.18409109115600586
0.18399620056152344
0.19022440910339355
0.2101140022277832
0.20689105987548828
0.1873471736907959
0.18673181533813477
0.19573402404785156
0.18302583694458008
0.17606091499328613
0.19319677352905273
0.1770792007446289
0.17533183097839355
0.1968851089477539
0.21387767791748047
0.19100189208984375
0.18796968460083008
0.18399667739868164
0.19399762153625488
0.1770014762878418
0.18900251388549805
0.17270398139953613
0.1866304874420166
0.1849987506866455
0.21401548385620117
0.1875302791595459
0.1859748363494873
0.1816551685333252
0.18958210945129395
0.1865253448486328
0.1936492919921875
0.1882467269897461
0.17844414710998535
0.1897258758544922
0.1784200668334961
0.17494606971740723
0.18733835220336914
0.18219614028930664
0.17408299446105957
0.17662572860717773
0.18462276458740234
0.17389988899230957
0.19095563888549805
0.18783187866210938
0.22999811172485352
0.20902681350708008
0.1920030117034912
0.17470502853393555
0.18935346603393555
0.19232392311096191
0.18004751205444336
0.1750948429107666
0.19475197792053223
0.19180727005004883
0.20108866691589355
0.182525634765625
0.2305135726928711
0.18952369689941406
0.19901800155639648
0.19821691513061523
0.19724273681640625
0.1907060146331787
0.1912403106689453
0.1861724853515625
0.18944978713989258
0.18779659271240234
0.3442966938018799
0.2634861469268799
0.1810626983642578
0.18699336051940918
0.18599224090576172
0.17101073265075684
0.19012975692749023
0.19098520278930664
0.1920158863067627
0.18109750747680664
0.19006991386413574
0.21585798263549805
0.19008088111877441
0.18815255165100098
0.1782522201538086
0.18597912788391113
0.16843247413635254
0.18323493003845215
0.18852758407592773
0.17206096649169922
0.19205760955810547
0.18788576126098633
0.203139066696167
0.18506145477294922
0.19420862197875977
0.1832127571105957
0.19222545623779297
0.2145099639892578
0.18554043769836426
0.18054795265197754
0.18563151359558105
0.18834662437438965
0.18874073028564453
0.18903350830078125
0.18197393417358398
0.18915057182312012
0.18483877182006836
0.18668270111083984
0.17471718788146973
0.18713998794555664
0.18683981895446777
0.18279004096984863
0.20281600952148438
0.17589020729064941
0.1852283477783203
0.19808149337768555
0.20106220245361328
0.19706249237060547
0.17298579216003418
0.1710066795349121
0.1920003890991211
0.19205451011657715
0.17664670944213867
0.19161057472229004
0.1886603832244873
0.1813209056854248
0.19026756286621094
0.19490623474121094
0.2097477912902832
0.1859891414642334
0.1859433650970459
0.19087648391723633
0.18500661849975586
0.18200063705444336
0.18410396575927734
0.1880016326904297
0.18114042282104492
0.17537808418273926
0.2090744972229004
0.1828141212463379
0.18773245811462402
0.19174647331237793
0.17080187797546387
0.21086692810058594
0.1857900619506836
0.18416547775268555
0.18507909774780273
0.18678903579711914
0.18901562690734863
0.1840066909790039
0.18698835372924805
0.18897294998168945
0.1934521198272705
0.17577672004699707
0.1908586025238037
0.17931032180786133
0.18800830841064453
0.18413400650024414
0.17853689193725586
0.18556952476501465
0.1764814853668213
0.1889183521270752
0.19386720657348633
0.2130725383758545
0.18696212768554688
0.1959397792816162
0.19182395935058594
0.1910548210144043
0.18778443336486816
0.19771289825439453
0.1868271827697754
0.1995103359222412
0.18135643005371094
0.18898344039916992
0.18800020217895508
0.19101715087890625
0.18900084495544434
0.18100261688232422
0.16998958587646484
0.1839923858642578
0.18599700927734375
0.18397974967956543
0.1905686855316162
0.20806288719177246
0.20888400077819824
0.21891260147094727
0.19088029861450195
0.2079169750213623
0.18469691276550293
0.2284398078918457
0.18823003768920898
0.2116987705230713
0.18996071815490723
0.1889338493347168
0.19054412841796875
0.18825268745422363
0.17825937271118164
1.1835193634033203
0.19274377822875977
0.1881115436553955
0.18844103813171387
0.1779944896697998
0.18892812728881836
0.20798134803771973
0.177626371383667
0.18465185165405273
0.19915509223937988
0.1802501678466797
0.18212628364562988
0.2131047248840332
0.17664194107055664
0.18184447288513184
0.18096232414245605
0.18530726432800293
0.21326994895935059
0.18805956840515137
0.17905831336975098
0.18905138969421387
0.20102643966674805
0.1848604679107666
0.18242859840393066
0.17275238037109375
0.18471693992614746
0.1937875747680664
0.18665218353271484
0.18279170989990234
0.1875619888305664
0.19040560722351074
0.17622900009155273
0.18751764297485352
0.18048405647277832
0.19097661972045898
0.18633747100830078
0.18441367149353027
0.19221234321594238
0.21117639541625977
0.19695806503295898
0.19688796997070312
0.1866459846496582
0.2103731632232666
0.18573784828186035
0.1856849193572998
0.1954050064086914
0.18713068962097168
0.17528152465820312
0.19027948379516602
0.19826912879943848
0.18787002563476562
0.18790149688720703
0.18790340423583984
0.19663286209106445
0.1883704662322998
0.18900227546691895
0.20990657806396484
0.1649177074432373
0.17925238609313965
0.18751215934753418
0.1884303092956543
0.18949103355407715
0.18885421752929688
0.1878819465637207
0.2030642032623291
0.20423173904418945
0.2094283103942871
0.19945645332336426
0.18973898887634277
0.1865396499633789
0.1724395751953125
0.19838500022888184
0.6712977886199951
0.19356322288513184
0.18620514869689941
0.18858623504638672
0.1888258457183838
0.17800521850585938
0.1849982738494873
0.19173550605773926
0.1889190673828125
0.18508577346801758
0.1852884292602539
0.20317292213439941
0.19378137588500977
0.1719973087310791
0.17887616157531738
0.18488764762878418
0.18331027030944824
0.17272329330444336
0.18199706077575684
0.17702484130859375
0.17996883392333984
0.1820213794708252
0.18986129760742188
0.18301868438720703
0.1850292682647705
0.188093900680542
0.19109535217285156
0.18796157836914062
0.18674707412719727
0.18885231018066406
0.1814720630645752
0.1835036277770996
0.19150400161743164
0.18238115310668945
0.17637038230895996
0.18696260452270508
0.19152402877807617
0.1958150863647461
0.1972360610961914
0.1821117401123047
0.18711304664611816
0.1794905662536621
0.182905912399292
0.18909215927124023
0.19027280807495117
0.19071316719055176
0.3971529006958008
0.18596482276916504
0.18399953842163086
0.196000337600708
0.22098445892333984
0.19337773323059082
0.1846156120300293
0.1895604133605957
0.2426290512084961
0.2046496868133545
0.24164366722106934
0.1997220516204834
0.1899857521057129
0.18760919570922852
0.21803545951843262
0.19704771041870117
0.2230393886566162
0.19175171852111816
0.21628260612487793
0.1911027431488037
0.18796730041503906
0.1800854206085205
0.198822021484375
0.18109393119812012
0.1901099681854248
0.19174432754516602
0.19081687927246094
0.17781352996826172
0.1798417568206787
0.18918633460998535
0.18117856979370117
0.18917155265808105
0.19111037254333496
0.1896381378173828
0.1886730194091797
0.18987417221069336
0.1829700469970703
0.18692278861999512
0.17621278762817383
0.18880152702331543
0.20780038833618164
0.17546772956848145
0.18343257904052734
0.19099855422973633
0.19068360328674316
0.18291044235229492
0.1769390106201172
0.18921685218811035
0.18719816207885742
0.19015789031982422
0.17937016487121582
0.1773078441619873
0.1896347999572754
0.1774446964263916
0.19044828414916992
0.17634344100952148
0.18839144706726074
0.18796563148498535
0.18944358825683594
0.18984055519104004
0.18012189865112305
0.2025618553161621
0.18084239959716797
0.19887423515319824
0.18610906600952148
0.1783289909362793
0.1828465461730957
0.18085622787475586
0.19285202026367188
0.20479297637939453
0.18575763702392578
0.1839275360107422
0.1998908519744873
0.1931300163269043
0.1837296485900879
0.1959245204925537
0.19872760772705078
0.18955302238464355
0.18642377853393555
0.19457745552062988
0.19338583946228027
0.19691920280456543
0.2010021209716797
0.18984413146972656
0.18987441062927246
0.19370484352111816
0.20027565956115723
0.2048051357269287
0.18612027168273926
0.17951631546020508
0.17765331268310547
0.18684792518615723
0.18794035911560059
0.19348907470703125
0.1742568016052246
0.20054054260253906
0.18462157249450684
0.1637430191040039
0.18511223793029785
0.18799948692321777
0.19201183319091797
0.19400954246520996
0.18900418281555176
0.2089982032775879
0.1949934959411621
0.20000815391540527
0.2100071907043457
0.19501924514770508
0.1818835735321045
0.18197298049926758
0.19139766693115234
0.18661022186279297
0.18793845176696777
0.20499396324157715
0.19099903106689453
0.1770012378692627
0.1799929141998291
0.1839134693145752
0.1868152618408203
0.19169282913208008
0.1883232593536377
0.19562554359436035
0.17573189735412598
0.18304920196533203
0.18265914916992188
0.18469762802124023
0.18567442893981934
0.18272113800048828
0.18800091743469238
0.1900019645690918
0.20499110221862793
0.18819451332092285
0.18861937522888184
0.17948198318481445
0.17948246002197266
0.1804802417755127
0.18220806121826172
0.18679022789001465
0.1803760528564453
0.19060683250427246
0.20264291763305664
0.19182562828063965
0.19480490684509277
0.20079755783081055
0.33563232421875
0.18752717971801758
0.21073460578918457
0.18563175201416016
0.18500781059265137
0.18581771850585938
0.19041204452514648
0.17654180526733398
0.19185447692871094
0.17833542823791504
0.17050766944885254
0.18101859092712402
0.19177961349487305
0.19006633758544922
0.1796417236328125
0.18894696235656738
0.19085955619812012
0.18328022956848145
0.18918824195861816
0.21519088745117188
0.189666748046875
0.18767881393432617
0.19490981101989746
0.2128446102142334
0.18300938606262207
0.18500638008117676
0.20059728622436523
0.1903977394104004
0.18193888664245605
0.20920085906982422
0.17491936683654785
0.1854703426361084
0.18142080307006836
0.18516755104064941
0.18765902519226074
0.1891796588897705
0.18700671195983887
0.20911622047424316
0.18070244789123535
0.18271875381469727
0.17313027381896973
0.21511507034301758
0.19897031784057617
0.18494844436645508
0.18884825706481934
0.18753266334533691
0.17223119735717773
0.17831730842590332
0.19853520393371582
0.19888758659362793
0.32324767112731934
0.1959996223449707
0.1940150260925293
0.18699002265930176
0.19100260734558105
0.19500994682312012
0.17402911186218262
0.19020819664001465
0.18891096115112305
0.1904141902923584
0.19559788703918457
0.18473029136657715
0.18576431274414062
0.18666696548461914
0.18769335746765137
0.17848420143127441
0.17551350593566895
0.17470550537109375
0.18808341026306152
0.18777084350585938
0.18938326835632324
0.17545008659362793
0.18258929252624512
0.18930315971374512
0.17681527137756348
0.1840217113494873
0.21162176132202148
0.18234038352966309
0.18857145309448242
0.19285821914672852
0.21194005012512207
0.197981595993042
0.17944765090942383
0.18043255805969238
0.19168353080749512
0.18932318687438965
0.21145057678222656
0.1837749481201172
0.18587493896484375
0.18719935417175293
0.18678832054138184
0.19010066986083984
0.1719646453857422
0.18503260612487793
0.17900896072387695
0.18702077865600586
0.18602442741394043
0.1900010108947754
0.19199299812316895
0.17308640480041504
0.18613028526306152
0.18921709060668945
0.18510723114013672
0.2121262550354004
0.19512462615966797
0.17458105087280273
0.200164794921875
0.18485546112060547
0.21845388412475586
0.17600440979003906
0.1803734302520752
0.18949484825134277
0.18713879585266113
0.184922456741333
0.18468499183654785
0.18601560592651367
0.17844915390014648
0.1754622459411621
0.17011737823486328
0.180220365524292
0.2200031280517578
0.2100076675415039
0.20299530029296875
0.17801833152770996
0.18728041648864746
0.1902616024017334
0.18550705909729004
0.1887497901916504
0.18041062355041504
0.176408052444458
0.18385052680969238
0.1866474151611328
0.189070463180542
0.19108343124389648
0.18799638748168945
0.19735002517700195
0.18134069442749023
0.18845295906066895
0.18069887161254883
0.21052861213684082
0.2102353572845459
0.18482398986816406
0.1878197193145752
0.18474364280700684
0.19425320625305176
0.1892375946044922
0.1882181167602539
0.17969226837158203
0.18720626831054688
0.1880195140838623
0.19182801246643066
0.18540620803833008
0.18950915336608887
0.19002151489257812
0.18003058433532715
0.1765303611755371
0.17816972732543945
0.18793916702270508
0.18943047523498535
0.19694828987121582
0.18703651428222656
0.18510007858276367
0.19217944145202637
0.17269253730773926
0.17876577377319336
0.17778348922729492
0.18726515769958496
0.2880103588104248
0.18581032752990723
0.2449502944946289
0.20335626602172852
0.1844174861907959
0.2037341594696045
0.1779308319091797
0.18616390228271484
0.18857741355895996
0.17983484268188477
0.19094157218933105
0.18933367729187012
0.20259523391723633
0.20744657516479492
0.19877243041992188
0.18396353721618652
0.18996977806091309
0.6930694580078125
0.2091686725616455
0.18618559837341309
0.1731564998626709
0.17635679244995117
0.1910536289215088
0.17825913429260254
0.18367791175842285
0.19087600708007812
0.1703507900238037
0.1893460750579834
0.17453408241271973
0.19989943504333496
0.18721461296081543
0.2060256004333496
0.17641019821166992
0.19008469581604004
0.18712925910949707
0.19612431526184082
0.18429350852966309
0.18900132179260254
0.1778249740600586
0.18422865867614746
0.18219709396362305
0.18920207023620605
0.1921837329864502
0.18734097480773926
0.19149088859558105
0.1805131435394287
0.1835629940032959
0.18924331665039062
0.19200992584228516
0.17800021171569824
0.1939995288848877
0.19096851348876953
0.17600059509277344
0.18624472618103027
0.2039487361907959
0.19399023056030273
0.1804192066192627
0.23138999938964844
0.19439029693603516
0.1870265007019043
0.19146418571472168
0.18475794792175293
0.19127583503723145
0.19691252708435059
0.18317270278930664
0.2191312313079834
0.18082213401794434
0.19071197509765625
0.18600988388061523
0.19103264808654785
0.19401216506958008
0.1905655860900879
0.1848592758178711
0.18230986595153809
0.18425869941711426
0.17107248306274414
0.1868271827697754
0.1860027313232422
0.1889643669128418
0.18099164962768555
0.1889972686767578
0.1940009593963623
0.19800424575805664
0.1917407512664795
0.18064665794372559
0.18283653259277344
0.19150257110595703
0.20774388313293457
0.222489595413208
0.20911288261413574
0.20112252235412598
0.19123315811157227
0.18694186210632324
0.17932534217834473
0.18804526329040527
0.1950395107269287
0.18963098526000977
0.18174266815185547
0.19175219535827637
0.18527483940124512
0.1871025562286377
0.2027280330657959
0.18619585037231445
0.1892392635345459
0.18717408180236816
0.18820738792419434
0.18416094779968262
0.18017292022705078
0.17487549781799316
0.19919943809509277
0.18769049644470215
0.19309782981872559
0.18012237548828125
0.18037819862365723
0.1903073787689209
0.1702723503112793
0.18324637413024902
0.18277502059936523
0.18904995918273926
0.20228123664855957
0.20022273063659668
0.18231534957885742
0.1771538257598877
0.1840040683746338
0.1766369342803955
0.18096256256103516
0.184798002243042
0.18677949905395508
0.16969084739685059
0.1755824089050293
0.19483566284179688
0.1846630573272705
0.18982768058776855
0.1947460174560547
0.19190454483032227
0.23497772216796875
0.20502448081970215
0.19279050827026367
0.1966102123260498
0.19160079956054688
0.20261073112487793
0.18070554733276367
0.2177140712738037
0.19142365455627441
0.18596363067626953
0.19183754920959473
0.19616222381591797
0.18900179862976074
0.18479299545288086
0.2252039909362793
0.1971879005432129
0.20016956329345703
0.17816519737243652
0.1908872127532959
0.18491721153259277
0.18845200538635254
0.18826913833618164
0.19269299507141113
0.19271016120910645
0.20100831985473633
0.21007895469665527
0.18213844299316406
0.18617510795593262
0.18117594718933105
0.1891932487487793
0.1905679702758789
0.18743181228637695
0.19103670120239258
0.20451593399047852
0.19199275970458984
0.21761846542358398
0.18087553977966309
0.19095444679260254
0.1775672435760498
0.18661022186279297
0.22172188758850098
0.19640278816223145
0.18933987617492676
0.19016194343566895
0.21509170532226562
0.17592954635620117
0.18991661071777344
0.17434215545654297
0.18962383270263672
0.1861131191253662
0.19114375114440918
0.19666075706481934
0.18528389930725098
0.19327735900878906
0.17697405815124512
0.179002046585083
0.19500255584716797
0.19399714469909668
0.18118834495544434
0.18521332740783691
0.18796563148498535
0.17559361457824707
0.19116759300231934
0.18859529495239258
0.1835927963256836
0.22056198120117188
0.1901242733001709
0.17659974098205566
0.19324874877929688
0.18670225143432617
0.3720526695251465
0.32339906692504883
0.24705719947814941
0.28359460830688477
0.3326411247253418
0.18569207191467285
0.17994022369384766
0.21999883651733398
0.19793176651000977
0.17998766899108887
0.19198322296142578
0.2050015926361084
0.18899297714233398
0.18496322631835938
0.18096542358398438
0.20821881294250488
0.1913928985595703
0.1900804042816162
0.21407222747802734
0.18643808364868164
0.18030643463134766
0.16838407516479492
0.1923818588256836
0.1931614875793457
0.18445110321044922
0.18460941314697266
0.19257450103759766
0.17984318733215332
1.2068707942962646
0.1764214038848877
0.1888117790222168
0.20060515403747559
0.18988990783691406
0.19736099243164062
0.183380126953125
0.1883859634399414
0.19937491416931152
0.19193172454833984
0.19829487800598145
0.18625879287719727
0.16745829582214355
3.1969525814056396
0.18433856964111328
0.18888401985168457
0.18562626838684082
0.18670988082885742
0.19701766967773438
0.18762922286987305
0.18258976936340332
0.1849651336669922
0.19359564781188965
0.1934807300567627
0.19219160079956055
0.18580913543701172
0.1907358169555664
0.1833481788635254
0.18685054779052734
0.20849132537841797
0.1884441375732422
0.18759560585021973
0.17670416831970215
0.18496370315551758
0.19297552108764648
0.18689513206481934
0.19277501106262207
0.19188451766967773
0.1883103847503662
0.20917749404907227
0.21485567092895508
0.20414471626281738
0.19212841987609863
0.18912863731384277
0.19314002990722656
0.19347453117370605
0.6961319446563721
0.1866014003753662
0.18866634368896484
0.18901896476745605
0.18954253196716309
0.189347505569458
0.17582941055297852
0.18442726135253906
0.18941831588745117
0.18546223640441895
0.18614745140075684
0.1981203556060791
0.19312453269958496
0.21006202697753906
0.18549418449401855
0.19151735305786133
0.21417880058288574
0.19083762168884277
0.1905372142791748
0.210601806640625
0.17758679389953613
0.17646169662475586
0.20497798919677734
0.18880033493041992
0.18088293075561523
0.18167543411254883
0.18301105499267578
0.20888710021972656
0.18575215339660645
0.18758511543273926
0.19857144355773926
0.20849013328552246
0.1889934539794922
0.18493962287902832
0.1890103816986084
0.19312381744384766
0.18956613540649414
0.18866539001464844
0.17493438720703125
0.2039656639099121
0.17525959014892578
0.19126343727111816
0.18651223182678223
0.29125404357910156
0.21086382865905762
0.24373388290405273
0.20587563514709473
0.18598699569702148
0.2439882755279541
0.2699871063232422
0.16797924041748047
0.18700385093688965
0.18883228302001953
0.18900847434997559
0.20896196365356445
0.2137889862060547
0.18927359580993652
0.19112849235534668
0.1861591339111328
0.17682385444641113
0.17888855934143066
0.17588424682617188
0.1836385726928711
0.18750858306884766
0.21120333671569824
0.20325589179992676
0.19945478439331055
0.18503379821777344
0.19105195999145508
0.17801499366760254
0.1731266975402832
0.1820077896118164
0.18787550926208496
0.19482898712158203
0.20997214317321777
0.18899989128112793
0.1790027618408203
0.1889634132385254
0.1998739242553711
0.179795503616333
0.18742108345031738
0.18805503845214844
0.1785600185394287
0.18762660026550293
0.1797196865081787
0.18671035766601562
0.20476913452148438
0.16723942756652832
0.19730281829833984
0.19524717330932617
0.19427227973937988
0.1779918670654297
0.19193243980407715
0.18750929832458496
0.18769502639770508
0.17839932441711426
0.18616175651550293
0.19573497772216797
0.20942425727844238
0.18768024444580078
0.1841292381286621
0.1856403350830078
0.18278217315673828
0.18078184127807617
0.1887812614440918
0.18753910064697266
0.21149396896362305
0.18661165237426758
0.18672513961791992
0.1947476863861084
0.19492816925048828
0.18601179122924805
0.1867530345916748
0.1723310947418213
0.18933868408203125
0.18910861015319824
0.18705344200134277
0.18632245063781738
0.18034601211547852
0.16813945770263672
0.19407272338867188
0.17974138259887695
0.1838090419769287
0.21181893348693848
0.19146299362182617
0.20420193672180176
0.1772158145904541
0.17541265487670898
0.18106651306152344
0.17037177085876465
0.18839645385742188
0.18321895599365234
0.18921637535095215
0.18755388259887695
0.21257400512695312
0.19798612594604492
0.19698596000671387
0.204986572265625
0.2137584686279297
0.2227344512939453
0.19865679740905762
0.3560616970062256
0.18609142303466797
0.16794562339782715
0.1797797679901123
0.17780089378356934
0.1916501522064209
0.19406867027282715
0.1843852996826172
0.17594408988952637
0.20208120346069336
0.18603801727294922
0.19305825233459473
0.19073939323425293
0.20203852653503418
0.1907200813293457
0.18123888969421387
0.19222283363342285
0.19153046607971191
0.1855485439300537
0.1855485439300537
0.18755125999450684
0.18700432777404785
0.1769704818725586
0.18184781074523926
0.20571374893188477
0.17223381996154785
0.1892082691192627
0.18643617630004883
0.17727112770080566
0.1849806308746338
0.18800115585327148
0.17001628875732422
0.2069253921508789
0.21402883529663086
0.19161367416381836
0.19562578201293945
0.19453167915344238
0.19554424285888672
0.18753552436828613
0.17755937576293945
0.1894361972808838
0.17312407493591309
0.1924302577972412
0.20955109596252441
0.2050786018371582
0.20400762557983398
0.1770157814025879
0.1920311450958252
0.1801135540008545
0.17408394813537598
0.18618178367614746
0.19455504417419434
0.18075156211853027
0.2095634937286377
0.18745660781860352
0.17391395568847656
0.1810016632080078
0.18700170516967773
0.2138385772705078
0.18785738945007324
0.18187451362609863
0.18501734733581543
0.18891024589538574
0.19056105613708496
0.21218419075012207
0.20740199089050293
0.18906044960021973
0.18978023529052734
0.17749762535095215
0.20750117301940918
0.18751263618469238
0.17745733261108398
0.1909940242767334
0.1869966983795166
0.1887955665588379
0.1743481159210205
0.19229388236999512
0.1876673698425293
0.19192123413085938
0.1939101219177246
0.20767569541931152
0.2297039031982422
0.22006821632385254
0.18913578987121582
0.20172405242919922
0.18604230880737305
0.18937397003173828
0.1717061996459961
0.19370698928833008
0.18428945541381836
0.19138646125793457
0.20188069343566895
0.21088266372680664
0.17774081230163574
0.1933155059814453
0.18792223930358887
0.18858551979064941
0.20928120613098145
0.1846628189086914
0.17345833778381348
0.17746424674987793
0.18299412727355957
0.2027125358581543
0.21114873886108398
0.19019246101379395
0.18215513229370117
0.20416569709777832
0.18589329719543457
0.18487334251403809
0.1853785514831543
0.1827712059020996
0.20676875114440918
0.20074892044067383
0.19079971313476562
0.18607568740844727
0.19385313987731934
0.20168185234069824
0.20530915260314941
0.19650840759277344
0.18253707885742188
0.17954206466674805
0.1805880069732666
0.1935102939605713
0.18498945236206055
0.17504239082336426
0.18704628944396973
0.18621206283569336
0.17341208457946777
0.17962217330932617
0.18761348724365234
0.18718338012695312
0.1833205223083496
0.19231152534484863
0.18179726600646973
0.1803586483001709
0.17731881141662598
0.2103114128112793
0.1894056797027588
0.19642138481140137
0.1836717128753662
0.186539888381958
0.19022679328918457
0.18609309196472168
0.19234323501586914
0.16833066940307617
0.19016361236572266
0.18973541259765625
0.18693804740905762
0.1784372329711914
0.1800553798675537
0.19879889488220215
0.19104218482971191
0.18781185150146484
0.18258380889892578
0.18080854415893555
0.18101906776428223
0.1829979419708252
0.21498632431030273
0.19116520881652832
0.18817973136901855
0.18187856674194336
0.18788814544677734
0.18511247634887695
0.1928861141204834
0.18040895462036133
0.18929433822631836
0.1931779384613037
0.16916441917419434
0.1883077621459961
0.18735122680664062
0.18828654289245605
0.18630409240722656
0.1939685344696045
0.1880016326904297
0.18899893760681152
0.17630267143249512
0.20984935760498047
0.3113236427307129
0.20871567726135254
0.18718361854553223
0.2061612606048584
0.177168607711792
0.19051551818847656
0.7775793075561523
0.21123433113098145
0.18721747398376465
0.18750476837158203
0.18459224700927734
0.19259977340698242
0.18857932090759277
0.18916058540344238
1.2233202457427979
0.20331120491027832
0.18030524253845215
0.2008056640625
0.18983793258666992
0.17545151710510254
0.19472575187683105
0.18787050247192383
0.1859745979309082
0.18400049209594727
0.21297788619995117
0.21297287940979004
0.20563077926635742
0.18416309356689453
0.18711495399475098
0.20581769943237305
0.18754863739013672
0.1896073818206787
0.19775891304016113
0.17519426345825195
0.18501639366149902
0.19503164291381836
0.18900203704833984
0.18698501586914062
0.20351934432983398
0.17855000495910645
0.18980669975280762
0.18731021881103516
0.18755006790161133
0.17994356155395508
0.18791532516479492
0.18640708923339844
0.17722153663635254
0.20706748962402344
0.19722986221313477
0.18121576309204102
0.17722606658935547
0.19075751304626465
0.18606090545654297
0.1900639533996582
0.18622875213623047
0.18691396713256836
0.20182585716247559
0.1946725845336914
0.17373108863830566
0.2104966640472412
0.2077186107635498
0.20671367645263672
0.19519257545471191
0.17963910102844238
0.20665502548217773
0.19261407852172852
0.18018484115600586
0.18746471405029297
0.18601155281066895
0.17860698699951172
0.17360138893127441
0.20380687713623047
0.18423891067504883
1.21199369430542
0.18754172325134277
0.1884760856628418
0.17799711227416992
0.18999481201171875
0.22161030769348145
0.1929619312286377
0.18660593032836914
0.17365479469299316
0.18565964698791504
0.16795635223388672
0.18858027458190918
0.18714094161987305
0.21898531913757324
0.1770493984222412
0.18931937217712402
0.17616653442382812
0.23046469688415527
0.19254088401794434
0.18081974983215332
0.18992924690246582
0.2010633945465088
0.18887543678283691
0.1898815631866455
0.19152164459228516
0.17725586891174316
0.1734628677368164
0.17470264434814453
0.1892077922821045
0.19521093368530273
0.1883077621459961
0.18827033042907715
0.18821310997009277
0.20299768447875977
0.18968772888183594
0.18567276000976562
0.18259406089782715
0.18907570838928223
0.21080780029296875
0.18909478187561035
0.19315028190612793
0.19715046882629395
0.19063544273376465
0.18303680419921875
0.2036125659942627
0.1918785572052002
0.18888044357299805
0.19884943962097168
0.19542980194091797
0.2425858974456787
0.22159194946289062
0.18514633178710938
0.19116497039794922
0.1900959014892578
0.1856241226196289
0.19812965393066406
0.17395901679992676
0.18599152565002441
0.17601919174194336
0.18512797355651855
0.18006420135498047
0.18399882316589355
0.18200254440307617
0.1930086612701416
0.2099921703338623
0.19044137001037598
0.1779780387878418
0.18067097663879395
0.18477368354797363
0.18579649925231934
0.18480849266052246
0.18982601165771484
0.18665385246276855
0.1814103126525879
0.18801665306091309
0.18837738037109375
0.17843961715698242
0.18554067611694336
0.1864464282989502
0.19783878326416016
0.21191072463989258
0.18317627906799316
0.18396663665771484
0.17948198318481445
0.1866626739501953
0.18721723556518555
0.1759943962097168
0.18699359893798828
0.2090010643005371
0.18598413467407227
0.19502544403076172
0.20899271965026855
0.18703460693359375
0.18999648094177246
0.1889944076538086
0.18732023239135742
0.18801522254943848
0.1856241226196289
0.19067740440368652
0.18139982223510742
0.19180560111999512
0.19776391983032227
0.2016761302947998
0.17708992958068848
0.17532730102539062
0.19107985496520996
0.1799328327178955
0.1779940128326416
0.1885509490966797
0.18945741653442383
0.1895921230316162
0.18085646629333496
0.17406940460205078
0.18785619735717773
0.1908557415008545
0.20532464981079102
0.19330525398254395
0.20032119750976562
0.18782353401184082
0.18702435493469238
0.193037748336792
0.18495416641235352
0.18963098526000977
0.19957780838012695
0.19048404693603516
0.19149017333984375
0.20653557777404785
0.18852734565734863
0.19369292259216309
0.18995285034179688
0.18912577629089355
0.20909738540649414
0.17298388481140137
0.18706965446472168
0.17547369003295898
0.18446040153503418
0.1814556121826172
0.17942023277282715
0.20460796356201172
0.19013619422912598
0.18735504150390625
0.19179391860961914
0.17705130577087402
0.18699002265930176
0.21695327758789062
0.17699790000915527
0.16499924659729004
0.21201205253601074
0.19118046760559082
0.18275928497314453
0.17820119857788086
0.18793439865112305
0.1882631778717041
0.18396949768066406
0.18499302864074707
0.18552088737487793
0.18833303451538086
0.18465185165405273
0.18966221809387207
0.17867350578308105
0.19426608085632324
0.18185114860534668
0.18463373184204102
0.19362306594848633
0.175581693649292
0.18619298934936523
0.18372249603271484
0.18952178955078125
0.18636679649353027
0.20868134498596191
0.1896193027496338
0.17688345909118652
0.18788719177246094
0.17795848846435547
0.17610597610473633
0.18512749671936035
0.18821215629577637
0.1864020824432373
0.19155073165893555
0.18798375129699707
0.17789220809936523
0.17787599563598633
0.17664194107055664
0.18968844413757324
0.17371845245361328
0.18198490142822266
0.1826930046081543
0.18300437927246094
0.18100500106811523
0.17299604415893555
0.20597290992736816
0.18776822090148926
0.23464465141296387
0.24413681030273438
0.19475674629211426
0.19928288459777832
0.1895289421081543
0.19452476501464844
0.19665026664733887
0.17855048179626465
0.18659329414367676
0.18624663352966309
0.18514800071716309
0.1751396656036377
0.1940310001373291
0.18800139427185059
0.19201064109802246
0.18875551223754883
0.17803359031677246
0.1790177822113037
0.2220299243927002
0.1780228614807129
0.20967793464660645
0.18971896171569824
0.18110203742980957
0.18667006492614746
0.1809847354888916
0.18600153923034668
0.17764711380004883
0.1840064525604248
0.1940174102783203
0.18847179412841797
0.21247458457946777
0.17770719528198242
0.18610024452209473
0.18639469146728516
0.18930268287658691
0.18598556518554688
0.1900019645690918
0.19501781463623047
0.20699715614318848
0.19099092483520508
0.18901968002319336
0.18900680541992188
0.17729592323303223
0.18353772163391113
0.19027948379516602
0.18727684020996094
0.18734979629516602
0.19924569129943848
0.17937016487121582
0.19610118865966797
0.1874527931213379
0.18613743782043457
0.21972346305847168
0.20370769500732422
0.20470166206359863
0.19570565223693848
0.1864314079284668
0.20493316650390625
0.2027130126953125
0.19422507286071777
0.1982264518737793
0.18819451332092285
0.18711209297180176
0.23639321327209473
0.1972508430480957
0.20428013801574707
0.2070927619934082
0.23310232162475586
0.18907856941223145
0.17359399795532227
0.18359780311584473
0.18647193908691406
0.1948692798614502
0.17841053009033203
0.19042682647705078
0.1776866912841797
0.18762755393981934
0.2108445167541504
0.20993733406066895
0.20761990547180176
0.19101166725158691
0.2309892177581787
0.20119023323059082
0.20018863677978516
0.1991899013519287
0.206190824508667
0.21176648139953613
0.18974065780639648
0.19336175918579102
0.18932437896728516
0.18862485885620117
0.19104599952697754
0.18397879600524902
0.1897125244140625
0.201796293258667
0.18879103660583496
0.21310853958129883
0.1853177547454834
0.19097042083740234
0.18597745895385742
0.18997907638549805
0.17681145668029785
0.18648219108581543
0.19361424446105957
0.18758654594421387
0.18660831451416016
0.18018198013305664
0.18648362159729004
0.34609532356262207
0.31513142585754395
0.3501474857330322
0.30313587188720703
0.2431023120880127
0.30811381340026855
0.2450549602508545
0.34219813346862793
0.18806910514831543
0.20811891555786133
0.1883687973022461
0.20049786567687988
0.18749403953552246
0.20081591606140137
0.17281103134155273
0.18876099586486816
0.18615961074829102
0.186417818069458
0.1844949722290039
0.1935274600982666
0.18832969665527344
0.2451930046081543
0.21123147010803223
0.3399925231933594
0.19453740119934082
0.18147492408752441
0.18849968910217285
0.18650007247924805
0.1875009536743164
0.1750175952911377
0.1900038719177246
0.18196320533752441
0.18500399589538574
0.1889655590057373
0.18703866004943848
0.1849043369293213
0.19488906860351562
0.18454241752624512
0.18656468391418457
0.19156122207641602
0.18332767486572266
0.20946764945983887
0.19084835052490234
0.17128443717956543
0.23499155044555664
0.20094799995422363
0.19124627113342285
0.24927973747253418
0.17728519439697266
0.1932835578918457
0.18706965446472168
0.2134857177734375
0.1874227523803711
0.18143534660339355
0.18469858169555664
0.18762516975402832
0.20659732818603516
0.1745617389678955
0.19141936302185059
0.18744564056396484
0.19300365447998047
0.19001007080078125
0.18447327613830566
0.18737554550170898
0.18599271774291992
0.19407272338867188
0.18848395347595215
0.18859601020812988
0.21365737915039062
0.18726038932800293
0.19603490829467773
0.1851496696472168
0.17457890510559082
0.19256162643432617
0.2098090648651123
0.18868374824523926
0.17467331886291504
0.1886281967163086
0.1875917911529541
0.16869688034057617
0.18068909645080566
0.18253421783447266
0.18062186241149902
0.17213988304138184
0.19140386581420898
0.18097853660583496
0.2088911533355713
0.19622564315795898
3.21181321144104
0.20422005653381348
0.208221435546875
0.21822714805603027
0.20804643630981445
0.18305706977844238
0.18784832954406738
0.2104792594909668
0.21553301811218262
0.1975250244140625
0.19582915306091309
0.18877100944519043
0.18014788627624512
0.1877889633178711
0.18651509284973145
0.1902022361755371
0.18774628639221191
0.17563796043395996
0.18844175338745117
0.1733999252319336
0.19837307929992676
0.19095802307128906
0.18861103057861328
0.1898801326751709
0.18964099884033203
0.2106645107269287
0.2188115119934082
0.22368860244750977
0.18063044548034668
0.18323397636413574
0.17522954940795898
0.2102034091949463
0.1888256072998047
0.18610596656799316
0.17496657371520996
0.181504487991333
0.18866920471191406
0.18892192840576172
0.18857121467590332
0.17902708053588867
0.18999910354614258
0.2108168601989746
0.17215371131896973
0.21239686012268066
0.1864616870880127
0.19849348068237305
0.1765141487121582
0.18493032455444336
0.1786794662475586
0.18067622184753418
0.17830538749694824
0.18898487091064453
0.1808774471282959
0.21487736701965332
0.19476556777954102
0.2180485725402832
0.20123720169067383
0.18372654914855957
0.17609953880310059
0.1713719367980957
0.18727588653564453
0.1873185634613037
0.19336533546447754
0.19416427612304688
0.19024276733398438
0.18308234214782715
0.193939208984375
0.19292020797729492
0.18948888778686523
0.18213558197021484
0.18419861793518066
0.18287920951843262
0.18614554405212402
0.21787309646606445
0.18087029457092285
0.18820643424987793
0.18665146827697754
0.1760697364807129
0.19652032852172852
0.18515229225158691
0.18999218940734863
0.18493151664733887
0.18001723289489746
0.21399259567260742
0.1809980869293213
0.18296599388122559
0.1916038990020752
0.1786034107208252
0.18821310997009277
0.19525647163391113
0.18792963027954102
0.1678926944732666
0.1825709342956543
0.1826927661895752
0.18797588348388672
0.18802881240844727
0.20701384544372559
0.1911628246307373
0.20080280303955078
0.20215630531311035
0.1979978084564209
0.20622682571411133
0.19721007347106934
0.20368289947509766
0.178680419921875
0.18790268898010254
0.18817615509033203
0.1939694881439209
0.18900251388549805
0.1750016212463379
0.19297337532043457
0.16697359085083008
0.18997669219970703
0.19296598434448242
0.19602727890014648
0.1900007724761963
0.18613290786743164
0.2134866714477539
0.21870017051696777
0.20670604705810547
0.19969606399536133
0.2156970500946045
0.2066974639892578
0.1873946189880371
0.17405128479003906
0.19388031959533691
0.1923830509185791
0.21207284927368164
0.19257497787475586
0.18851947784423828
0.18639659881591797
0.17473816871643066
0.23558902740478516
0.20861554145812988
0.2546043395996094
0.20561790466308594
0.18812203407287598
0.17171430587768555
0.18768596649169922
0.19270920753479004
0.19179844856262207
0.18061351776123047
0.18668413162231445
0.18144583702087402
0.18801522254943848
0.18829655647277832
0.19298195838928223
0.18805599212646484
0.17969298362731934
0.22316932678222656
0.1932511329650879
0.19556450843811035
0.21421599388122559
0.20189666748046875
0.1774461269378662
0.1802079677581787
0.21421217918395996
0.18392705917358398
0.1909499168395996
0.1901853084564209
0.18106651306152344
0.18109917640686035
0.2060084342956543
0.18602800369262695
0.1901264190673828
0.19691061973571777
0.19441485404968262
0.1925678253173828
0.18078899383544922
0.21259236335754395
0.1869204044342041
0.19824957847595215
0.1910386085510254
0.20231342315673828
0.18657183647155762
0.19006776809692383
0.17702794075012207
0.17602801322937012
0.18899989128112793
0.18519306182861328
0.2444474697113037
0.22872424125671387
0.19412446022033691
0.20055389404296875
0.18392133712768555
0.19447660446166992
0.19648337364196777
0.18147563934326172
0.17090463638305664
0.17905807495117188
0.21294260025024414
0.16931748390197754
0.19613289833068848
0.1948227882385254
0.22199368476867676
0.21204066276550293
0.19682836532592773
0.18940258026123047
0.5895061492919922
0.19182419776916504
0.18782663345336914
0.1850428581237793
0.19394564628601074
0.1729869842529297
0.1940004825592041
0.17897891998291016
0.18500208854675293
0.1880030632019043
0.17800402641296387
0.19233322143554688
0.19594311714172363
0.18446111679077148
0.19536948204040527
0.22003459930419922
0.18625378608703613
0.19725465774536133
0.18822813034057617
0.17287421226501465
0.21085715293884277
0.17845416069030762
0.1741635799407959
0.1860802173614502
0.18601131439208984
0.23726630210876465
0.1882624626159668
0.1986396312713623
0.17974853515625
0.1888890266418457
0.17750287055969238
0.18650269508361816
0.1880664825439453
0.1850728988647461
0.19096708297729492
0.18799901008605957
0.19100689888000488
0.18399786949157715
0.21529650688171387
0.19961118698120117
0.18631291389465332
0.18770575523376465
0.18844985961914062
0.18243122100830078
0.1730818748474121
0.18201613426208496
0.1783292293548584
0.1903095245361328
0.19431447982788086
0.18242263793945312
0.18936657905578613
0.1894998550415039
0.18408918380737305
0.17777466773986816
0.18840312957763672
0.19414496421813965
0.19297552108764648
0.1911485195159912
0.19313621520996094
0.22217726707458496
0.1861879825592041
0.2107679843902588
0.2059009075164795
0.21642613410949707
0.1978597640991211
0.18998193740844727
0.18909811973571777
0.18210291862487793
0.18459415435791016
0.18453764915466309
0.18905091285705566
0.22404074668884277
0.2656831741333008
0.20172476768493652
0.1782240867614746
0.19021844863891602
0.18774151802062988
0.1814126968383789
0.18947362899780273
0.17377495765686035
0.18492889404296875
0.17644453048706055
0.22370481491088867
0.18936824798583984
0.1882767677307129
0.2143237590789795
0.1962902545928955
0.18522286415100098
0.18909907341003418
0.20473241806030273
0.19995641708374023
0.19637393951416016
0.19066405296325684
0.1897120475769043
0.19275712966918945
0.18612194061279297
0.18489289283752441
0.2078237533569336
0.18284010887145996
0.19540786743164062
0.19414329528808594
0.18988347053527832
0.1830461025238037
0.1827678680419922
0.19227290153503418
0.18800115585327148
0.18777799606323242
0.18887805938720703
0.17683744430541992
0.18778109550476074
0.1879284381866455
0.1813509464263916
0.18115711212158203
0.18616080284118652
0.16907191276550293
0.1930065155029297
0.1829991340637207
0.19100713729858398
0.19417238235473633
0.19830322265625
0.19137883186340332
0.16959834098815918
0.1874997615814209
0.1820528507232666
0.18944931030273438
0.18506145477294922
0.19075441360473633
0.22404122352600098
0.23576831817626953
0.18927669525146484
0.18820786476135254
0.19099855422973633
0.1890256404876709
0.19100403785705566
0.18694424629211426
0.21211028099060059
0.188093900680542
0.1889345645904541
0.189605712890625
0.18800663948059082
0.1886758804321289
0.18845653533935547
0.17834854125976562
0.1878960132598877
0.18549346923828125
0.1896347999572754
0.17788052558898926
0.21105575561523438
0.19420814514160156
0.1932506561279297
0.19232916831970215
0.2590608596801758
0.19857311248779297
0.22881793975830078
0.17800474166870117
0.2232522964477539
0.1878345012664795
0.1854078769683838
0.19464325904846191
0.1733405590057373
0.18723559379577637
0.18999671936035156
0.1879138946533203
0.17445826530456543
0.1899094581604004
0.19013452529907227
0.18962454795837402
0.21925139427185059
0.18480157852172852
0.18560099601745605
0.18723344802856445
0.20134854316711426
0.19311904907226562
0.19679975509643555
0.1726677417755127
0.18869495391845703
0.18932104110717773
0.18970990180969238
0.1885676383972168
0.17737793922424316
0.19131994247436523
0.20923948287963867
0.1805877685546875
0.20628643035888672
0.185286283493042
0.18604469299316406
0.19125008583068848
0.18950653076171875
0.18768715858459473
0.18080973625183105
0.1927173137664795
0.1980454921722412
0.18811273574829102
0.18200159072875977
0.18796563148498535
0.1889638900756836
0.18699860572814941
0.20783495903015137
0.18846535682678223
0.18941974639892578
0.18825411796569824
0.18761801719665527
0.19057607650756836
0.20105934143066406
0.18948721885681152
0.184922456741333
0.3122851848602295
0.1898036003112793
0.18581128120422363
0.18668270111083984
0.18846678733825684
0.17963671684265137
0.20848894119262695
0.19106340408325195
0.17111730575561523
0.18709826469421387
0.18953704833984375
0.18666887283325195
0.1953718662261963
0.18752098083496094
0.1893148422241211
0.1874239444732666
0.19284796714782715
0.2010023593902588
0.20769262313842773
0.18948030471801758
0.18642544746398926
0.19232702255249023
0.1878342628479004
0.3917691707611084
0.20719051361083984
