0.18909931182861328
0.19426822662353516
0.22042465209960938
0.19315242767333984
0.1881122589111328
0.18575024604797363
0.1909034252166748
0.18878674507141113
0.18861627578735352
0.20072340965270996
0.19125747680664062
0.1916804313659668
0.188462495803833
0.20281505584716797
0.1932685375213623
0.1979987621307373
0.19098401069641113
0.1971445083618164
0.1849374771118164
0.18622851371765137
0.18534493446350098
0.17922329902648926
0.19462251663208008
0.1825258731842041
0.18770790100097656
0.1863553524017334
0.17775368690490723
0.19470953941345215
0.18149065971374512
0.1819896697998047
0.18963384628295898
0.18769216537475586
0.23241519927978516
0.18581771850585938
0.18885302543640137
0.20571327209472656
0.18886041641235352
0.19239139556884766
0.1794588565826416
0.18983221054077148
0.18737077713012695
0.18771982192993164
0.18791580200195312
0.19023466110229492
0.19179606437683105
0.18803977966308594
0.19142556190490723
0.19841647148132324
0.1839427947998047
0.18453145027160645
0.19153523445129395
0.19658541679382324
0.19153571128845215
0.1942121982574463
0.19175219535827637
0.2258472442626953
0.19530987739562988
0.20769214630126953
0.18988466262817383
0.17731237411499023
0.1786184310913086
0.1826491355895996
0.18100214004516602
0.18996810913085938
0.2047719955444336
0.18851828575134277
0.18671250343322754
0.18952131271362305
0.1858997344970703
0.18924951553344727
0.18702054023742676
0.1899738311767578
0.21679234504699707
0.18802404403686523
0.18941664695739746
0.19632840156555176
0.18687796592712402
0.1882777214050293
0.2078402042388916
0.18920230865478516
0.2025318145751953
0.1855306625366211
0.18459558486938477
0.2066516876220703
0.22292399406433105
0.1903703212738037
0.19753098487854004
0.19255709648132324
0.19033002853393555
0.1887834072113037
0.19248223304748535
0.18691158294677734
0.18475556373596191
0.1790308952331543
0.18997693061828613
0.17869973182678223
0.17969012260437012
0.1881265640258789
0.18687057495117188
0.18735194206237793
0.1909630298614502
0.18626761436462402
0.19000720977783203
0.19923973083496094
0.19990062713623047
0.18915367126464844
0.18924236297607422
0.18620967864990234
0.28729820251464844
0.20564866065979004
0.19829201698303223
0.18598341941833496
0.19021391868591309
0.19148802757263184
0.1897258758544922
0.18799066543579102
0.19175934791564941
0.2173616886138916
0.18845081329345703
0.19305920600891113
0.20097661018371582
0.1959545612335205
0.18648004531860352
0.19086170196533203
0.19309258460998535
0.19063758850097656
0.18677258491516113
0.1857287883758545
0.19757699966430664
0.19197940826416016
0.20859742164611816
0.2234504222869873
0.19879722595214844
0.20882439613342285
0.21012187004089355
0.19108819961547852
0.20660877227783203
0.1928706169128418
0.1871182918548584
0.1856694221496582
0.1891651153564453
0.18787646293640137
0.19245123863220215
0.22238659858703613
0.19641900062561035
0.18224263191223145
0.1982889175415039
0.18738698959350586
0.18808317184448242
0.19552993774414062
0.18584632873535156
0.19178986549377441
0.16806602478027344
0.1916794776916504
0.18300652503967285
0.2139737606048584
0.17900753021240234
0.19990134239196777
0.1941535472869873
0.19243907928466797
0.2242116928100586
0.1946249008178711
0.18826866149902344
0.18750882148742676
0.18808364868164062
0.22902464866638184
0.1809687614440918
0.2269742488861084
0.2090919017791748
0.18706846237182617
0.18813800811767578
0.18712544441223145
0.1908094882965088
0.23224925994873047
0.19328594207763672
0.350954532623291
0.2791268825531006
0.19648480415344238
0.1984107494354248
0.1907942295074463
0.17932844161987305
0.18471050262451172
0.1875755786895752
0.18961405754089355
0.21137213706970215
0.19069433212280273
0.2092890739440918
0.2074887752532959
0.18784427642822266
0.18503308296203613
0.18622255325317383
0.18549513816833496
0.17801690101623535
0.214552640914917
0.2106492519378662
0.21079611778259277
0.188828706741333
0.20981383323669434
0.1954352855682373
0.2273705005645752
0.19015932083129883
0.18722844123840332
0.19200515747070312
0.19878768920898438
0.20779156684875488
0.1893608570098877
0.1865832805633545
0.21143388748168945
0.19127702713012695
0.23481035232543945
0.20178866386413574
0.1849677562713623
0.20700335502624512
0.1862635612487793
0.1886885166168213
0.18322968482971191
0.17633438110351562
0.18543004989624023
0.18329215049743652
0.18647360801696777
0.20946097373962402
0.18299174308776855
0.1889972686767578
0.1849963665008545
0.21100425720214844
0.1858360767364502
0.18839406967163086
0.18876290321350098
0.18643879890441895
0.18981504440307617
0.23623991012573242
0.19218015670776367
0.1879122257232666
0.19755244255065918
0.1876544952392578
0.17777752876281738
0.19555330276489258
0.1944713592529297
0.18525266647338867
0.18953418731689453
0.18698883056640625
0.18883252143859863
0.20655035972595215
0.21125125885009766
0.19598746299743652
0.19831323623657227
0.1874067783355713
0.18710803985595703
0.18706107139587402
0.20775723457336426
0.21277284622192383
0.19450664520263672
0.18789339065551758
0.19313764572143555
0.17725658416748047
0.18201303482055664
0.19005846977233887
0.1877307891845703
0.2136695384979248
0.25203418731689453
0.20479106903076172
0.18699288368225098
0.188307523727417
0.18572497367858887
0.1885685920715332
0.18811511993408203
0.2039651870727539
0.20900988578796387
0.1927347183227539
0.1880178451538086
0.1904592514038086
0.19914674758911133
0.22445106506347656
0.19065165519714355
0.1893460750579834
0.20279693603515625
0.19196629524230957
0.19774222373962402
0.18889164924621582
0.1793510913848877
0.21132206916809082
0.19142460823059082
0.18803071975708008
0.21614551544189453
0.1959216594696045
0.19053053855895996
0.2339038848876953
0.1876661777496338
0.1870131492614746
0.1895732879638672
0.18844175338745117
0.17793869972229004
0.19077467918395996
0.19118618965148926
0.18772459030151367
0.18984532356262207
0.19086098670959473
0.21161460876464844
0.1910555362701416
0.17951273918151855
0.19504165649414062
0.18756937980651855
0.19455504417419434
0.18153643608093262
0.18872594833374023
0.18700170516967773
0.1895279884338379
0.17334222793579102
0.18762898445129395
0.20003652572631836
0.19449853897094727
0.19949984550476074
0.2041177749633789
0.179002046585083
0.1889636516571045
0.18926429748535156
0.18767690658569336
0.18381834030151367
0.18668389320373535
0.18563556671142578
0.21199440956115723
0.18935894966125488
0.19144463539123535
0.19138503074645996
0.18874311447143555
0.18666505813598633
0.18566536903381348
0.19154000282287598
0.18596625328063965
0.18855881690979004
0.19452285766601562
0.19312167167663574
0.1938791275024414
0.18880629539489746
0.1872694492340088
0.18871474266052246
0.20746135711669922
0.18694210052490234
0.1883533000946045
0.22501802444458008
0.17958807945251465
0.19151091575622559
0.20524215698242188
0.2288954257965088
0.20606279373168945
0.19085693359375
0.19891977310180664
0.18821048736572266
0.1940007209777832
0.22365689277648926
0.21065759658813477
0.18669652938842773
0.18784236907958984
0.18777966499328613
0.18690896034240723
0.18531465530395508
0.19065594673156738
0.18806028366088867
0.18699312210083008
0.1750035285949707
0.1883866786956787
0.182875394821167
0.17453479766845703
0.18642377853393555
0.2026078701019287
0.18325185775756836
0.1896214485168457
0.18261265754699707
0.18790650367736816
0.19638752937316895
0.19175195693969727
0.18680548667907715
0.1967456340789795
0.187058687210083
0.18922066688537598
0.17621827125549316
0.18642950057983398
0.1893911361694336
0.1967461109161377
0.19558167457580566
0.17749500274658203
0.2019965648651123
0.18099498748779297
0.18952131271362305
0.18393445014953613
0.19176149368286133
0.1874101161956787
0.21537375450134277
0.18033885955810547
0.19234347343444824
0.19799542427062988
0.1909780502319336
0.18599987030029297
0.18764662742614746
0.18577051162719727
0.16928887367248535
0.19031929969787598
0.20809531211853027
0.18622660636901855
0.19066691398620605
0.1906907558441162
0.18909955024719238
0.20147943496704102
0.18955755233764648
0.18232035636901855
0.1889028549194336
0.18936491012573242
0.17947840690612793
0.19022583961486816
0.1968095302581787
0.18746113777160645
0.18262839317321777
0.1913611888885498
0.18645405769348145
0.1919269561767578
0.18326306343078613
0.20870518684387207
0.21172237396240234
0.18773937225341797
0.21051287651062012
0.18772459030151367
0.192551851272583
0.18607401847839355
0.1893477439880371
0.18758273124694824
0.18505287170410156
0.1910111904144287
0.1886134147644043
0.18838906288146973
0.19634366035461426
0.18897366523742676
0.19988059997558594
0.18717598915100098
0.19170188903808594
0.33252596855163574
0.3374655246734619
0.3855264186859131
0.25873684883117676
0.19122719764709473
0.19475364685058594
0.2609841823577881
0.19475364685058594
0.19353199005126953
0.22752952575683594
0.23055148124694824
0.18723654747009277
0.21190190315246582
0.1883080005645752
0.19093728065490723
0.18396544456481934
0.19042491912841797
0.1812138557434082
0.19840741157531738
0.1942272186279297
0.19037342071533203
0.19076323509216309
0.17943239212036133
0.21605610847473145
0.19198036193847656
0.20111918449401855
0.18583941459655762
0.18718361854553223
0.1878352165222168
0.19018220901489258
0.18021273612976074
0.1885838508605957
0.18294906616210938
0.18291044235229492
0.186661958694458
0.21413564682006836
0.19239306449890137
0.19260096549987793
0.19015002250671387
0.18840360641479492
0.18967819213867188
0.20092988014221191
0.20329570770263672
0.18845653533935547
0.19905662536621094
0.1800549030303955
0.19465327262878418
0.3384978771209717
0.189223051071167
0.1846005916595459
0.18648195266723633
0.22674918174743652
0.2099933624267578
0.17824316024780273
0.22356057167053223
0.1904752254486084
0.1872706413269043
0.1902480125427246
0.20824027061462402
0.18911170959472656
0.20814204216003418
0.23914837837219238
0.19716572761535645
3.197674036026001
0.18294548988342285
0.18886613845825195
0.1806962490081787
0.19258904457092285
0.1861560344696045
0.1866765022277832
0.18848228454589844
0.1889941692352295
0.19222640991210938
0.1844780445098877
0.18891048431396484
0.20069003105163574
0.18490076065063477
0.18823933601379395
0.177842378616333
0.1944742202758789
0.1856672763824463
0.19082379341125488
0.1868760585784912
0.18726801872253418
0.19042491912841797
0.18685221672058105
0.19101476669311523
0.18958401679992676
0.18248271942138672
0.18118596076965332
0.18656015396118164
0.19397377967834473
0.18813157081604004
0.18397736549377441
0.18654084205627441
0.1877138614654541
0.1927509307861328
0.18812203407287598
0.1888570785522461
0.18840837478637695
0.17368197441101074
0.18686461448669434
0.18613862991333008
0.19057202339172363
0.18842840194702148
0.190324068069458
0.1878821849822998
0.186079740524292
0.19864583015441895
0.2389068603515625
0.20292305946350098
0.19631195068359375
0.18537497520446777
0.187957763671875
0.18882179260253906
0.18803167343139648
0.21486806869506836
0.17519879341125488
0.18981337547302246
0.19008088111877441
0.19073271751403809
0.18614935874938965
0.1841416358947754
0.18749094009399414
0.20706725120544434
0.18194794654846191
0.1870558261871338
0.21099090576171875
0.1880204677581787
0.18716979026794434
0.19147872924804688
0.1886439323425293
0.20946407318115234
0.19001984596252441
0.1940462589263916
0.1891956329345703
0.18763279914855957
0.1862015724182129
0.1905961036682129
0.19115519523620605
0.19460749626159668
0.1747908592224121
0.18067431449890137
0.1970689296722412
0.19022297859191895
0.17342495918273926
0.17642712593078613
0.1917283535003662
0.19324803352355957
0.18901467323303223
0.1914198398590088
0.1884021759033203
0.17750954627990723
0.19052362442016602
0.19382405281066895
0.19151687622070312
0.19205570220947266
0.18599295616149902
0.1928560733795166
0.18925046920776367
0.18816518783569336
0.20678973197937012
0.20615029335021973
0.19203972816467285
0.21076321601867676
0.20392656326293945
0.1879134178161621
0.18971824645996094
0.190781831741333
0.19134855270385742
0.20246243476867676
0.18501019477844238
0.18801593780517578
0.19280695915222168
0.17390966415405273
0.19112801551818848
0.18680620193481445
0.19599127769470215
0.18798041343688965
0.19022917747497559
0.2029860019683838
0.18476200103759766
0.1879744529724121
0.1879737377166748
0.19000840187072754
0.20918726921081543
0.1859138011932373
0.18923473358154297
0.18723559379577637
0.19067096710205078
0.1884772777557373
0.1813952922821045
0.17794084548950195
0.18949556350708008
0.20786070823669434
0.19094038009643555
0.1882624626159668
0.19928240776062012
0.18706297874450684
0.18564152717590332
0.1997067928314209
0.18975114822387695
0.21074414253234863
0.18582463264465332
0.18680691719055176
0.1943962574005127
0.18680167198181152
0.1989743709564209
0.187821626663208
0.2001361846923828
0.23315191268920898
0.18903493881225586
0.18370866775512695
0.182342529296875
0.19189929962158203
0.21422576904296875
0.18819499015808105
0.19015812873840332
0.19901823997497559
0.2044849395751953
0.19846510887145996
0.19928646087646484
0.1910245418548584
0.1861577033996582
0.185380220413208
0.1815040111541748
0.18463778495788574
0.20888471603393555
0.22621488571166992
0.19125056266784668
0.27140355110168457
0.19038796424865723
0.18700098991394043
0.1889946460723877
0.19016146659851074
0.1860215663909912
0.1888277530670166
0.1858513355255127
0.1897144317626953
0.18892383575439453
0.2268075942993164
0.18931961059570312
0.19443941116333008
0.22692489624023438
0.19632291793823242
0.22287631034851074
0.20353031158447266
0.1917414665222168
0.18924403190612793
0.20620322227478027
0.18441557884216309
0.19123077392578125
0.18975496292114258
0.18911099433898926
0.1885688304901123
0.22675824165344238
0.1880333423614502
0.2100236415863037
0.18877077102661133
0.17555856704711914
0.1855762004852295
0.18668508529663086
0.18940281867980957
0.183457612991333
0.22447562217712402
0.2210068702697754
0.2062680721282959
0.21121644973754883
0.18584084510803223
0.19126248359680176
0.26114463806152344
0.17877793312072754
0.1885828971862793
0.19082331657409668
0.1957106590270996
0.18799090385437012
0.18996977806091309
0.18592572212219238
0.189530611038208
0.17849016189575195
0.18529415130615234
0.2050020694732666
0.1840190887451172
0.1890883445739746
0.20247364044189453
0.18640470504760742
0.18518400192260742
0.18825769424438477
0.18617606163024902
0.19987082481384277
0.18907523155212402
0.18993568420410156
0.18254828453063965
0.18801474571228027
0.18599843978881836
0.1879286766052246
0.18730521202087402
0.18975543975830078
0.1897900104522705
0.19875097274780273
0.1997394561767578
0.18803644180297852
0.19202256202697754
0.18859052658081055
0.18058085441589355
0.21068096160888672
0.18847274780273438
0.2075214385986328
0.18666481971740723
0.18813109397888184
0.19271087646484375
0.1847078800201416
0.19166994094848633
0.20865345001220703
0.18804717063903809
0.18668913841247559
0.18401288986206055
0.1898655891418457
0.18181467056274414
0.18657755851745605
0.22156262397766113
0.202528715133667
0.1883378028869629
0.19668006896972656
0.18902325630187988
0.19311833381652832
0.19327569007873535
0.19243788719177246
0.18377351760864258
0.18839168548583984
0.18741917610168457
0.22095251083374023
0.21179485321044922
0.18770551681518555
0.18185973167419434
0.18937349319458008
0.18760466575622559
0.18730640411376953
0.20896100997924805
0.18665170669555664
0.18820762634277344
0.19521307945251465
0.19368433952331543
0.18282651901245117
0.18865275382995605
0.1850738525390625
0.18278145790100098
0.20769405364990234
0.20972824096679688
0.1896226406097412
0.3462543487548828
0.3025975227355957
0.24162983894348145
0.1877140998840332
0.18800759315490723
0.18807625770568848
0.17485690116882324
0.19147086143493652
0.19767332077026367
0.19428777694702148
0.18038344383239746
0.23588919639587402
0.20423460006713867
0.19025111198425293
0.18414711952209473
0.18900394439697266
0.19403505325317383
0.18674802780151367
0.19409418106079102
0.1872096061706543
0.19593191146850586
0.18884491920471191
0.17050766944885254
0.1845085620880127
0.2089383602142334
0.17975783348083496
0.18578004837036133
0.18308734893798828
0.1996152400970459
0.22575116157531738
0.18692684173583984
0.18807411193847656
0.18512845039367676
0.18829751014709473
0.20815706253051758
0.19478440284729004
0.1849994659423828
0.18767786026000977
0.18619823455810547
0.18451523780822754
0.18918800354003906
0.18813395500183105
0.18857312202453613
0.18543267250061035
0.20207905769348145
0.17869281768798828
0.18963193893432617
0.18580174446105957
0.20914530754089355
0.23412752151489258
0.2101457118988037
0.1853344440460205
0.2006072998046875
0.21015310287475586
0.1889967918395996
0.18945932388305664
0.18648266792297363
0.19985747337341309
0.19039535522460938
0.1872391700744629
0.19452571868896484
0.17664384841918945
0.20126056671142578
0.19096589088439941
0.1929323673248291
0.18705201148986816
0.1882932186126709
0.1891927719116211
0.18880057334899902
0.1921391487121582
0.19251561164855957
0.19257402420043945
0.18642807006835938
0.18790602684020996
0.187514066696167
0.1893606185913086
0.18005943298339844
0.19196534156799316
0.18900680541992188
0.18424248695373535
0.21089625358581543
0.18792319297790527
0.19005656242370605
0.1740715503692627
0.1809077262878418
0.21712327003479004
0.1895279884338379
0.18949675559997559
0.19015955924987793
0.1911911964416504
0.20955729484558105
0.18555665016174316
0.1852436065673828
0.19071722030639648
0.18640947341918945
0.18859148025512695
0.22842025756835938
0.2070169448852539
0.33533287048339844
0.23804974555969238
0.18799519538879395
0.18786120414733887
0.1903383731842041
0.1919093132019043
0.23995423316955566
0.18643927574157715
0.18622040748596191
0.18721294403076172
0.18816876411437988
0.18594074249267578
0.19298696517944336
0.18999791145324707
0.18837952613830566
0.18921494483947754
0.20978689193725586
0.18758654594421387
0.20551037788391113
0.18557500839233398
0.17920756340026855
0.18895983695983887
0.18407917022705078
0.20343637466430664
0.1895139217376709
0.20623350143432617
0.19725918769836426
0.1851646900177002
0.20698118209838867
0.18909120559692383
0.17038798332214355
0.18843793869018555
0.1908884048461914
0.18495440483093262
0.19101643562316895
0.1996784210205078
0.19720768928527832
0.18713092803955078
0.18658852577209473
0.1873610019683838
0.19337224960327148
0.18961095809936523
0.18729019165039062
0.17420530319213867
0.19208502769470215
0.18762421607971191
0.17457199096679688
0.18821406364440918
0.1863880157470703
0.1880817413330078
0.18500876426696777
0.1870269775390625
0.19556450843811035
0.19091415405273438
0.19726252555847168
0.7030501365661621
0.19429445266723633
0.19000506401062012
0.20203757286071777
0.24199748039245605
0.18973684310913086
0.18482661247253418
0.1927659511566162
0.18851327896118164
0.18800997734069824
0.18443679809570312
0.21743297576904297
0.18831992149353027
0.18770074844360352
0.1859898567199707
0.19099926948547363
0.18729805946350098
0.18973040580749512
0.18975067138671875
0.18851852416992188
0.18960070610046387
0.19556784629821777
0.6111819744110107
0.18735027313232422
0.18819832801818848
0.19191932678222656
0.1772317886352539
0.24087786674499512
0.1934494972229004
0.20339035987854004
0.21315717697143555
0.19597768783569336
0.19007015228271484
0.18562722206115723
0.18932247161865234
0.19010567665100098
0.21579527854919434
0.1932826042175293
0.17280936241149902
0.194779634475708
0.18734264373779297
0.19228434562683105
0.17429566383361816
0.19266295433044434
0.18583035469055176
0.18756389617919922
0.19126462936401367
0.20712637901306152
0.1882309913635254
0.18861126899719238
0.19589519500732422
0.18633151054382324
0.18672513961791992
0.18025779724121094
0.18782544136047363
0.19794845581054688
0.2093217372894287
0.17673277854919434
0.2030961513519287
0.21200180053710938
0.19200348854064941
0.1663048267364502
0.18824219703674316
0.18732619285583496
0.18506884574890137
0.1722722053527832
0.1812913417816162
0.1858987808227539
0.1827385425567627
0.18776464462280273
0.18799448013305664
0.2152419090270996
0.21424198150634766
0.21797895431518555
0.18237566947937012
0.18886876106262207
0.18952250480651855
0.2035074234008789
0.18655753135681152
0.18826866149902344
0.1784656047821045
0.1903090476989746
0.18915939331054688
0.18845725059509277
0.18912363052368164
0.1781787872314453
0.19418025016784668
0.18766450881958008
0.18671655654907227
0.22225642204284668
0.2000441551208496
0.1860058307647705
0.17160367965698242
0.1877124309539795
0.18973684310913086
0.18512344360351562
0.19027376174926758
0.19230985641479492
0.1862938404083252
0.21054291725158691
0.1755661964416504
0.24764156341552734
0.2062675952911377
0.21905159950256348
0.2264869213104248
0.20192456245422363
0.18898558616638184
0.19656014442443848
0.1887531280517578
0.18622779846191406
0.1771235466003418
0.19513750076293945
0.19604849815368652
0.18455958366394043
0.1879889965057373
0.1899886131286621
0.18703532218933105
0.21094989776611328
0.1935889720916748
0.21466517448425293
0.18763422966003418
0.18848323822021484
0.18810510635375977
0.19108819961547852
0.18738555908203125
0.19141197204589844
0.18300342559814453
0.1939985752105713
0.19006824493408203
0.18989348411560059
0.17504644393920898
0.18902111053466797
0.1895885467529297
0.21203231811523438
0.26462841033935547
0.3126399517059326
0.20452165603637695
0.19609427452087402
0.19997310638427734
0.2114245891571045
0.18343234062194824
0.18976950645446777
0.24596333503723145
0.20404362678527832
0.1869504451751709
0.18618130683898926
0.18564128875732422
0.20257353782653809
0.18760371208190918
0.1878345012664795
0.1868739128112793
0.18905138969421387
0.18213105201721191
0.1884465217590332
0.1921546459197998
0.32259368896484375
0.2674117088317871
0.2409193515777588
0.19602155685424805
0.18825006484985352
0.18689203262329102
0.18203234672546387
0.1730358600616455
0.18835043907165527
0.18139243125915527
0.18797826766967773
0.17215442657470703
0.1983346939086914
0.18633508682250977
0.2079920768737793
0.3119328022003174
0.21923398971557617
0.7054951190948486
0.18801450729370117
0.18696093559265137
0.19163799285888672
0.18666458129882812
0.1864335536956787
0.17380094528198242
0.20742440223693848
0.18927359580993652
0.19194412231445312
0.19532418251037598
0.18806672096252441
0.19668364524841309
0.17789816856384277
0.18692517280578613
0.19388628005981445
0.1897878646850586
0.18614768981933594
0.1876688003540039
0.1889643669128418
0.20320343971252441
0.18764376640319824
0.18724989891052246
0.18717479705810547
0.19401001930236816
0.18761038780212402
0.18915081024169922
0.187178373336792
0.1902170181274414
0.19078731536865234
0.1880180835723877
0.18656373023986816
0.19216108322143555
0.18885469436645508
0.1753392219543457
0.18674969673156738
0.18631911277770996
0.19864273071289062
0.18949413299560547
0.18907475471496582
0.19039249420166016
0.209425687789917
0.18831515312194824
0.1891789436340332
0.21030282974243164
0.18293309211730957
0.18836116790771484
0.18675470352172852
0.18823504447937012
0.1917862892150879
0.20027828216552734
0.1998291015625
0.21828794479370117
0.21116161346435547
0.18702030181884766
0.19037747383117676
0.19398069381713867
0.19268083572387695
0.1858823299407959
0.18789076805114746
0.1890254020690918
0.18787217140197754
0.19000554084777832
0.19040560722351074
0.21210193634033203
0.19128012657165527
0.18706774711608887
0.20994234085083008
0.2154221534729004
0.2019941806793213
0.21799325942993164
0.21571683883666992
0.17840957641601562
0.18544816970825195
0.19594883918762207
0.19661378860473633
0.1953141689300537
0.1890559196472168
0.19185829162597656
0.18897628784179688
0.18845653533935547
0.18799614906311035
0.2022414207458496
0.19063782691955566
0.19739603996276855
0.17644190788269043
0.18828153610229492
0.18647432327270508
0.18650293350219727
0.18891024589538574
0.21063446998596191
