0.1950984001159668
0.19054365158081055
0.18793439865112305
0.209977388381958
0.19039368629455566
0.18578004837036133
0.1939864158630371
0.19196033477783203
0.18083667755126953
0.19045519828796387
0.19463610649108887
0.19214320182800293
0.18738484382629395
0.18820762634277344
0.1911625862121582
0.18931794166564941
0.19011354446411133
0.1863079071044922
0.20955586433410645
0.19110417366027832
0.19299840927124023
0.1884317398071289
0.18976926803588867
0.18763136863708496
0.20137739181518555
0.20142054557800293
0.21216964721679688
0.19198846817016602
0.17836618423461914
0.18936610221862793
0.1930077075958252
0.19005656242370605
0.19201254844665527
0.1870570182800293
0.19443464279174805
0.1930994987487793
0.18107271194458008
0.19008564949035645
0.1860666275024414
0.19291114807128906
0.1866164207458496
0.17623019218444824
0.18663740158081055
0.1890413761138916
0.18753409385681152
0.18829679489135742
0.1899416446685791
0.17586445808410645
0.1939706802368164
0.18745827674865723
0.1917555332183838
0.18891072273254395
0.1909341812133789
0.18798255920410156
0.18511390686035156
0.19211912155151367
0.20569324493408203
0.30062341690063477
0.19046640396118164
0.18687868118286133
0.19061684608459473
0.18860340118408203
0.1876838207244873
0.18810176849365234
0.18855953216552734
0.19237065315246582
0.18691611289978027
0.18012261390686035
0.18841290473937988
0.18799901008605957
0.19096946716308594
0.19300222396850586
0.18714070320129395
0.19153332710266113
0.1918323040008545
0.19421720504760742
0.18760943412780762
0.1958317756652832
0.18867039680480957
0.1885082721710205
0.19202971458435059
0.18884730339050293
0.1889955997467041
0.19179105758666992
0.2029104232788086
0.18858957290649414
0.1837615966796875
0.1944589614868164
0.19928312301635742
0.18323183059692383
0.16924715042114258
0.1833972930908203
0.18863582611083984
0.18646907806396484
0.19716191291809082
0.19128155708312988
0.1813492774963379
0.17267465591430664
0.18600821495056152
0.18970823287963867
0.185197114944458
0.18420076370239258
0.19321727752685547
0.19328594207763672
0.17494964599609375
0.18814539909362793
0.1880931854248047
0.1793665885925293
0.19132208824157715
0.1868896484375
0.18666768074035645
0.1768026351928711
0.18439626693725586
0.1864609718322754
0.20354628562927246
0.21202707290649414
0.21091938018798828
0.18702006340026855
0.1862478256225586
0.17554569244384766
0.1844325065612793
0.18942618370056152
0.19001460075378418
0.1864919662475586
0.19110631942749023
0.18377447128295898
0.18662333488464355
0.21569275856018066
0.1866927146911621
0.1920478343963623
0.18754029273986816
0.18692708015441895
0.17345070838928223
0.1782853603363037
0.18767333030700684
0.1967470645904541
0.18793034553527832
0.20600366592407227
0.21602106094360352
0.2109675407409668
0.18608903884887695
0.19413089752197266
0.18509292602539062
0.18970322608947754
0.18842577934265137
0.17866277694702148
0.1860790252685547
0.19812703132629395
0.1860339641571045
0.6450402736663818
0.3273334503173828
0.3362765312194824
0.3479769229888916
0.2380061149597168
0.1914503574371338
0.1868753433227539
0.1887655258178711
0.17699050903320312
0.194915771484375
0.18662142753601074
0.19137787818908691
0.18656229972839355
0.18911981582641602
0.18337655067443848
0.18137502670288086
0.18743109703063965
0.18546152114868164
0.1955411434173584
0.18521404266357422
0.18421316146850586
0.2121589183807373
0.18896174430847168
0.18633460998535156
0.20640778541564941
0.2075481414794922
0.18036150932312012
0.21255278587341309
0.1841588020324707
0.1898822784423828
0.19932103157043457
0.19444894790649414
0.1929466724395752
0.1967153549194336
0.2098093032836914
0.1865530014038086
0.18777704238891602
0.18784451484680176
0.20625782012939453
0.18525052070617676
0.1905803680419922
0.1918778419494629
0.1887977123260498
0.1867508888244629
0.18053746223449707
0.1875011920928955
0.18743562698364258
0.19510221481323242
0.1750035285949707
0.18887686729431152
0.20332980155944824
0.18860268592834473
0.18739056587219238
0.19550061225891113
0.20706391334533691
0.4675724506378174
0.21510601043701172
0.1949300765991211
0.18399310111999512
0.20489978790283203
0.18668484687805176
0.18697857856750488
0.18653512001037598
0.19037795066833496
0.18805861473083496
0.18800115585327148
0.18970322608947754
0.18651247024536133
0.20955753326416016
0.18522238731384277
0.19022727012634277
0.1881411075592041
0.18067431449890137
0.19295287132263184
0.1904149055480957
0.1937716007232666
0.18325257301330566
0.18721365928649902
0.18399667739868164
0.17600584030151367
0.19099855422973633
0.19625616073608398
0.18863201141357422
0.20711183547973633
0.18394899368286133
0.19391942024230957
0.19783782958984375
0.19945812225341797
0.2091681957244873
0.18112969398498535
0.18792033195495605
0.18726515769958496
0.1892688274383545
0.18901586532592773
0.18644070625305176
0.18172097206115723
0.19218087196350098
0.1947953701019287
0.18454408645629883
0.1873784065246582
0.18945670127868652
0.18683648109436035
0.19087505340576172
0.18675684928894043
0.19118142127990723
0.21390938758850098
0.1884021759033203
0.19387459754943848
0.1817028522491455
0.19301605224609375
0.18840432167053223
0.18995189666748047
0.17470455169677734
0.19344687461853027
0.19600367546081543
0.1934823989868164
0.20356369018554688
0.20058774948120117
0.19919967651367188
0.18404269218444824
0.18795514106750488
0.18799805641174316
0.1979219913482666
0.18729138374328613
0.2049882411956787
0.18600153923034668
0.1718299388885498
0.18794608116149902
0.1919867992401123
0.18628907203674316
0.19127464294433594
0.18620920181274414
0.18907380104064941
0.18838143348693848
0.18616628646850586
0.18998003005981445
0.21300411224365234
0.18897008895874023
0.18813085556030273
0.18776774406433105
0.2418208122253418
0.1894829273223877
0.20256328582763672
0.1866908073425293
0.18250346183776855
0.1974489688873291
0.19005155563354492
0.20603299140930176
0.18695735931396484
0.18900537490844727
0.18903326988220215
0.1679825782775879
0.18899869918823242
0.2128915786743164
0.1872084140777588
0.18814444541931152
0.18906641006469727
0.17594408988952637
0.21908783912658691
0.18735694885253906
0.1831517219543457
0.1786634922027588
0.1836709976196289
0.21234560012817383
0.19396257400512695
0.20336365699768066
0.18529105186462402
0.18851113319396973
0.1856670379638672
0.19203448295593262
0.1888899803161621
0.18612456321716309
0.18611359596252441
0.18643736839294434
0.17178916931152344
0.18869972229003906
0.18624591827392578
0.17661523818969727
0.1896202564239502
0.18746638298034668
0.18665289878845215
0.19098281860351562
0.19606351852416992
0.20317482948303223
0.22016406059265137
0.18723320960998535
0.18677330017089844
0.1890552043914795
0.20839500427246094
0.18581724166870117
0.1894845962524414
0.19452619552612305
0.18922019004821777
0.1767423152923584
0.1870577335357666
0.19081950187683105
0.20652055740356445
0.19314956665039062
0.19025921821594238
0.1872718334197998
0.2053968906402588
0.18590807914733887
0.26004767417907715
0.22142815589904785
0.20247173309326172
0.18600058555603027
0.1889634132385254
0.18997836112976074
0.1901390552520752
0.18962860107421875
0.20192670822143555
0.21441006660461426
0.19744181632995605
0.17931652069091797
0.2127070426940918
0.18693828582763672
0.1995530128479004
0.187727689743042
0.19928383827209473
0.18744492530822754
0.18746590614318848
0.18604516983032227
0.18906378746032715
0.18909573554992676
0.19452714920043945
0.20807933807373047
0.2079620361328125
0.18914246559143066
0.1811199188232422
0.19277501106262207
0.18899917602539062
0.1870424747467041
0.18922638893127441
0.21313166618347168
0.19690465927124023
0.19507980346679688
0.18834757804870605
0.1898353099822998
0.18900442123413086
0.2100057601928711
0.18900322914123535
0.1891186237335205
0.19716906547546387
0.1857461929321289
0.18052005767822266
0.1875629425048828
0.18699026107788086
0.17497825622558594
0.18816304206848145
0.1812295913696289
0.18854379653930664
0.1836085319519043
0.21557259559631348
0.19273948669433594
0.19397330284118652
0.21207809448242188
0.2114884853363037
0.20498204231262207
0.198655366897583
0.18353676795959473
0.18699336051940918
0.18953943252563477
0.19146966934204102
0.19106006622314453
0.18994903564453125
0.20923686027526855
0.1773853302001953
0.20071792602539062
0.19647741317749023
0.18959975242614746
0.18709659576416016
0.18622183799743652
0.18867945671081543
0.18971633911132812
0.21293425559997559
0.18947434425354004
0.18880128860473633
0.1822352409362793
0.1828596591949463
0.1845698356628418
0.18811774253845215
0.17013955116271973
0.1911334991455078
0.19344758987426758
0.19029951095581055
0.1965477466583252
0.19993805885314941
0.18102121353149414
0.20499372482299805
0.19800209999084473
0.19656062126159668
0.18915224075317383
0.21149325370788574
0.19203639030456543
0.19118857383728027
0.1839916706085205
0.19051480293273926
0.19316506385803223
0.18928885459899902
0.192338228225708
0.17853927612304688
0.20323395729064941
0.21233677864074707
0.20948505401611328
0.18714070320129395
0.1761150360107422
0.19002652168273926
0.18878412246704102
0.19297075271606445
0.1889791488647461
0.18930339813232422
0.17466330528259277
0.19043302536010742
0.18773531913757324
0.19965386390686035
0.1887359619140625
0.18742847442626953
0.18630480766296387
0.20774316787719727
0.2060246467590332
0.18579387664794922
0.18961453437805176
0.18935489654541016
0.17813873291015625
0.1750786304473877
0.18773794174194336
0.21470880508422852
0.19309616088867188
0.17994165420532227
0.17601323127746582
0.1857292652130127
0.17595815658569336
0.18887829780578613
0.1827397346496582
0.18696999549865723
0.18048620223999023
0.19579362869262695
0.18748903274536133
0.20055341720581055
0.19417524337768555
0.19287586212158203
0.19429898262023926
0.1940164566040039
0.19065356254577637
0.1938176155090332
0.186997652053833
0.18997907638549805
0.18272948265075684
0.1808300018310547
0.20964407920837402
0.1886913776397705
0.189345121383667
0.17865896224975586
0.17264032363891602
0.18741917610168457
0.18652963638305664
0.1921696662902832
0.19074034690856934
0.17099523544311523
0.18499994277954102
0.18918299674987793
0.18558549880981445
0.18531537055969238
0.18131756782531738
1.2109999656677246
0.20172762870788574
0.1937241554260254
0.1829051971435547
0.1852250099182129
0.21253466606140137
0.1816401481628418
0.18961501121520996
0.18859362602233887
0.21273303031921387
0.18694353103637695
0.18829011917114258
0.18378949165344238
0.18535685539245605
0.20489883422851562
0.20316171646118164
0.19317078590393066
0.17825675010681152
0.183197021484375
0.18919801712036133
0.18677783012390137
0.19206714630126953
0.18758654594421387
0.26651954650878906
0.38063716888427734
0.18780827522277832
0.18848562240600586
0.1875159740447998
0.18781709671020508
0.18696141242980957
0.19797468185424805
0.19417309761047363
0.18304705619812012
0.17962074279785156
0.2038285732269287
0.18747711181640625
0.18758010864257812
0.1825721263885498
0.1898937225341797
0.18560791015625
0.19666361808776855
0.20579290390014648
0.20555329322814941
0.19482922554016113
0.18710041046142578
0.18878173828125
0.20340514183044434
0.18186283111572266
0.179351806640625
0.18928885459899902
0.1929030418395996
0.19698786735534668
0.1900031566619873
0.18902087211608887
0.23006534576416016
0.18601727485656738
0.20572447776794434
0.21574139595031738
0.19299864768981934
0.19941401481628418
0.1902782917022705
0.18896126747131348
0.18985509872436523
0.19292974472045898
0.18889260292053223
0.18982529640197754
0.18648290634155273
0.1988811492919922
0.1821277141571045
0.18010306358337402
0.1932668685913086
0.18541836738586426
0.18928933143615723
0.18983078002929688
0.18816351890563965
0.1876375675201416
0.1866157054901123
0.2146000862121582
0.2235414981842041
0.1964273452758789
0.21592068672180176
0.1941983699798584
0.19894170761108398
0.18660688400268555
0.17760705947875977
0.3336062431335449
0.19310688972473145
0.19707512855529785
0.18702459335327148
0.19349098205566406
0.2120823860168457
0.17660140991210938
0.18688583374023438
0.18405604362487793
0.17905402183532715
0.20483946800231934
0.19385480880737305
0.19783997535705566
0.18894433975219727
0.18932580947875977
0.17942285537719727
0.1889798641204834
0.17978382110595703
0.19339919090270996
0.181596040725708
0.17882823944091797
0.18908119201660156
0.18750572204589844
0.1938943862915039
0.19136977195739746
0.18575549125671387
0.18845677375793457
0.1883530616760254
0.18700599670410156
0.18803882598876953
0.1881885528564453
0.18996429443359375
0.19028902053833008
0.18842554092407227
0.18709421157836914
0.18887996673583984
0.17379498481750488
0.2055830955505371
0.19133543968200684
0.18772220611572266
0.19251227378845215
0.17768335342407227
0.18873023986816406
0.17632293701171875
0.18900513648986816
0.21215057373046875
0.2154712677001953
0.2112255096435547
0.18764567375183105
0.17449617385864258
0.19703149795532227
0.17754817008972168
0.17695879936218262
0.17771315574645996
0.1893327236175537
0.19011139869689941
0.19160938262939453
0.1794266700744629
0.18192625045776367
0.18950629234313965
0.1984853744506836
0.19205522537231445
0.21311736106872559
0.17789697647094727
0.19153952598571777
0.20884346961975098
0.18798279762268066
0.19156670570373535
0.18528246879577637
0.1858532428741455
0.1883082389831543
0.1733555793762207
0.18727850914001465
0.1993260383605957
0.2246999740600586
0.2218618392944336
0.1896657943725586
0.18815875053405762
0.19162940979003906
0.18889570236206055
0.17700934410095215
0.18800735473632812
0.1758129596710205
0.1833498477935791
0.20734024047851562
0.2057514190673828
0.1934983730316162
0.1890408992767334
0.19143414497375488
0.20002341270446777
0.2074882984161377
0.2037825584411621
0.24836349487304688
0.1882171630859375
0.19242215156555176
0.17668795585632324
0.18790435791015625
0.1846916675567627
0.18067574501037598
0.2119767665863037
0.18735027313232422
0.19176816940307617
0.18734407424926758
0.18323373794555664
0.1752634048461914
0.18872976303100586
0.1981029510498047
0.20361733436584473
0.19073247909545898
0.18580913543701172
0.18792462348937988
0.18695449829101562
0.18778586387634277
0.1878364086151123
0.2269749641418457
0.2096569538116455
0.1854381561279297
0.17943882942199707
0.18824076652526855
0.20522713661193848
0.1848585605621338
0.18900775909423828
0.18799853324890137
0.1837160587310791
0.18761014938354492
0.20818853378295898
0.18760299682617188
0.20599603652954102
0.1875293254852295
0.1881558895111084
0.1784060001373291
0.17901396751403809
0.18696999549865723
0.18819189071655273
0.1867072582244873
0.19563794136047363
0.20075726509094238
0.17853856086730957
0.18767237663269043
0.18892288208007812
0.1785142421722412
0.18703150749206543
0.17851972579956055
0.1859290599822998
0.18799400329589844
0.18819952011108398
0.19290804862976074
0.1779317855834961
0.18478894233703613
0.18285560607910156
0.17758750915527344
0.19724082946777344
0.18208074569702148
0.18657565116882324
0.1884903907775879
0.19392180442810059
0.19877266883850098
0.19350004196166992
0.19450783729553223
0.17293643951416016
0.188323974609375
0.18535161018371582
0.17291784286499023
0.18986058235168457
0.2157135009765625
0.1916663646697998
0.21114110946655273
0.18961858749389648
0.1886146068572998
0.18903470039367676
0.20802736282348633
0.20199942588806152
0.20201683044433594
0.17870306968688965
0.19967865943908691
0.1898043155670166
0.18909835815429688
0.17578911781311035
0.18848943710327148
0.18811631202697754
0.18716907501220703
0.20676732063293457
0.17717862129211426
0.18018865585327148
0.18954038619995117
0.18702268600463867
0.18700122833251953
0.18200302124023438
0.18976688385009766
0.1773977279663086
0.18203520774841309
0.18258333206176758
0.20769691467285156
0.19286775588989258
0.1880350112915039
0.1872701644897461
0.19132709503173828
0.2085120677947998
0.18635177612304688
0.23726820945739746
0.19047236442565918
0.18642878532409668
0.21125555038452148
0.19050955772399902
0.18752145767211914
0.17739439010620117
0.19370746612548828
0.20924115180969238
0.19318914413452148
0.2130265235900879
0.22454261779785156
0.20306110382080078
0.192047119140625
0.18868589401245117
0.23345446586608887
0.1865692138671875
0.18735933303833008
0.18898558616638184
0.1861720085144043
0.1832892894744873
0.18428540229797363
0.1896834373474121
0.19364285469055176
0.17948484420776367
0.21512603759765625
0.18549895286560059
0.17465639114379883
0.18758654594421387
0.18686795234680176
0.1920464038848877
0.1852567195892334
0.18423151969909668
0.18601727485656738
0.19314098358154297
0.18811511993408203
0.187774658203125
0.1861879825592041
0.18801307678222656
0.18735623359680176
0.18800020217895508
0.1851487159729004
0.17992496490478516
0.18741250038146973
0.1902775764465332
0.1767878532409668
0.18884038925170898
0.19620752334594727
0.18585991859436035
0.20481395721435547
0.19407892227172852
0.1845533847808838
0.1935887336730957
0.19060015678405762
0.1839280128479004
0.20392370223999023
0.19023418426513672
0.1872692108154297
0.19800710678100586
0.1850719451904297
0.19000554084777832
0.1867682933807373
0.19318318367004395
0.20793366432189941
0.1904008388519287
0.17191267013549805
0.18625497817993164
0.19819378852844238
0.17608165740966797
0.20853877067565918
0.19127631187438965
0.19270634651184082
0.18757224082946777
0.20787572860717773
0.19898104667663574
0.2040421962738037
0.19974470138549805
0.19688916206359863
0.1776750087738037
0.1886451244354248
0.18665599822998047
0.19364213943481445
0.18727517127990723
0.1901686191558838
0.1909804344177246
0.1939098834991455
0.17930316925048828
0.19222593307495117
0.19721484184265137
0.1740894317626953
0.19220948219299316
0.19039273262023926
0.19255542755126953
0.18916654586791992
1.2208023071289062
0.17898845672607422
0.18897461891174316
0.19131827354431152
0.18779468536376953
0.1870279312133789
0.18074512481689453
0.18809270858764648
0.19020676612854004
0.18555545806884766
0.19476962089538574
0.18825793266296387
0.18610048294067383
0.1900193691253662
0.18893170356750488
0.18556618690490723
0.18297934532165527
0.1851944923400879
0.1799941062927246
0.18498754501342773
0.18700194358825684
0.18683815002441406
0.18493175506591797
0.17673158645629883
0.18790984153747559
0.18751788139343262
0.18665575981140137
0.18639206886291504
0.17140889167785645
0.18596959114074707
0.3091557025909424
0.2360062599182129
0.19529366493225098
0.20711731910705566
0.19617176055908203
0.19149065017700195
0.18938875198364258
0.1873025894165039
0.18108081817626953
0.19059324264526367
0.20760464668273926
0.18193650245666504
0.18523287773132324
0.20160531997680664
0.19211506843566895
0.19418597221374512
0.1876201629638672
0.17397212982177734
0.1860637664794922
0.18915200233459473
0.18750286102294922
0.18773460388183594
0.19550561904907227
3.2137584686279297
0.20897817611694336
0.17750072479248047
0.1801290512084961
0.1871337890625
0.19092059135437012
0.1849367618560791
0.18668150901794434
0.19034528732299805
0.1892530918121338
0.186370849609375
0.19635367393493652
0.19062066078186035
0.18808484077453613
0.1792278289794922
0.18543696403503418
0.1884901523590088
0.19170427322387695
0.19193196296691895
0.19601964950561523
0.19739460945129395
0.2305762767791748
0.19266605377197266
0.18871092796325684
0.18747758865356445
0.20414400100708008
0.1798262596130371
0.22191429138183594
0.17356133460998535
0.1905515193939209
0.19202756881713867
0.18941760063171387
0.19052910804748535
0.20836234092712402
0.19001030921936035
0.18197846412658691
0.184006929397583
0.19017958641052246
0.17754030227661133
0.19297289848327637
0.18272781372070312
0.1773371696472168
0.18701481819152832
0.18845415115356445
0.18726325035095215
0.18721318244934082
0.18844151496887207
0.18954992294311523
0.18401885032653809
0.2409985065460205
0.23072195053100586
0.21819567680358887
0.18696904182434082
0.19296860694885254
0.1853046417236328
0.1993560791015625
0.18652987480163574
0.19669389724731445
0.1855175495147705
0.18511629104614258
0.18677043914794922
0.20517492294311523
0.19115352630615234
0.18637681007385254
0.2109851837158203
0.19378423690795898
0.18793821334838867
0.18478679656982422
0.18644070625305176
0.20024561882019043
0.19228100776672363
0.21058177947998047
0.18870997428894043
0.1799914836883545
0.2073972225189209
0.18007588386535645
0.19606876373291016
0.1875004768371582
0.2055814266204834
0.1882798671722412
0.313399076461792
0.1895601749420166
0.20520877838134766
0.1994767189025879
0.19098329544067383
0.20638203620910645
0.1852567195892334
0.21318531036376953
0.2124803066253662
0.18707513809204102
0.17344355583190918
0.19008803367614746
0.1742696762084961
0.17928242683410645
0.1862635612487793
0.18610787391662598
0.1931746006011963
0.18627405166625977
0.1879427433013916
0.2161111831665039
0.20257949829101562
0.18982458114624023
0.18783211708068848
0.19338178634643555
0.18863797187805176
0.18353056907653809
0.17753243446350098
0.17705798149108887
0.1889200210571289
0.18799400329589844
0.26142334938049316
0.2059328556060791
0.17334342002868652
0.18714237213134766
0.1866912841796875
0.18477201461791992
0.19513678550720215
0.19000649452209473
0.18657302856445312
0.19066452980041504
0.18820834159851074
0.18631482124328613
0.189727783203125
0.18996977806091309
0.1910090446472168
0.18317151069641113
0.18622112274169922
0.17631077766418457
0.18427419662475586
0.1724543571472168
0.1871628761291504
0.19213008880615234
0.1907052993774414
0.18958187103271484
0.209916353225708
0.19368338584899902
0.1738755702972412
0.18123102188110352
0.208587646484375
0.18907713890075684
0.18888640403747559
0.17413711547851562
0.19255805015563965
0.17139410972595215
0.18959498405456543
0.1897754669189453
0.18729877471923828
0.18653488159179688
0.18595671653747559
0.18741965293884277
0.17647480964660645
0.20975995063781738
0.18835878372192383
0.18929553031921387
0.18776583671569824
0.1884157657623291
0.19401001930236816
0.18955540657043457
0.18042492866516113
0.2019939422607422
0.20499205589294434
0.18643736839294434
0.19627904891967773
0.1808023452758789
0.1869823932647705
0.18999600410461426
0.19153261184692383
0.19089627265930176
0.19327449798583984
0.21242904663085938
0.38131070137023926
0.18813729286193848
0.1894698143005371
0.18714046478271484
0.18893098831176758
0.188002347946167
0.21739649772644043
0.20975446701049805
0.18865275382995605
0.1919562816619873
0.19295811653137207
0.19233202934265137
0.17798638343811035
0.18743324279785156
0.18867182731628418
0.18707990646362305
0.18410921096801758
0.21071124076843262
0.18778014183044434
0.20766091346740723
0.1847367286682129
0.19751930236816406
0.22151923179626465
0.1918790340423584
0.1854386329650879
0.18602967262268066
0.193007230758667
0.18640589714050293
0.20265936851501465
0.18760204315185547
0.19167590141296387
0.18644070625305176
0.19656944274902344
0.18034076690673828
0.18862199783325195
0.19074082374572754
0.18926239013671875
0.18082165718078613
0.18781590461730957
0.18488383293151855
0.18508553504943848
0.19006848335266113
0.18514299392700195
0.18718910217285156
0.17967844009399414
0.17927169799804688
0.18733978271484375
0.19018959999084473
0.18488478660583496
0.21216964721679688
0.20824623107910156
0.19030261039733887
0.18994688987731934
0.18994688987731934
0.1844189167022705
0.1860053539276123
0.1751692295074463
0.1851825714111328
0.18984556198120117
0.18687009811401367
0.18862628936767578
0.19241571426391602
0.18160390853881836
0.18964457511901855
0.18776249885559082
0.19565796852111816
0.2217416763305664
0.18903875350952148
0.19667458534240723
0.18627524375915527
0.17632508277893066
0.1805589199066162
0.18914175033569336
0.18597984313964844
0.20432734489440918
0.17932868003845215
0.18999457359313965
0.19196033477783203
0.1756591796875
0.18987011909484863
0.1850130558013916
0.18847012519836426
0.18920159339904785
0.2319948673248291
0.18915152549743652
0.1866610050201416
0.18674874305725098
0.18718338012695312
0.1752476692199707
0.18477368354797363
0.1924147605895996
0.2004551887512207
0.19181489944458008
0.1982102394104004
0.17806339263916016
0.19336819648742676
0.18811964988708496
0.18703985214233398
0.21202492713928223
0.19098758697509766
0.18794488906860352
0.18884849548339844
0.1735672950744629
0.18843746185302734
0.18856215476989746
0.1889193058013916
0.18911051750183105
0.19111347198486328
0.1892688274383545
0.18658089637756348
0.18674492835998535
0.18915176391601562
0.1904911994934082
0.18531537055969238
0.18735814094543457
0.17888593673706055
0.18689608573913574
0.1858687400817871
0.18728995323181152
0.18648958206176758
0.18114972114562988
0.1877892017364502
0.1875
0.1901249885559082
0.18440985679626465
0.1886732578277588
0.21608233451843262
0.1970508098602295
0.1970670223236084
0.19773340225219727
0.19100093841552734
0.1832742691040039
0.18921113014221191
0.17433404922485352
0.18846869468688965
0.17490482330322266
0.188002347946167
0.1900014877319336
0.19752717018127441
0.18464875221252441
0.19205665588378906
0.18520474433898926
0.18592619895935059
0.18896722793579102
0.19313383102416992
0.18603014945983887
0.18923139572143555
0.1749422550201416
0.18895220756530762
0.1696465015411377
0.18867111206054688
0.19478607177734375
0.1929945945739746
0.1929917335510254
0.20399928092956543
0.2107388973236084
0.18433403968811035
0.21129727363586426
0.18778419494628906
0.18611907958984375
0.1885671615600586
0.18541669845581055
0.18869280815124512
0.18592381477355957
0.19765138626098633
0.1888282299041748
0.1736297607421875
0.18864107131958008
0.1832735538482666
0.18800687789916992
0.1903057098388672
0.18730974197387695
0.18833279609680176
0.21824097633361816
0.18752527236938477
0.18777942657470703
0.18616580963134766
0.1897735595703125
0.21013331413269043
0.18969392776489258
0.18695974349975586
0.1877589225769043
0.18636178970336914
0.18733620643615723
0.1911914348602295
0.18801283836364746
0.1878528594970703
0.18827438354492188
0.18918395042419434
0.18796634674072266
0.18889427185058594
0.1884467601776123
0.2325284481048584
0.3288440704345703
0.19527935981750488
0.22228479385375977
0.19444537162780762
0.20734572410583496
0.187422513961792
0.18599843978881836
0.19117283821105957
0.18938851356506348
0.21827459335327148
0.1939992904663086
0.19048118591308594
0.19027209281921387
0.20397210121154785
0.19007039070129395
0.18198561668395996
0.19182920455932617
0.17801475524902344
0.18909192085266113
0.18828129768371582
0.19007182121276855
0.19101214408874512
0.18629169464111328
0.1904923915863037
0.19072866439819336
0.17928814888000488
0.20554232597351074
0.21314263343811035
0.18801569938659668
0.18901658058166504
0.2109689712524414
0.1909787654876709
0.23252248764038086
0.18393182754516602
0.2123584747314453
0.18952703475952148
0.18982315063476562
0.1869502067565918
0.186476469039917
0.18702220916748047
0.18755888938903809
0.1930711269378662
0.18722867965698242
0.21500873565673828
0.19600510597229004
0.1949923038482666
0.19008231163024902
0.20575881004333496
0.18041300773620605
0.17512869834899902
0.19187045097351074
0.1839005947113037
0.18168139457702637
0.17594528198242188
0.17495012283325195
0.18978095054626465
0.18710827827453613
0.18851995468139648
0.19667935371398926
0.19472742080688477
0.18020939826965332
0.17621254920959473
0.1904456615447998
0.18955731391906738
0.17541742324829102
0.17984509468078613
0.1840357780456543
0.18540430068969727
0.19300317764282227
0.1947183609008789
0.21599984169006348
0.18921208381652832
0.20601201057434082
0.19269800186157227
0.2956681251525879
0.18421220779418945
0.18911218643188477
0.18699884414672852
0.18670010566711426
0.18841266632080078
0.18909096717834473
0.17917656898498535
0.18289804458618164
0.18889856338500977
0.1863727569580078
0.1746971607208252
0.18696093559265137
0.19170069694519043
0.22019433975219727
0.216172456741333
0.1878347396850586
0.18686509132385254
0.18918347358703613
0.19467997550964355
0.18834304809570312
0.18727350234985352
0.19707536697387695
0.18747496604919434
0.178297758102417
0.1880030632019043
0.2829737663269043
0.25193166732788086
0.17799901962280273
0.19705486297607422
0.1962277889251709
0.19025444984436035
0.17474913597106934
0.19296836853027344
0.18667197227478027
0.18600726127624512
0.18101191520690918
0.19098567962646484
0.19042015075683594
0.21718811988830566
0.2408895492553711
0.1939074993133545
0.20835518836975098
0.21600031852722168
0.1890401840209961
0.1852710247039795
0.21195745468139648
0.18736910820007324
0.18057823181152344
0.1870121955871582
0.19564414024353027
0.19597673416137695
0.19426631927490234
0.19138073921203613
0.18556976318359375
0.21255946159362793
0.20629096031188965
0.19821977615356445
0.18764424324035645
0.18894100189208984
0.22567224502563477
0.2047886848449707
0.18802499771118164
0.16988539695739746
0.18775177001953125
0.18143177032470703
0.1904897689819336
0.19550347328186035
0.19063067436218262
0.18477606773376465
0.18890142440795898
0.18918800354003906
0.18631982803344727
0.18911433219909668
0.18700480461120605
0.19016170501708984
0.20486688613891602
0.18972563743591309
0.20772314071655273
0.18397116661071777
0.1991748809814453
0.18817639350891113
0.1986536979675293
0.19287800788879395
0.18834805488586426
0.1883242130279541
0.19120264053344727
0.19400453567504883
0.19901347160339355
0.18202805519104004
0.19541358947753906
0.23139405250549316
0.18593358993530273
0.1868445873260498
0.23143768310546875
0.1975693702697754
0.18749165534973145
0.18847441673278809
0.18760085105895996
0.1887531280517578
0.18750429153442383
0.18700861930847168
0.1867833137512207
0.18433713912963867
0.21387386322021484
0.1863095760345459
0.18822193145751953
0.20913004875183105
0.190232515335083
0.190962553024292
0.1873948574066162
0.191969633102417
0.18772172927856445
0.2128746509552002
0.1720743179321289
0.18966150283813477
0.19324088096618652
0.18519043922424316
1.2051310539245605
