0.19083380699157715
0.19898295402526855
0.18969392776489258
0.1861414909362793
0.18871283531188965
0.18369460105895996
0.18984389305114746
0.19904017448425293
0.18583321571350098
0.18947577476501465
0.194411039352417
0.19375348091125488
0.193251371383667
0.19325494766235352
0.18758678436279297
0.1885676383972168
0.20650982856750488
0.1892833709716797
0.18908905982971191
0.19153141975402832
0.18985676765441895
0.18588900566101074
0.1974954605102539
0.20188140869140625
0.189042329788208
0.18481159210205078
0.17730402946472168
0.18951201438903809
0.19197583198547363
0.1752769947052002
0.1857743263244629
0.1914060115814209
0.19382023811340332
0.21154522895812988
0.1983194351196289
0.19364380836486816
0.2038249969482422
0.18846940994262695
0.190687894821167
0.18999338150024414
0.18827557563781738
0.18661189079284668
0.19599437713623047
0.18636488914489746
0.20138096809387207
0.18622636795043945
0.18828964233398438
0.18699431419372559
0.18908190727233887
0.28931498527526855
0.18794608116149902
0.1999964714050293
0.18666839599609375
0.18781280517578125
0.18976759910583496
0.1945493221282959
0.18819570541381836
0.19214963912963867
0.18586206436157227
0.1864640712738037
0.18744754791259766
0.18889427185058594
0.19013452529907227
0.20809388160705566
0.1898040771484375
0.1873941421508789
0.18833565711975098
0.18880701065063477
0.20540428161621094
0.18776488304138184
0.18819022178649902
0.18953180313110352
0.19798922538757324
0.20045924186706543
0.19297361373901367
0.19466853141784668
0.18976902961730957
0.18901371955871582
0.19569158554077148
0.20467758178710938
0.20301437377929688
0.19198918342590332
0.18671321868896484
0.2007427215576172
0.18950986862182617
0.18648552894592285
0.1979062557220459
0.18706917762756348
0.20090723037719727
0.18909263610839844
0.19372773170471191
0.18942928314208984
0.1909043788909912
0.1907196044921875
0.1954808235168457
0.1891782283782959
0.2107837200164795
0.2066972255706787
0.18658208847045898
0.19898343086242676
0.18780851364135742
0.185776948928833
0.1903998851776123
0.18903827667236328
0.1925337314605713
0.18863701820373535
0.1870102882385254
0.18610644340515137
0.179229736328125
0.18700218200683594
0.18794941902160645
0.17199110984802246
0.1870250701904297
0.1906442642211914
0.17672276496887207
0.2008037567138672
0.18940401077270508
0.18669390678405762
0.21141552925109863
0.18703866004943848
0.19018816947937012
0.19089627265930176
0.18823528289794922
0.18563222885131836
0.1846001148223877
0.20507097244262695
0.18728303909301758
0.19086790084838867
0.19051480293273926
0.21020817756652832
0.2237553596496582
0.17903590202331543
0.20332551002502441
0.23289823532104492
0.18546557426452637
0.18659424781799316
0.1891176700592041
0.18703675270080566
0.18787479400634766
0.18899822235107422
0.18399882316589355
0.1885676383972168
0.18329977989196777
0.18897795677185059
0.1866905689239502
0.21024417877197266
0.20099234580993652
0.18470120429992676
0.17676377296447754
0.18865489959716797
0.18832898139953613
0.18802952766418457
0.20715641975402832
0.190964937210083
0.18899273872375488
0.20142674446105957
0.21589899063110352
0.1988508701324463
0.186354398727417
0.18715953826904297
0.18604016304016113
0.19010686874389648
0.18699979782104492
0.19545817375183105
0.21189069747924805
0.18741250038146973
0.18734502792358398
0.1891651153564453
0.19227218627929688
0.27629852294921875
0.18899989128112793
0.19861054420471191
0.1930994987487793
0.1885237693786621
0.18576765060424805
0.1887829303741455
0.1883251667022705
0.18967700004577637
0.19614911079406738
0.21267223358154297
0.1871929168701172
0.1913127899169922
0.18711638450622559
0.18610382080078125
0.18802404403686523
0.18803882598876953
0.19009780883789062
0.20896363258361816
0.18553686141967773
0.19055747985839844
0.19036483764648438
0.18662476539611816
0.18578767776489258
0.18961644172668457
0.20250535011291504
0.19073081016540527
0.18685150146484375
0.21337199211120605
0.18827247619628906
0.1882181167602539
0.1869983673095703
0.18053078651428223
0.19142484664916992
0.18912196159362793
0.19826292991638184
0.18777179718017578
0.18108105659484863
0.18440699577331543
0.1889357566833496
0.18990683555603027
0.2070753574371338
0.19251132011413574
0.1879410743713379
0.18631291389465332
0.1923534870147705
0.21350884437561035
0.18886327743530273
0.18441104888916016
0.18812108039855957
0.17418718338012695
0.1878190040588379
0.2004537582397461
0.18744516372680664
0.18530035018920898
0.18900227546691895
0.19281411170959473
0.2114393711090088
0.188096284866333
0.19394898414611816
0.19864320755004883
0.1880021095275879
0.1918792724609375
0.18593907356262207
0.18901538848876953
0.18789935111999512
0.20843744277954102
0.1876218318939209
0.18800735473632812
0.1935253143310547
0.18570947647094727
0.19017434120178223
0.18636584281921387
0.18637561798095703
0.18930602073669434
0.18546843528747559
0.21236371994018555
0.17599058151245117
0.1900618076324463
0.17126703262329102
0.18626785278320312
0.1936039924621582
0.1860201358795166
0.18808245658874512
0.1853024959564209
0.18662762641906738
0.1800694465637207
0.18555045127868652
0.1881723403930664
0.18821382522583008
0.23289012908935547
0.19002723693847656
0.18706178665161133
0.18694806098937988
0.18890762329101562
0.18709588050842285
0.18028926849365234
0.18816471099853516
0.19019103050231934
0.18781256675720215
0.1868150234222412
0.18997716903686523
0.17653656005859375
0.19655537605285645
0.19144582748413086
0.1875166893005371
0.18668460845947266
0.1886885166168213
0.19201040267944336
0.18803167343139648
0.189131498336792
0.18970179557800293
0.1921534538269043
0.18917202949523926
0.1851634979248047
0.18993139266967773
0.18679475784301758
0.18641114234924316
0.188004732131958
0.18719196319580078
0.1861588954925537
0.18555092811584473
0.18840456008911133
0.21033334732055664
0.1883535385131836
0.18971538543701172
0.1893460750579834
0.18763399124145508
0.19016695022583008
0.18968749046325684
0.19316673278808594
0.18535614013671875
0.21103739738464355
0.18550610542297363
0.20957112312316895
0.19599390029907227
0.24875426292419434
0.19049525260925293
0.1880965232849121
0.19183063507080078
0.1903245449066162
0.18879318237304688
0.1904008388519287
0.20837092399597168
0.19037151336669922
0.18765664100646973
0.1859724521636963
0.1876220703125
0.18735146522521973
0.1895766258239746
0.18059372901916504
0.21611452102661133
0.1842212677001953
0.20761418342590332
0.1881120204925537
0.18797922134399414
0.17784786224365234
0.1841292381286621
0.1862032413482666
0.18848848342895508
0.1926267147064209
0.18726253509521484
0.1872093677520752
0.1754589080810547
0.20057344436645508
0.19398832321166992
0.18928265571594238
0.18613314628601074
0.21199727058410645
0.22600054740905762
0.1887955665588379
0.19105148315429688
0.20885133743286133
0.19037294387817383
0.21299982070922852
0.18942856788635254
0.18709778785705566
0.19138407707214355
0.18594980239868164
0.18668484687805176
0.1905522346496582
0.18703126907348633
0.18605828285217285
0.18980908393859863
0.1896073818206787
0.18799376487731934
0.21634840965270996
0.18876314163208008
0.1883552074432373
0.1890397071838379
0.1886434555053711
0.1849353313446045
0.18791413307189941
0.19770431518554688
0.1678307056427002
0.1858370304107666
0.1982729434967041
0.17526769638061523
0.19240832328796387
0.18853378295898438
0.18691134452819824
0.1918776035308838
0.18696832656860352
0.18470358848571777
0.19411277770996094
0.18962407112121582
0.18793487548828125
0.1901862621307373
0.18825626373291016
0.18826770782470703
0.19188880920410156
0.18522357940673828
0.20601129531860352
0.1895287036895752
0.18630099296569824
0.18813300132751465
0.1888875961303711
0.18895697593688965
0.18912291526794434
0.18689990043640137
0.1910409927368164
0.18548154830932617
0.19208765029907227
0.24359440803527832
0.19685125350952148
0.16689133644104004
0.18787813186645508
0.22506928443908691
0.19814229011535645
0.18956542015075684
0.18689846992492676
0.1936659812927246
0.1870262622833252
0.18793725967407227
0.18317246437072754
0.18985414505004883
0.18796014785766602
0.18642878532409668
0.18865585327148438
0.18930602073669434
0.18670439720153809
0.1881411075592041
0.188584566116333
0.18758368492126465
0.18886256217956543
0.18922972679138184
0.18489646911621094
0.18787431716918945
0.20698881149291992
0.21018552780151367
0.18606114387512207
0.1869978904724121
0.18677949905395508
0.19084620475769043
0.18797016143798828
0.19016361236572266
0.18602466583251953
0.18857097625732422
0.18819022178649902
0.1877269744873047
0.19115114212036133
0.1954357624053955
0.1886599063873291
0.18866896629333496
0.18691158294677734
0.19070148468017578
0.20791316032409668
0.17856717109680176
0.23073410987854004
0.18622469902038574
0.18890380859375
0.19082045555114746
0.21574664115905762
0.1859908103942871
0.19922542572021484
0.18944406509399414
0.1861591339111328
0.18622469902038574
0.18964838981628418
0.21402502059936523
0.18799829483032227
0.19800329208374023
0.18801522254943848
0.20888066291809082
0.18729519844055176
0.1894364356994629
0.18909525871276855
0.185577392578125
0.19553422927856445
0.18849897384643555
0.2090892791748047
0.19942736625671387
0.22630071640014648
0.18899941444396973
0.18869471549987793
0.18599677085876465
0.1882457733154297
0.20181560516357422
0.188551664352417
0.18894100189208984
0.22424793243408203
0.18698883056640625
0.18728947639465332
0.18690180778503418
0.19129562377929688
0.22397541999816895
0.18726754188537598
0.1860041618347168
0.18372607231140137
0.23268604278564453
0.18740105628967285
0.18976449966430664
0.19005703926086426
0.19025850296020508
0.19132494926452637
0.18872833251953125
0.1905817985534668
0.1915886402130127
0.18932533264160156
0.17470622062683105
0.20824575424194336
0.18673419952392578
0.18549799919128418
0.18616485595703125
0.18910646438598633
0.1949748992919922
0.18635821342468262
0.1928248405456543
0.19516849517822266
0.1917884349822998
0.18335723876953125
0.1873788833618164
0.18747377395629883
0.2232048511505127
0.189253568649292
0.1913895606994629
0.20762062072753906
0.18619465827941895
0.2111213207244873
0.19222474098205566
0.21875548362731934
0.19273066520690918
0.18377685546875
0.18798398971557617
0.17862462997436523
0.19127416610717773
0.18885207176208496
0.18706464767456055
0.18603205680847168
0.18698596954345703
0.1876208782196045
0.18696165084838867
0.18904614448547363
0.1853938102722168
0.2288506031036377
0.1889345645904541
0.21123242378234863
0.18869924545288086
0.18700337409973145
0.18905091285705566
0.18561387062072754
0.1876068115234375
0.18825554847717285
0.18724846839904785
0.22952532768249512
0.18996500968933105
0.18982696533203125
0.18982458114624023
0.1868150234222412
0.18687105178833008
0.18929362297058105
0.18799972534179688
0.18613862991333008
0.18485617637634277
0.19427013397216797
0.19141793251037598
0.19089746475219727
0.17916202545166016
0.18674707412719727
0.21245646476745605
0.1928703784942627
0.18880796432495117
0.18587732315063477
0.18809795379638672
0.18922948837280273
0.18253636360168457
0.19194936752319336
0.18607354164123535
0.18835854530334473
0.18831253051757812
0.18762493133544922
0.18928766250610352
0.1927964687347412
0.19295978546142578
0.1875753402709961
0.18582773208618164
0.18985319137573242
0.1943979263305664
0.18575096130371094
0.18900251388549805
0.18909811973571777
0.6255512237548828
0.23752641677856445
0.19164156913757324
0.22881555557250977
0.19269895553588867
0.1867825984954834
0.18511533737182617
0.18797969818115234
0.1878499984741211
0.20685100555419922
0.17632746696472168
0.18712997436523438
0.1943953037261963
0.18832945823669434
0.1903398036956787
0.19118928909301758
0.18538475036621094
0.18470096588134766
0.18899989128112793
0.18787717819213867
0.18992877006530762
0.19493746757507324
0.1936955451965332
0.18652701377868652
0.1902768611907959
0.19330382347106934
0.18815922737121582
0.18791842460632324
0.18999314308166504
0.18468546867370605
