0.247025728225708
0.18664884567260742
0.19001173973083496
0.20451998710632324
0.19004106521606445
0.18687939643859863
0.1938495635986328
0.19179773330688477
0.1844925880432129
0.19048833847045898
0.22291016578674316
0.18935465812683105
0.19365882873535156
0.20573687553405762
0.18623042106628418
0.18682265281677246
0.18880510330200195
0.1898491382598877
0.20277881622314453
0.1949145793914795
0.2150254249572754
0.19916200637817383
0.18934035301208496
0.19008898735046387
0.18852734565734863
0.1865537166595459
0.18553614616394043
0.1887359619140625
0.18837499618530273
0.1903214454650879
0.19700050354003906
0.19052815437316895
0.19210124015808105
0.18513703346252441
0.1900010108947754
0.1880505084991455
0.19043302536010742
0.18730378150939941
0.18465280532836914
0.19140625
0.1847231388092041
0.18683862686157227
0.20166230201721191
0.19135165214538574
0.18772459030151367
0.19290685653686523
0.190568208694458
0.1927928924560547
0.18755054473876953
0.18843340873718262
0.18896269798278809
0.2038891315460205
0.6063313484191895
0.1877446174621582
0.18805146217346191
0.18515658378601074
0.19197750091552734
0.18931913375854492
0.18596649169921875
0.18749737739562988
0.18940401077270508
0.18439865112304688
0.18704891204833984
0.18665242195129395
0.1887214183807373
0.1887648105621338
0.19358468055725098
0.188704252243042
0.19031596183776855
0.1876544952392578
0.19278478622436523
0.18602347373962402
0.2594430446624756
0.18741559982299805
0.18722200393676758
0.18829560279846191
0.19500470161437988
0.18609166145324707
0.18502092361450195
0.20018339157104492
0.19106745719909668
0.1899888515472412
0.19176602363586426
0.1914653778076172
0.19173789024353027
0.18729138374328613
0.19999337196350098
0.1868577003479004
0.18540167808532715
0.20432209968566895
0.18789267539978027
0.20186495780944824
0.19771385192871094
0.18773174285888672
0.20769000053405762
0.18926048278808594
0.18607592582702637
0.18958711624145508
0.1858360767364502
0.1914527416229248
0.18718695640563965
0.18183064460754395
0.1865684986114502
0.18773317337036133
0.18567466735839844
0.18869352340698242
0.18736791610717773
0.2096390724182129
0.18718457221984863
0.1992182731628418
0.1875007152557373
0.18801617622375488
0.2048206329345703
0.1879591941833496
0.18976402282714844
0.18790197372436523
0.208420991897583
0.19816184043884277
0.2069413661956787
0.18768930435180664
0.19104862213134766
0.20754194259643555
0.18843936920166016
0.18172621726989746
0.19003748893737793
0.19033360481262207
0.21252846717834473
0.19629502296447754
0.20387864112854004
0.1888740062713623
0.2083737850189209
0.19630765914916992
0.19053173065185547
0.18782997131347656
0.19736480712890625
0.18892455101013184
0.19204354286193848
0.20910143852233887
0.21000361442565918
0.20676732063293457
0.18876409530639648
0.18742060661315918
0.1895895004272461
0.18708443641662598
0.18967890739440918
0.18971514701843262
0.1911003589630127
0.1900801658630371
0.19043922424316406
0.18758940696716309
0.20496058464050293
0.1924731731414795
0.18835139274597168
0.1876983642578125
0.19173574447631836
0.18704795837402344
0.1886756420135498
0.18833231925964355
0.18793082237243652
0.1875934600830078
0.1874544620513916
0.21703505516052246
0.1848769187927246
0.18868732452392578
0.1888742446899414
0.1898500919342041
0.1871936321258545
0.1953110694885254
0.18962669372558594
0.19274497032165527
0.18431329727172852
0.19485044479370117
0.18830561637878418
0.18709564208984375
0.19651079177856445
0.18850183486938477
0.19321346282958984
0.2125685214996338
0.18940305709838867
0.1914515495300293
0.1883106231689453
0.18590831756591797
0.18794012069702148
0.23165297508239746
0.19318056106567383
0.1871035099029541
0.26975464820861816
0.19032835960388184
0.18626141548156738
0.19020390510559082
0.1988217830657959
0.19829082489013672
0.189467191696167
0.19028186798095703
0.19016456604003906
0.19271469116210938
0.19318151473999023
0.19120550155639648
0.2091224193572998
0.1944587230682373
0.1880643367767334
0.20498251914978027
0.18792390823364258
0.2060251235961914
0.1885242462158203
0.21135783195495605
0.18577885627746582
0.19035887718200684
0.1880474090576172
0.19239020347595215
0.19043850898742676
0.18899869918823242
0.1859607696533203
0.20751500129699707
0.19051122665405273
0.18719172477722168
0.18754863739013672
0.18902158737182617
0.1866750717163086
0.18468832969665527
0.26009464263916016
0.1978466510772705
0.18709421157836914
0.18644237518310547
0.22337555885314941
0.19174408912658691
0.18616056442260742
0.18622207641601562
0.21274805068969727
0.1889948844909668
0.20945072174072266
0.18462872505187988
0.2048192024230957
0.21177887916564941
0.20798277854919434
0.19681859016418457
0.19073009490966797
0.18779373168945312
0.19107651710510254
0.1860361099243164
0.1867988109588623
0.20893621444702148
0.2035830020904541
0.21004652976989746
0.18632245063781738
0.18931341171264648
0.185072660446167
0.2335033416748047
0.2078855037689209
0.19213628768920898
0.18730425834655762
0.2035083770751953
0.18845772743225098
0.18714380264282227
0.19499778747558594
0.19488286972045898
0.18782377243041992
0.18690156936645508
0.18749046325683594
0.18977046012878418
0.18634748458862305
0.18989276885986328
0.1962907314300537
0.18614506721496582
0.19120383262634277
0.19307303428649902
0.19019412994384766
0.1895442008972168
0.1869955062866211
0.19758176803588867
0.18800616264343262
0.19000673294067383
0.18868207931518555
0.2013394832611084
0.18879008293151855
0.1851503849029541
0.1904289722442627
0.1898798942565918
0.18912482261657715
0.18871521949768066
0.18695855140686035
0.1859428882598877
0.1937549114227295
0.18532514572143555
0.2122020721435547
0.195265531539917
0.19202089309692383
0.18895626068115234
0.1892998218536377
0.1871485710144043
0.222853422164917
0.20276832580566406
0.1887807846069336
0.1921069622039795
0.18779754638671875
0.19082093238830566
0.19397187232971191
0.1849963665008545
0.1907949447631836
0.18610000610351562
