0.18974828720092773
0.19336318969726562
0.18912720680236816
0.18900752067565918
0.1904900074005127
0.18859553337097168
0.19211196899414062
0.18865489959716797
0.20632290840148926
0.19904041290283203
0.1864771842956543
0.1890408992767334
0.1869814395904541
0.1877586841583252
0.1910107135772705
0.18803954124450684
0.1905980110168457
0.18655920028686523
0.19048023223876953
0.18998360633850098
0.19310235977172852
0.18863987922668457
0.1882033348083496
0.1889653205871582
0.20724797248840332
0.18935513496398926
0.18606257438659668
0.191300630569458
0.18843436241149902
0.1889781951904297
0.19124579429626465
0.19276118278503418
0.2016446590423584
0.17881011962890625
0.18158364295959473
0.18737101554870605
0.19078612327575684
0.18906116485595703
0.18888640403747559
0.18459868431091309
0.20676612854003906
0.20110416412353516
0.19806504249572754
0.19633126258850098
0.21264863014221191
0.18782758712768555
0.19128060340881348
0.18845009803771973
0.18897771835327148
0.21074700355529785
0.18485665321350098
0.18698859214782715
0.19073033332824707
0.18628382682800293
0.18796014785766602
0.2086031436920166
0.19126629829406738
0.19733572006225586
0.19603323936462402
0.18743181228637695
0.18698740005493164
0.18886590003967285
0.18576359748840332
0.18044328689575195
0.18833088874816895
0.1937258243560791
0.20154333114624023
0.19757080078125
0.19155335426330566
0.1960899829864502
0.20541048049926758
0.18596386909484863
0.18576383590698242
0.1770644187927246
0.2109825611114502
0.22502756118774414
0.20514178276062012
0.18840861320495605
0.18743252754211426
0.1935124397277832
0.18977928161621094
0.1873023509979248
0.18729782104492188
0.17143750190734863
0.19008755683898926
0.18810296058654785
0.19086480140686035
0.18663549423217773
0.1945502758026123
0.19364094734191895
0.17763519287109375
0.19255566596984863
0.19919872283935547
0.189863920211792
0.19050931930541992
0.19115996360778809
0.18817400932312012
0.18518519401550293
0.18608546257019043
0.17638134956359863
0.20787906646728516
0.18804240226745605
0.18668532371520996
0.18456649780273438
0.1880474090576172
0.19044923782348633
0.19842743873596191
0.20053935050964355
0.18755388259887695
0.18947768211364746
0.18740630149841309
0.18804264068603516
0.185455322265625
0.19919991493225098
0.18902373313903809
0.18673110008239746
0.21181368827819824
0.20588088035583496
0.21078824996948242
0.1945514678955078
0.1788158416748047
0.18883037567138672
0.18523859977722168
0.1928865909576416
0.18764901161193848
0.18656516075134277
0.20219802856445312
0.18660926818847656
0.18656587600708008
0.19115900993347168
0.18843793869018555
0.20882630348205566
0.1883072853088379
0.1825716495513916
0.20258355140686035
0.1973731517791748
0.18654966354370117
0.18553662300109863
0.19592905044555664
0.18525099754333496
0.19166898727416992
0.19208192825317383
0.18711447715759277
0.17568063735961914
0.18751907348632812
0.18479037284851074
0.1908092498779297
0.19533395767211914
0.18908214569091797
0.19411635398864746
0.18738317489624023
0.18415594100952148
0.18499517440795898
0.21199655532836914
0.18709421157836914
0.19225764274597168
0.17458772659301758
0.19202733039855957
0.18856072425842285
0.20662569999694824
0.19761300086975098
0.18539714813232422
0.20433521270751953
0.20418047904968262
0.20030951499938965
0.21021819114685059
0.1777787208557129
0.18840718269348145
0.17378854751586914
0.18736839294433594
0.1878190040588379
0.18808674812316895
0.1802818775177002
0.18711447715759277
0.18572235107421875
0.1892836093902588
0.18698620796203613
0.17995214462280273
0.18884515762329102
0.1880512237548828
0.18694710731506348
0.1909646987915039
0.18698930740356445
0.2262270450592041
0.18858885765075684
0.22348713874816895
0.18700003623962402
0.19899749755859375
0.20164799690246582
0.19034457206726074
0.19418835639953613
0.18917012214660645
0.18796443939208984
0.18998098373413086
0.18601036071777344
0.19286704063415527
0.18802404403686523
0.18180561065673828
0.19098711013793945
0.18792247772216797
0.18942689895629883
0.19289278984069824
0.20731687545776367
0.18651056289672852
0.22440290451049805
0.18607616424560547
0.1889505386352539
0.26412296295166016
0.21122193336486816
0.19120335578918457
0.1795666217803955
0.1834115982055664
0.19515466690063477
0.2237076759338379
0.2603576183319092
0.17615604400634766
0.18591523170471191
0.18964195251464844
0.1875302791595459
0.20776963233947754
0.1865708827972412
0.1977860927581787
0.21279430389404297
0.23659324645996094
0.19279789924621582
0.20198512077331543
0.17406439781188965
0.21103739738464355
0.1788172721862793
0.20008540153503418
0.19158363342285156
0.18481111526489258
0.2407987117767334
0.18691468238830566
0.1860201358795166
0.1917107105255127
0.20898842811584473
0.18758559226989746
0.1888585090637207
0.18691611289978027
0.21971917152404785
0.21014404296875
0.18111658096313477
0.19611811637878418
0.1865558624267578
0.18551850318908691
0.18816518783569336
0.18885064125061035
0.18825221061706543
0.1880178451538086
0.18861937522888184
0.18426084518432617
0.1856553554534912
0.2649688720703125
0.229248046875
0.18726253509521484
0.18899202346801758
0.1865384578704834
0.18958091735839844
0.17817163467407227
0.19057106971740723
0.19951128959655762
0.1996006965637207
0.20652008056640625
0.20887207984924316
0.1980884075164795
0.1846020221710205
0.20573759078979492
0.18700170516967773
0.22458672523498535
0.20093393325805664
0.18275713920593262
0.19395756721496582
0.19060420989990234
0.18491077423095703
0.18799805641174316
0.1920168399810791
0.20705127716064453
0.17859339714050293
0.1899113655090332
0.2091045379638672
0.19535326957702637
0.18684029579162598
0.1844489574432373
0.19802403450012207
0.1970674991607666
0.2296772003173828
0.1930394172668457
0.19667696952819824
0.18786311149597168
0.18970584869384766
0.18555140495300293
0.17763257026672363
0.18697190284729004
0.19165349006652832
0.18672657012939453
0.18674969673156738
0.18631935119628906
0.18656349182128906
0.1771855354309082
0.1976010799407959
0.2678554058074951
0.20302081108093262
0.19414591789245605
0.1847057342529297
0.18936610221862793
0.1849515438079834
0.19139766693115234
0.19392633438110352
0.1909785270690918
0.1883563995361328
0.2333967685699463
0.22435569763183594
0.18716788291931152
0.18784165382385254
0.19020462036132812
0.18593525886535645
0.1781308650970459
0.2037639617919922
0.19480276107788086
0.19519591331481934
0.1887803077697754
0.19054198265075684
0.19297432899475098
0.18704462051391602
0.18771696090698242
0.18705320358276367
0.1878223419189453
0.18952441215515137
0.18796062469482422
0.19340872764587402
0.18533611297607422
0.18491172790527344
0.18420791625976562
0.18463683128356934
0.1881575584411621
0.19680571556091309
0.19377994537353516
0.21883654594421387
0.1919846534729004
0.18955039978027344
0.18810486793518066
0.18970155715942383
0.1962270736694336
0.188582181930542
0.18860888481140137
0.1891613006591797
0.18746685981750488
0.18831396102905273
0.1896500587463379
0.18993449211120605
0.19865083694458008
0.18524670600891113
0.21560454368591309
0.1909174919128418
0.19401240348815918
0.19173026084899902
0.18622994422912598
0.19066548347473145
0.18793439865112305
0.1938765048980713
0.19607973098754883
0.18671083450317383
0.19294047355651855
0.18891286849975586
0.1924896240234375
0.18877744674682617
0.1848914623260498
0.19557976722717285
0.19159674644470215
0.1860666275024414
0.18679380416870117
0.21523046493530273
0.2062702178955078
0.1884918212890625
0.18663382530212402
0.2429976463317871
0.19329619407653809
0.18263459205627441
0.19090485572814941
0.1782236099243164
0.1885380744934082
0.18596673011779785
0.1912078857421875
0.18672728538513184
0.21024370193481445
0.18456077575683594
0.18747782707214355
0.18787360191345215
0.18296504020690918
0.2019641399383545
0.22079753875732422
0.18111777305603027
0.18607497215270996
0.215012788772583
0.18915557861328125
0.19065475463867188
0.18917131423950195
0.1909654140472412
0.1927192211151123
0.1976633071899414
0.18550586700439453
0.1855912208557129
0.18818116188049316
0.1876230239868164
0.18541216850280762
0.1859266757965088
0.18613433837890625
0.1857442855834961
0.1851942539215088
0.18724346160888672
0.19060349464416504
0.18494033813476562
0.18757843971252441
0.18570685386657715
0.18638372421264648
0.1887810230255127
0.1905837059020996
0.19451093673706055
0.18708062171936035
0.19295406341552734
0.23369550704956055
0.18636608123779297
0.18995118141174316
0.1885223388671875
0.1853628158569336
0.1903376579284668
0.18774914741516113
0.18526077270507812
0.20009613037109375
0.1887052059173584
0.19086575508117676
0.19092059135437012
0.20698165893554688
0.1920337677001953
0.18682432174682617
0.1894679069519043
0.1978285312652588
0.20991277694702148
0.21306633949279785
0.18297410011291504
0.18631267547607422
0.20044565200805664
0.18887829780578613
0.2300403118133545
0.29473137855529785
0.20406723022460938
0.18686127662658691
0.18902039527893066
0.1867051124572754
0.18915176391601562
0.18800830841064453
0.2083897590637207
0.21098685264587402
0.18848967552185059
0.19374537467956543
0.1892530918121338
0.19018268585205078
0.2661116123199463
0.1894817352294922
0.18738770484924316
0.18652009963989258
0.18915700912475586
0.19563078880310059
0.19224858283996582
0.18401861190795898
0.1902468204498291
0.18947315216064453
0.18875432014465332
0.19799017906188965
0.18810606002807617
0.2056741714477539
0.18987631797790527
0.18966102600097656
0.19143366813659668
0.19225072860717773
0.19202947616577148
0.1916658878326416
0.18513870239257812
0.20417046546936035
0.24504423141479492
0.18748784065246582
0.18584108352661133
0.18604731559753418
0.18617820739746094
0.18879914283752441
0.18698930740356445
0.18900132179260254
0.19113850593566895
0.21145176887512207
0.18645882606506348
0.1866159439086914
0.1854712963104248
0.1911923885345459
0.18796753883361816
0.1843400001525879
0.19261574745178223
0.2020430564880371
0.18929743766784668
0.2045283317565918
0.18864870071411133
0.19769716262817383
0.19530439376831055
0.18702030181884766
0.1859884262084961
0.19386076927185059
0.18830204010009766
0.1865067481994629
0.18808698654174805
0.1874237060546875
0.18934941291809082
0.19374799728393555
0.20893549919128418
0.1885385513305664
0.19522905349731445
0.19526076316833496
0.19349288940429688
0.18524456024169922
0.18630504608154297
0.1807103157043457
0.18567776679992676
0.18712449073791504
0.17832446098327637
0.18308305740356445
0.17512893676757812
0.21676301956176758
0.18610525131225586
0.18998169898986816
0.1929779052734375
0.18717741966247559
0.19199538230895996
0.18186092376708984
0.1954951286315918
0.20798420906066895
0.18088698387145996
0.18698930740356445
0.19422459602355957
0.1882615089416504
0.18638205528259277
0.18457889556884766
0.18875527381896973
0.1852264404296875
0.19139361381530762
0.18546223640441895
0.17678356170654297
0.18779325485229492
0.2089083194732666
0.21010565757751465
0.2260587215423584
0.18686532974243164
0.18837857246398926
0.19022440910339355
0.19750523567199707
0.1910853385925293
0.18780136108398438
0.18681907653808594
0.19667792320251465
0.1917123794555664
0.18471717834472656
0.18869686126708984
0.1881115436553955
0.1889801025390625
0.2112879753112793
0.18900752067565918
0.18773174285888672
0.21264076232910156
0.18761777877807617
0.1864485740661621
0.18799805641174316
0.19989299774169922
0.19122600555419922
0.1872563362121582
0.18800711631774902
0.1877748966217041
0.1875319480895996
0.18749785423278809
0.19414830207824707
0.1840367317199707
0.18625831604003906
0.21335792541503906
0.1872119903564453
0.20025992393493652
0.18998479843139648
0.18750810623168945
0.17790627479553223
0.1893312931060791
0.19014215469360352
0.19348549842834473
0.20897793769836426
0.18905925750732422
0.21077919006347656
0.19032692909240723
0.19434022903442383
0.19127559661865234
0.18967247009277344
0.186051607131958
0.19003891944885254
0.18582582473754883
0.18867015838623047
0.17957162857055664
0.2109999656677246
0.18919777870178223
0.19138598442077637
0.22150087356567383
0.18750858306884766
0.19317340850830078
0.18949317932128906
0.1855916976928711
0.1876523494720459
0.18962979316711426
0.19447040557861328
0.19448494911193848
0.18514561653137207
0.1859421730041504
0.18758249282836914
0.21353602409362793
0.1867356300354004
0.2188551425933838
0.17996621131896973
0.18695640563964844
0.19652581214904785
0.19746732711791992
0.19258427619934082
0.19265532493591309
0.20122098922729492
0.20921969413757324
0.1937549114227295
0.19866633415222168
0.18817138671875
0.20540904998779297
0.18875551223754883
0.1914961338043213
0.19040727615356445
0.19166159629821777
0.1868743896484375
0.19356107711791992
0.2093338966369629
0.18198847770690918
0.1872107982635498
0.18915700912475586
0.2022414207458496
0.18849539756774902
0.18828201293945312
0.18545889854431152
0.18729400634765625
0.18832159042358398
0.1936194896697998
0.20908498764038086
0.18939447402954102
0.18819713592529297
0.19255423545837402
0.18713021278381348
0.20661234855651855
0.1879725456237793
0.18803191184997559
0.19416093826293945
0.2268815040588379
0.18867850303649902
0.2073678970336914
0.2133486270904541
0.2380666732788086
0.23697757720947266
0.18700242042541504
0.18876147270202637
0.19007539749145508
0.18519258499145508
0.19013643264770508
0.18904662132263184
0.2071690559387207
0.2014141082763672
0.19942426681518555
0.19121050834655762
0.1831190586090088
0.1871955394744873
0.18775510787963867
0.32303833961486816
0.1790003776550293
0.23203253746032715
0.1802685260772705
0.18576836585998535
0.23654937744140625
0.2264401912689209
0.19038891792297363
0.18715834617614746
0.19179511070251465
0.18716001510620117
0.18542027473449707
0.18805384635925293
0.18977141380310059
0.18632721900939941
0.20990920066833496
0.18723797798156738
3.188563585281372
0.18699407577514648
0.18634033203125
0.1989915370941162
0.1860218048095703
0.18784284591674805
0.18814349174499512
0.18886876106262207
0.21602463722229004
0.19065260887145996
0.18949031829833984
0.18912220001220703
0.2010364532470703
0.21425127983093262
0.19472932815551758
0.18608856201171875
0.18373441696166992
0.1876053810119629
0.18597817420959473
0.188995361328125
0.20758652687072754
0.18564534187316895
0.18534302711486816
0.19646763801574707
0.19549918174743652
0.20109987258911133
0.2126312255859375
0.18915104866027832
0.18714118003845215
0.19892382621765137
0.18645668029785156
0.19489598274230957
0.2211294174194336
0.18961262702941895
0.18716692924499512
0.20344138145446777
0.18837356567382812
0.20907354354858398
0.21226716041564941
0.177947998046875
0.19431805610656738
0.19786691665649414
0.18598651885986328
0.1940152645111084
0.18500256538391113
0.19691753387451172
0.1857283115386963
0.1886453628540039
0.18689751625061035
0.17570114135742188
0.19440579414367676
0.19399642944335938
0.18307805061340332
0.205308198928833
0.1782684326171875
0.1881246566772461
0.2087552547454834
0.18866539001464844
0.22150564193725586
0.1925487518310547
0.17888808250427246
0.22393321990966797
0.18636178970336914
0.19291234016418457
0.19317889213562012
0.19045281410217285
0.1874561309814453
0.19429636001586914
0.18710899353027344
0.1866617202758789
0.1876051425933838
0.20127058029174805
0.18887615203857422
0.1959397792816162
0.19335222244262695
0.1995103359222412
0.17992949485778809
0.18653273582458496
0.18972539901733398
0.21016454696655273
0.18827533721923828
0.20439887046813965
0.18914413452148438
0.21714377403259277
0.18583130836486816
0.18797039985656738
0.19509363174438477
0.23044204711914062
0.19013190269470215
0.18773150444030762
0.1880359649658203
0.18545246124267578
0.19684243202209473
0.18880486488342285
0.1860029697418213
0.22864222526550293
0.21741199493408203
0.21700239181518555
0.18765735626220703
0.1948702335357666
0.19396233558654785
0.18782734870910645
0.17856884002685547
0.18663954734802246
0.19457530975341797
0.18569374084472656
0.19418954849243164
0.18656015396118164
0.19159603118896484
0.20788931846618652
0.18802928924560547
0.18868517875671387
0.19522762298583984
0.1870408058166504
0.18872523307800293
0.1916203498840332
0.18559598922729492
0.18740391731262207
0.18542790412902832
0.1871955394744873
0.18407678604125977
0.1870408058166504
0.1911017894744873
0.18530535697937012
0.17962288856506348
0.2159736156463623
0.1873319149017334
0.18945574760437012
0.1929185390472412
0.18796610832214355
0.18883657455444336
0.18587064743041992
0.1861121654510498
0.1770615577697754
0.190079927444458
0.18977761268615723
0.2057797908782959
0.18984270095825195
0.1915287971496582
0.18804025650024414
0.18556857109069824
0.19727492332458496
0.2021801471710205
0.1890406608581543
0.18859171867370605
0.1890726089477539
0.18346405029296875
0.18833613395690918
0.17613697052001953
0.18925976753234863
0.1838240623474121
0.1901247501373291
0.19420480728149414
0.1938004493713379
0.18663692474365234
0.1976485252380371
0.19243884086608887
0.20697331428527832
0.19150447845458984
0.19721102714538574
0.1980266571044922
0.20197582244873047
0.1703953742980957
0.18907546997070312
0.19059491157531738
0.18885445594787598
0.20456624031066895
0.20760011672973633
0.18661069869995117
0.2546098232269287
0.1929774284362793
0.19620418548583984
0.18732023239135742
0.21323847770690918
0.18697524070739746
0.1887362003326416
0.18558216094970703
0.21257305145263672
0.19155359268188477
0.19716620445251465
0.19355010986328125
0.2541193962097168
0.22861957550048828
0.18491125106811523
0.18673038482666016
0.18977117538452148
0.1860034465789795
0.18809962272644043
0.18465733528137207
0.18819093704223633
0.1884007453918457
0.18952131271362305
0.18727374076843262
0.19378399848937988
0.21220684051513672
0.18819522857666016
0.1866161823272705
0.1856379508972168
0.1885700225830078
0.18858957290649414
0.20146846771240234
0.1991877555847168
0.1894514560699463
0.2758195400238037
0.1902627944946289
0.19555449485778809
0.18998169898986816
0.18992948532104492
