0.014004707336425781
0.014963626861572266
0.014971017837524414
0.019985675811767578
0.01300191879272461
0.02098846435546875
0.01200413703918457
0.012027978897094727
0.01299905776977539
0.012990236282348633
0.011391162872314453
0.011027097702026367
0.013984441757202148
0.013995170593261719
0.03999471664428711
0.019009113311767578
0.012996435165405273
0.012982368469238281
0.010996818542480469
0.01800823211669922
0.01600050926208496
0.011997222900390625
0.03199172019958496
0.012053489685058594
0.01202535629272461
0.013990640640258789
0.011328458786010742
0.013992786407470703
0.017001867294311523
0.011982440948486328
0.010984420776367188
0.010979890823364258
0.02498483657836914
0.01201486587524414
0.011044025421142578
0.011186361312866211
0.01599264144897461
0.030003786087036133
0.011068582534790039
0.022996902465820312
0.021990060806274414
0.01298832893371582
0.01202392578125
0.010996580123901367
0.015112161636352539
0.022998332977294922
0.0160067081451416
0.01702594757080078
0.011954545974731445
0.012000083923339844
0.01207280158996582
0.013045787811279297
0.011994600296020508
0.011982440948486328
0.014010190963745117
0.02198505401611328
0.01200103759765625
0.014034271240234375
0.05222439765930176
0.012957334518432617
0.010927438735961914
0.021568775177001953
0.02499246597290039
0.012326478958129883
0.013995170593261719
0.01400899887084961
0.012987375259399414
0.013004064559936523
0.012003183364868164
0.011011838912963867
0.01102304458618164
0.012895584106445312
0.011986494064331055
0.01299595832824707
0.01897120475769043
0.01399087905883789
0.015001296997070312
0.012991666793823242
0.012996912002563477
0.013003110885620117
0.01199650764465332
0.03502368927001953
0.02698540687561035
0.011917829513549805
0.017027854919433594
0.011999845504760742
0.010002374649047852
0.012994527816772461
0.012012004852294922
0.0119781494140625
0.012004613876342773
0.020001649856567383
0.013992071151733398
0.013334512710571289
0.01299595832824707
0.013993024826049805
0.013029813766479492
0.011931896209716797
0.011982917785644531
0.012997865676879883
0.013997316360473633
0.011928319931030273
0.028414011001586914
0.010994195938110352
0.010994195938110352
0.027874469757080078
0.0119781494140625
0.014001607894897461
0.01299142837524414
0.01139211654663086
0.013994932174682617
0.01202082633972168
0.028807640075683594
0.015055179595947266
0.011244773864746094
0.030000925064086914
0.029002904891967773
0.012015819549560547
0.012990713119506836
0.010993242263793945
0.012981176376342773
0.010462522506713867
0.010992765426635742
0.012110233306884766
0.010999917984008789
0.011930465698242188
0.014985084533691406
0.012234687805175781
0.010998010635375977
0.011010169982910156
0.01592111587524414
0.010995626449584961
0.0118865966796875
0.016021728515625
0.01898956298828125
0.03299546241760254
0.012025594711303711
0.01596522331237793
0.01100301742553711
0.010992288589477539
0.013998031616210938
0.05499982833862305
0.013005733489990234
0.0329892635345459
0.011997699737548828
0.013050079345703125
0.021005868911743164
0.01204538345336914
0.01226806640625
0.012295007705688477
0.012006998062133789
0.011928081512451172
0.020992755889892578
0.011768817901611328
0.034012794494628906
0.012099981307983398
0.011709213256835938
0.011012077331542969
0.00999903678894043
0.011994600296020508
0.01200413703918457
0.011001110076904297
0.01200103759765625
0.01195073127746582
0.011008262634277344
0.015007972717285156
0.011979341506958008
0.012044906616210938
0.011998414993286133
0.01099395751953125
0.011999130249023438
0.014005184173583984
0.012039899826049805
0.011844873428344727
0.011996269226074219
0.02996087074279785
0.011963844299316406
0.018993377685546875
0.011022090911865234
0.01200246810913086
0.012042999267578125
0.013309001922607422
0.011996269226074219
0.013059616088867188
0.014001846313476562
0.01097416877746582
0.010989665985107422
0.010970354080200195
0.010998964309692383
0.011038064956665039
0.013001203536987305
0.011994123458862305
0.013969182968139648
0.03600287437438965
0.012427091598510742
0.011998176574707031
0.011979818344116211
0.01299428939819336
0.03403162956237793
0.018538475036621094
0.021036624908447266
0.015054941177368164
0.011934518814086914
0.011994123458862305
0.010998725891113281
0.013011932373046875
0.011970758438110352
0.01100015640258789
0.01198434829711914
0.012969732284545898
0.011016607284545898
0.013199567794799805
0.011002302169799805
0.010981559753417969
0.03369951248168945
0.011200904846191406
0.03211855888366699
0.011999130249023438
0.015226125717163086
0.01798272132873535
0.011996030807495117
0.02797102928161621
0.010959863662719727
0.010997772216796875
0.011042594909667969
0.01194310188293457
0.03191733360290527
0.011283397674560547
0.010994434356689453
0.012008428573608398
0.013005971908569336
0.011960029602050781
0.030012130737304688
0.02097773551940918
0.010369300842285156
0.009999513626098633
0.012054920196533203
0.013005256652832031
0.013942480087280273
0.017772436141967773
0.014000177383422852
0.011969566345214844
0.020930767059326172
0.046968698501586914
0.010978937149047852
0.01099848747253418
0.010953664779663086
0.011996746063232422
0.011263847351074219
0.04499936103820801
0.013913631439208984
0.03686976432800293
0.01102900505065918
0.012153387069702148
0.0350642204284668
0.01200556755065918
0.03698563575744629
0.013002395629882812
0.01203298568725586
0.011000394821166992
0.011997699737548828
0.032308340072631836
0.033960580825805664
0.013055562973022461
0.010974407196044922
0.013028621673583984
0.031020402908325195
0.01600050926208496
0.010933399200439453
0.025038480758666992
0.014038801193237305
0.012991666793823242
0.011989116668701172
0.011924505233764648
0.012017488479614258
0.010995864868164062
0.011951923370361328
0.015004158020019531
0.012969970703125
0.00996088981628418
0.011995792388916016
0.030991792678833008
0.012997150421142578
0.036011457443237305
0.01500248908996582
0.010976552963256836
0.012722969055175781
0.01199960708618164
0.010964632034301758
0.011003255844116211
0.02499556541442871
0.01600480079650879
0.012030601501464844
0.012008905410766602
0.03398299217224121
0.015960216522216797
0.033004045486450195
0.012012720108032227
0.011977195739746094
0.01190805435180664
0.012981414794921875
0.011937618255615234
0.011076211929321289
0.016980409622192383
0.01192331314086914
0.012004613876342773
0.011934757232666016
0.028980255126953125
0.012044429779052734
0.011841058731079102
0.011918783187866211
0.011951446533203125
0.013002634048461914
0.012034416198730469
0.01098179817199707
0.011040449142456055
0.01096200942993164
0.011919021606445312
0.022040843963623047
0.02197861671447754
0.037029266357421875
0.012001752853393555
0.014016866683959961
0.010994195938110352
0.01317596435546875
0.013965845108032227
0.013063192367553711
0.013992786407470703
0.010874509811401367
0.010967016220092773
0.011934757232666016
0.03300309181213379
0.011938333511352539
0.011995077133178711
0.011996269226074219
0.010967731475830078
0.011008024215698242
0.012041091918945312
0.012007474899291992
0.01300358772277832
0.012192726135253906
0.018965482711791992
0.012030601501464844
0.013996601104736328
0.011935949325561523
0.012009620666503906
0.012960672378540039
0.011998891830444336
0.013005971908569336
0.011002302169799805
0.011931896209716797
0.01102137565612793
0.040996551513671875
0.038011789321899414
0.012937068939208984
0.013042449951171875
0.012973785400390625
0.011969327926635742
0.012044906616210938
0.03199577331542969
0.014035224914550781
0.014965534210205078
0.01799607276916504
0.01603388786315918
0.012029409408569336
0.012992620468139648
0.026009559631347656
0.02499222755432129
0.01195836067199707
0.013974905014038086
0.0337221622467041
0.011977195739746094
0.010972261428833008
0.010952234268188477
0.010999202728271484
0.01704692840576172
0.03299832344055176
0.011997699737548828
0.015003442764282227
0.010536909103393555
0.01199650764465332
0.010936498641967773
0.01298213005065918
0.01294398307800293
0.05695772171020508
0.011986494064331055
0.011996746063232422
0.028937816619873047
0.011029720306396484
0.01146078109741211
0.011999368667602539
0.011992692947387695
0.013010025024414062
0.03196573257446289
0.011976957321166992
0.01200556755065918
0.010015010833740234
0.027032852172851562
0.014952898025512695
0.027984619140625
0.012034893035888672
0.014001131057739258
0.010999202728271484
0.010992288589477539
0.010999441146850586
0.013981342315673828
0.011006593704223633
0.012993812561035156
0.009994029998779297
0.018241167068481445
0.13330817222595215
0.03200173377990723
0.012004613876342773
0.013994693756103516
0.011995553970336914
0.010967254638671875
0.01200723648071289
0.012995004653930664
0.012015104293823242
0.010918855667114258
0.01099705696105957
0.018986225128173828
0.01106715202331543
0.012938261032104492
0.01099252700805664
0.011954307556152344
0.017995834350585938
0.011031389236450195
0.018136024475097656
0.010988712310791016
0.012038707733154297
0.014003276824951172
0.04098916053771973
0.018975257873535156
0.012989044189453125
0.03398585319519043
0.013047456741333008
0.021027088165283203
0.04499411582946777
0.03999972343444824
0.039012908935546875
0.012000322341918945
0.03298664093017578
0.01100301742553711
0.012048482894897461
0.011960983276367188
0.011984109878540039
0.010990619659423828
0.010011434555053711
0.012971639633178711
0.013964653015136719
0.010740280151367188
0.010989189147949219
0.031991004943847656
0.011981487274169922
0.012146711349487305
0.011997461318969727
0.011990070343017578
0.013012409210205078
0.013028860092163086
0.011955976486206055
0.012958765029907227
0.011013269424438477
0.030231237411499023
0.010999917984008789
0.012024879455566406
0.010941028594970703
0.011998414993286133
0.013962268829345703
0.03400421142578125
0.015994548797607422
0.011964559555053711
0.011497735977172852
0.01217341423034668
0.013985633850097656
0.010045051574707031
0.011000394821166992
0.01297760009765625
0.01296234130859375
0.010061025619506836
0.010994434356689453
0.03801321983337402
0.011028289794921875
0.013998746871948242
0.010948896408081055
0.01100301742553711
0.026994705200195312
0.011996269226074219
0.010956048965454102
0.012000560760498047
0.013005971908569336
0.013992071151733398
0.012979269027709961
0.013011693954467773
0.010081291198730469
0.010987997055053711
0.010969400405883789
0.013004541397094727
0.012005805969238281
0.010971546173095703
0.0110321044921875
0.010963201522827148
0.013003826141357422
0.010997772216796875
0.010972023010253906
0.010981321334838867
0.011003494262695312
0.03399801254272461
0.011979818344116211
0.011240720748901367
0.011371374130249023
0.010998249053955078
0.011954545974731445
0.010997772216796875
0.011001825332641602
0.01799917221069336
0.010970592498779297
0.06997323036193848
0.012958049774169922
0.037004947662353516
0.011966705322265625
0.03401756286621094
0.010999202728271484
0.011995315551757812
0.010002851486206055
0.012995481491088867
0.011942863464355469
0.03499650955200195
0.012006759643554688
0.011997461318969727
0.012006282806396484
0.0119781494140625
0.020997285842895508
0.011998891830444336
0.011992692947387695
0.01199197769165039
0.011971473693847656
0.010998249053955078
0.011001348495483398
0.011997699737548828
0.011996030807495117
0.01796889305114746
0.011042594909667969
0.011997699737548828
0.011008739471435547
0.012919425964355469
0.011001348495483398
0.011998891830444336
0.03401994705200195
0.012002944946289062
0.026018619537353516
0.0649881362915039
0.013983011245727539
0.013901948928833008
0.013004064559936523
0.016002893447875977
0.011988401412963867
0.0200350284576416
0.011966466903686523
0.0559544563293457
0.03141641616821289
0.017993450164794922
0.040000200271606445
0.009982585906982422
0.03298044204711914
0.010994911193847656
0.012592077255249023
0.010999917984008789
0.01402735710144043
0.012000083923339844
0.012057304382324219
0.010973215103149414
0.013054609298706055
0.012992143630981445
0.012938261032104492
0.08691787719726562
0.020982980728149414
0.012572050094604492
0.010037899017333984
0.012022256851196289
0.02201104164123535
0.010995626449584961
0.03392648696899414
0.013000011444091797
0.01180720329284668
0.012003183364868164
0.010845661163330078
0.014024019241333008
0.011997699737548828
0.012058258056640625
0.012023210525512695
0.0509796142578125
0.012009382247924805
0.03999972343444824
0.04099917411804199
0.010529279708862305
0.012002706527709961
0.03278636932373047
0.012985944747924805
0.011010169982910156
0.013000249862670898
0.01294398307800293
0.01300048828125
0.01193547248840332
0.010766983032226562
0.014005184173583984
0.013006448745727539
0.014012575149536133
0.01600050926208496
0.017000436782836914
0.00999903678894043
0.011027097702026367
0.014022350311279297
0.012998104095458984
0.011054754257202148
0.015000104904174805
0.011004209518432617
0.010965347290039062
0.011034011840820312
0.01198124885559082
0.010995864868164062
0.011782646179199219
0.012972831726074219
0.012000322341918945
0.011001348495483398
0.012006998062133789
0.012965679168701172
0.03900933265686035
0.01700282096862793
0.012014627456665039
0.012000799179077148
0.03500962257385254
0.010995626449584961
0.01195216178894043
0.009995222091674805
0.012381315231323242
0.012000322341918945
0.03296661376953125
0.012972831726074219
0.02094721794128418
0.03400754928588867
0.011999845504760742
0.012994050979614258
0.012001991271972656
0.009986400604248047
0.010992765426635742
0.012974739074707031
0.013965606689453125
0.012440919876098633
0.010940790176391602
0.01094675064086914
0.020964860916137695
0.010991573333740234
0.011002302169799805
0.012002229690551758
0.011461496353149414
0.011993408203125
0.01296854019165039
0.012981891632080078
0.011991262435913086
0.012264251708984375
0.010998964309692383
0.011949777603149414
0.020923137664794922
0.013001441955566406
0.038935184478759766
0.018014907836914062
0.011001110076904297
0.01193094253540039
0.014021873474121094
0.015002250671386719
0.012999296188354492
0.011961698532104492
0.012987852096557617
0.011936664581298828
0.012653350830078125
0.012005805969238281
0.03296828269958496
0.013019800186157227
0.012997865676879883
0.012982368469238281
0.054027557373046875
0.021010160446166992
0.011993169784545898
0.01199650764465332
0.011998891830444336
0.011907815933227539
0.011991500854492188
0.01200246810913086
0.011020660400390625
0.013901948928833008
0.011003494262695312
0.011706352233886719
0.011759757995605469
0.01895427703857422
0.04100155830383301
0.020680665969848633
0.015040159225463867
0.014997482299804688
0.012969493865966797
0.03204464912414551
0.02049422264099121
0.011937856674194336
0.014047622680664062
0.011492013931274414
0.012008190155029297
0.012000560760498047
0.012003898620605469
0.012035608291625977
0.01200556755065918
0.02704310417175293
0.02159595489501953
0.016619205474853516
0.012972831726074219
0.011992454528808594
0.03401803970336914
0.021001338958740234
0.011956453323364258
0.010916471481323242
0.011998891830444336
0.05499982833862305
0.012969255447387695
0.013017654418945312
0.011931180953979492
0.020004749298095703
0.01202082633972168
0.015035629272460938
0.012209892272949219
0.009752988815307617
0.010264873504638672
0.011998891830444336
0.013036489486694336
0.013000249862670898
0.013002634048461914
0.011111259460449219
0.011996746063232422
0.012992382049560547
0.03497052192687988
0.03690767288208008
0.015997886657714844
0.011922359466552734
0.012417316436767578
0.013007640838623047
0.01194310188293457
0.01093435287475586
0.011001825332641602
0.012998580932617188
0.010971546173095703
0.03400230407714844
0.012033462524414062
0.012205362319946289
0.011008501052856445
0.011029720306396484
0.012996673583984375
0.013026952743530273
0.012971162796020508
0.034999847412109375
0.011002779006958008
0.012895822525024414
0.011296749114990234
0.011932611465454102
0.013039112091064453
0.013982772827148438
0.016034364700317383
0.011995077133178711
0.011929988861083984
0.011021137237548828
0.01097249984741211
0.011003494262695312
0.012006044387817383
0.014916419982910156
0.01250314712524414
0.01099085807800293
0.010996580123901367
0.03468823432922363
0.010926008224487305
0.01100611686706543
0.022995471954345703
0.013000249862670898
0.05400586128234863
0.012946367263793945
0.012039661407470703
0.01100778579711914
0.03303933143615723
0.019036293029785156
0.01399850845336914
0.012980222702026367
0.023993968963623047
0.014999628067016602
0.012300729751586914
0.010999441146850586
0.010996818542480469
0.012996673583984375
0.011002779006958008
0.01700568199157715
0.011982440948486328
0.012015342712402344
0.013967514038085938
0.011052370071411133
0.010984659194946289
0.012961626052856445
0.03699660301208496
0.013002395629882812
0.0200042724609375
0.012049198150634766
0.013001441955566406
0.010922670364379883
0.011937856674194336
0.012004613876342773
0.011999130249023438
0.024010896682739258
0.012987852096557617
0.013933897018432617
0.011040210723876953
0.03597855567932129
0.011332273483276367
0.026997089385986328
0.03400254249572754
0.012000560760498047
0.012933731079101562
0.057935237884521484
0.021947145462036133
0.020000934600830078
0.01199650764465332
0.011994123458862305
0.011000871658325195
0.013000726699829102
0.013979911804199219
0.03494548797607422
0.01195526123046875
0.013994693756103516
0.013021230697631836
0.030943870544433594
0.017994165420532227
0.016001224517822266
0.012991666793823242
0.03305768966674805
0.011949777603149414
0.03399085998535156
0.011998414993286133
0.011001348495483398
0.011000871658325195
0.034215450286865234
0.01202392578125
0.019728660583496094
0.012971639633178711
0.012032032012939453
0.012009620666503906
0.011692285537719727
0.011010885238647461
0.021012067794799805
0.018991470336914062
0.011982440948486328
0.026976346969604492
0.012997865676879883
0.020003557205200195
0.01423335075378418
0.010952949523925781
0.011973142623901367
0.03997516632080078
0.01501011848449707
0.01295781135559082
0.011926651000976562
0.020129919052124023
0.011995553970336914
0.011951446533203125
0.01234745979309082
0.02413177490234375
0.020994186401367188
0.01899123191833496
0.012997627258300781
0.01170969009399414
0.010001182556152344
0.012997150421142578
0.010999679565429688
0.013936758041381836
0.011956214904785156
0.01192784309387207
0.013092756271362305
0.012058496475219727
0.012019634246826172
0.03500175476074219
0.021036148071289062
0.012041330337524414
0.011996984481811523
0.011969804763793945
0.012979269027709961
0.014002561569213867
0.010999917984008789
0.010001420974731445
0.011998891830444336
0.010996103286743164
0.011991739273071289
0.012000799179077148
0.012969970703125
0.01299428939819336
0.011952877044677734
0.012966632843017578
0.031984806060791016
0.010983943939208984
