0.014997005462646484
0.018013477325439453
0.01200246810913086
0.013994932174682617
0.012114286422729492
0.011978626251220703
0.012241363525390625
0.013991832733154297
0.012282133102416992
0.014026403427124023
0.011992216110229492
0.016000032424926758
0.03200030326843262
0.013986587524414062
0.012101411819458008
0.010997295379638672
0.010999679565429688
0.011988401412963867
0.014995574951171875
0.011991739273071289
0.012012481689453125
0.01167154312133789
0.010981082916259766
0.011162757873535156
0.011982440948486328
0.010968923568725586
0.02600717544555664
0.02500152587890625
0.012050628662109375
0.012201309204101562
0.009975671768188477
0.011933326721191406
0.014000177383422852
0.013978958129882812
0.01092672348022461
0.014032840728759766
0.01099252700805664
0.011989593505859375
0.013996124267578125
0.04583024978637695
0.011998414993286133
0.011641979217529297
0.01299905776977539
0.01999664306640625
0.012024164199829102
0.01196742057800293
0.025560617446899414
0.023988723754882812
0.011934518814086914
0.013992071151733398
0.011994361877441406
0.013991117477416992
0.015974044799804688
0.016021013259887695
0.017997264862060547
0.01297616958618164
0.01348423957824707
0.01499629020690918
0.011014699935913086
0.01199483871459961
0.01399993896484375
0.019998788833618164
0.010006904602050781
0.013997554779052734
0.016003131866455078
0.018003463745117188
0.01199483871459961
0.01200103759765625
0.010928153991699219
0.012631893157958984
0.013000249862670898
0.01902008056640625
0.01299428939819336
0.01098775863647461
0.010919570922851562
0.009999275207519531
0.019001245498657227
0.012005090713500977
0.013035058975219727
0.013991355895996094
0.011969804763793945
0.011996030807495117
0.010999202728271484
0.01099848747253418
0.011010885238647461
0.012009859085083008
0.022002458572387695
0.013026952743530273
0.010997533798217773
0.01224517822265625
0.010945796966552734
0.013997316360473633
0.011019468307495117
0.010995626449584961
0.013979434967041016
0.011978626251220703
0.01199483871459961
0.01099395751953125
0.01100921630859375
0.011020183563232422
0.011943340301513672
0.028028249740600586
0.010029315948486328
0.0269925594329834
0.014008522033691406
0.012972831726074219
0.05199122428894043
0.012992620468139648
0.012003421783447266
0.010953187942504883
0.014007806777954102
0.01198267936706543
0.013019084930419922
0.010550498962402344
0.01700139045715332
0.019988059997558594
0.017982959747314453
0.011013269424438477
0.012004852294921875
0.011926889419555664
0.013048171997070312
0.05201554298400879
0.013978719711303711
0.011260032653808594
0.010999202728271484
0.01099848747253418
0.011008262634277344
0.012982368469238281
0.011994123458862305
0.03399348258972168
0.03298497200012207
0.01099538803100586
0.014010906219482422
0.011013984680175781
0.010987281799316406
0.012042045593261719
0.011971712112426758
0.012004375457763672
0.011005401611328125
0.010004758834838867
0.010968923568725586
0.048986196517944336
0.015004396438598633
0.010985136032104492
0.014018535614013672
0.013984203338623047
0.011957406997680664
0.020999431610107422
0.01201486587524414
0.012000560760498047
0.011960268020629883
0.0349884033203125
0.010986089706420898
0.012044668197631836
0.013969182968139648
0.011985540390014648
0.011991024017333984
0.03297567367553711
0.01098489761352539
0.011974096298217773
0.010936260223388672
0.010985612869262695
0.013041257858276367
0.09023571014404297
0.022005319595336914
0.011998891830444336
0.03502774238586426
0.011124372482299805
0.020458698272705078
0.01199793815612793
0.010994434356689453
0.021971464157104492
0.01098179817199707
0.013002157211303711
0.01203012466430664
0.011996746063232422
0.035004377365112305
0.011022567749023438
0.010003328323364258
0.009963035583496094
0.011990547180175781
0.046957969665527344
0.011828422546386719
0.011986494064331055
0.011057615280151367
0.013927459716796875
0.010005474090576172
0.05597734451293945
0.012995481491088867
0.011985540390014648
0.01202535629272461
0.012990713119506836
0.04100298881530762
0.010977029800415039
0.01197504997253418
0.03196263313293457
0.012983322143554688
0.010997295379638672
0.010581254959106445
0.01196742057800293
0.012005090713500977
0.011027097702026367
0.034003496170043945
0.011016368865966797
0.01408076286315918
0.011992454528808594
0.011847496032714844
0.011957168579101562
0.010002613067626953
0.010996103286743164
0.011993885040283203
0.011990547180175781
0.02399301528930664
0.01202392578125
0.012002229690551758
0.012027978897094727
0.01299905776977539
0.031969547271728516
0.012001276016235352
0.03400444984436035
0.01202702522277832
0.013000965118408203
0.012001276016235352
0.01099395751953125
0.03300213813781738
0.013022661209106445
0.03499269485473633
0.012999296188354492
0.011001348495483398
0.011966228485107422
0.013990163803100586
0.017023801803588867
0.019999265670776367
0.011484384536743164
0.013980865478515625
0.03500103950500488
0.012040376663208008
0.012003898620605469
0.023940086364746094
0.011000394821166992
0.011945486068725586
0.026041030883789062
0.012995481491088867
0.013027429580688477
0.01201176643371582
0.011962890625
0.010934591293334961
0.011965751647949219
0.011935710906982422
0.01206517219543457
0.011934518814086914
0.010996580123901367
0.011969804763793945
0.011999130249023438
0.011993885040283203
0.010993719100952148
0.016998291015625
0.011930227279663086
0.013037919998168945
0.012984514236450195
0.010987281799316406
0.029999971389770508
0.010992050170898438
0.012006282806396484
0.013056516647338867
0.01297140121459961
0.012023448944091797
0.011969327926635742
0.010997295379638672
0.011002779006958008
0.011005878448486328
0.009998798370361328
0.011960744857788086
0.01104283332824707
0.03799724578857422
0.018958330154418945
0.01203155517578125
0.011862516403198242
0.01090550422668457
0.03003835678100586
0.06655192375183105
0.011699438095092773
0.012046575546264648
0.010992765426635742
0.011965751647949219
0.012003421783447266
0.010959863662719727
0.03799796104431152
0.012001991271972656
0.010935544967651367
0.011001348495483398
0.033983469009399414
0.011721134185791016
0.013001441955566406
0.012008190155029297
0.009995460510253906
0.012001514434814453
0.011229991912841797
0.011589288711547852
0.013999223709106445
0.03397059440612793
0.013013839721679688
0.011994600296020508
0.012014150619506836
0.010998725891113281
0.011994361877441406
0.010643720626831055
0.009998798370361328
0.012183189392089844
0.013019323348999023
0.010067939758300781
0.010004758834838867
0.011993408203125
0.011026382446289062
0.01099538803100586
0.01162862777709961
0.02105545997619629
0.010998964309692383
0.012984514236450195
0.011041879653930664
0.013340473175048828
0.011729240417480469
0.012921810150146484
0.011003971099853516
0.011000394821166992
0.011972427368164062
0.01002192497253418
0.013041973114013672
0.014009952545166016
0.01198124885559082
0.012012004852294922
0.011003732681274414
0.011993408203125
0.01098179817199707
0.036997079849243164
0.01099848747253418
0.03475594520568848
0.012929439544677734
0.012006282806396484
0.011977910995483398
0.019990205764770508
0.0330042839050293
0.011988162994384766
0.012004375457763672
0.013468503952026367
0.012502670288085938
0.016994476318359375
0.01098775863647461
0.01197052001953125
0.012979984283447266
0.011267662048339844
0.010042190551757812
0.010918378829956055
0.010736703872680664
0.013011455535888672
0.01600933074951172
0.011673212051391602
0.013002634048461914
0.012097358703613281
0.012029647827148438
0.012006759643554688
0.010994434356689453
0.016988754272460938
0.010978221893310547
0.012045621871948242
0.023008108139038086
0.013886690139770508
0.023001432418823242
0.010997772216796875
0.011968374252319336
0.010707616806030273
0.028992652893066406
0.013004064559936523
0.013980865478515625
0.034981727600097656
0.012005090713500977
0.019006729125976562
0.013003826141357422
0.01331639289855957
0.01398015022277832
0.012021780014038086
0.05202627182006836
0.013998985290527344
0.01203155517578125
0.011031627655029297
0.013966798782348633
0.022016286849975586
0.03599977493286133
0.011006593704223633
0.011965751647949219
0.01100468635559082
0.00998544692993164
0.01240229606628418
0.012000083923339844
0.011993169784545898
0.011075735092163086
0.011962890625
0.011925697326660156
0.012252330780029297
0.011046409606933594
0.010968685150146484
0.011995553970336914
0.019983530044555664
0.012046337127685547
0.05598115921020508
0.011967182159423828
0.012011528015136719
0.013025999069213867
0.011996030807495117
0.012031316757202148
0.011962652206420898
0.012584924697875977
0.011045455932617188
0.011989593505859375
0.014969348907470703
0.01096963882446289
0.034004926681518555
0.020011186599731445
0.011990547180175781
0.00999593734741211
0.011924266815185547
0.010999917984008789
0.01299738883972168
0.01099395751953125
0.011975765228271484
0.012041091918945312
0.033987998962402344
0.012960672378540039
0.010999679565429688
0.053917884826660156
0.011976003646850586
0.01398921012878418
0.011956453323364258
0.012008428573608398
0.017900466918945312
0.010995626449584961
0.010999917984008789
0.011995077133178711
0.010045528411865234
0.012014389038085938
0.011452913284301758
0.0189971923828125
0.03295326232910156
0.011005163192749023
0.05399966239929199
0.010988473892211914
0.037183523178100586
0.0295407772064209
0.011788129806518555
0.01099085807800293
0.03412508964538574
0.011946439743041992
0.010980844497680664
0.012374162673950195
0.011996746063232422
0.01096653938293457
0.03590726852416992
0.01102304458618164
0.012001276016235352
0.013004779815673828
0.021068334579467773
0.013004302978515625
0.013971090316772461
0.012872934341430664
0.012001514434814453
0.014037847518920898
0.028514623641967773
0.012997627258300781
0.032955169677734375
0.013004541397094727
0.03399944305419922
0.021008729934692383
0.031015396118164062
0.01844644546508789
0.01199197769165039
0.012045621871948242
0.025997400283813477
0.01894378662109375
0.0200045108795166
0.011560201644897461
0.012939929962158203
0.012998104095458984
0.012154340744018555
0.011967182159423828
0.010917186737060547
0.010925769805908203
0.013027667999267578
0.03582882881164551
0.011998176574707031
0.01104116439819336
0.012003183364868164
0.018504619598388672
0.01192331314086914
0.011931180953979492
0.012934207916259766
0.019995450973510742
0.010926008224487305
0.010993242263793945
0.011999130249023438
0.011997699737548828
0.010982036590576172
0.012003898620605469
0.012003660202026367
0.012978076934814453
0.020781278610229492
0.010818958282470703
0.01099252700805664
0.011005878448486328
0.011032819747924805
0.012032270431518555
0.011991739273071289
0.010926485061645508
0.012992143630981445
0.012964725494384766
0.010921478271484375
0.011647701263427734
0.009977340698242188
0.0410003662109375
0.0429995059967041
0.012006044387817383
0.03701186180114746
0.037993431091308594
0.017986774444580078
0.10936498641967773
0.011992692947387695
0.011972665786743164
0.011936426162719727
0.031984806060791016
0.061992645263671875
0.012996196746826172
0.012004852294921875
0.010928630828857422
0.011007547378540039
0.013037681579589844
0.0349726676940918
0.011004447937011719
0.010050058364868164
0.03496956825256348
0.01296687126159668
0.020140886306762695
0.012284517288208008
0.012024402618408203
0.01173543930053711
0.03899812698364258
0.013110637664794922
0.01093292236328125
0.012978315353393555
0.013002634048461914
0.010925054550170898
0.013974428176879883
0.0340268611907959
0.012062788009643555
0.025030851364135742
0.010533332824707031
0.01195979118347168
0.01101827621459961
0.011951684951782227
0.010831832885742188
0.011950016021728516
0.01130533218383789
0.012041568756103516
0.012040138244628906
0.012006998062133789
0.010929107666015625
0.030992507934570312
0.032999277114868164
0.011990547180175781
0.012943267822265625
0.011039018630981445
0.012927055358886719
0.011921167373657227
0.012004852294921875
0.01753067970275879
0.03400301933288574
0.012990236282348633
0.012000083923339844
0.012613058090209961
0.04899430274963379
0.012745380401611328
0.033982038497924805
0.051939964294433594
0.0343170166015625
0.011982440948486328
0.012025594711303711
0.011994600296020508
0.012992382049560547
0.01300191879272461
0.010824203491210938
0.012996673583984375
0.012022256851196289
0.010997295379638672
0.012967348098754883
0.012961626052856445
0.014955997467041016
0.011979818344116211
0.011461973190307617
0.01200723648071289
0.011243104934692383
0.011993885040283203
0.01188039779663086
