0.016041278839111328
0.013976812362670898
0.013016223907470703
0.012001514434814453
0.014000892639160156
0.01498723030090332
0.01099395751953125
0.011287689208984375
0.01195979118347168
0.011995077133178711
0.010991096496582031
0.015001058578491211
0.014990806579589844
0.01398611068725586
0.01399374008178711
0.011997461318969727
0.012995719909667969
0.013003349304199219
0.024005651473999023
0.01200103759765625
0.012005329132080078
0.011986494064331055
0.012996673583984375
0.014001846313476562
0.013985872268676758
0.012969017028808594
0.014000177383422852
0.01699995994567871
0.015999317169189453
0.010994195938110352
0.011996269226074219
0.013025999069213867
0.012000560760498047
0.01500844955444336
0.013997793197631836
0.012006044387817383
0.01499485969543457
0.014993429183959961
0.01199483871459961
0.01301431655883789
0.010999917984008789
0.010998249053955078
0.014999866485595703
0.01188039779663086
0.011959314346313477
0.011020421981811523
0.01498866081237793
0.012017965316772461
0.019997596740722656
0.021979570388793945
0.028958797454833984
0.02700495719909668
0.012975215911865234
0.011539936065673828
0.01200246810913086
0.012018203735351562
0.011992692947387695
0.014011621475219727
0.011033773422241211
0.011982202529907227
0.011999368667602539
0.014016389846801758
0.013997793197631836
0.011932849884033203
0.011945247650146484
0.011996269226074219
0.01701951026916504
0.014997482299804688
0.013949871063232422
0.010904788970947266
0.036017417907714844
0.01998734474182129
0.012994766235351562
0.015004873275756836
0.0186612606048584
0.011672496795654297
0.01302194595336914
0.01899433135986328
0.02600836753845215
0.04698014259338379
0.012004613876342773
0.011996030807495117
0.012350082397460938
0.012000083923339844
0.01299905776977539
0.014986991882324219
0.013002157211303711
0.03301882743835449
0.013073444366455078
0.015996456146240234
0.014000654220581055
0.014976024627685547
0.01600337028503418
0.019004106521606445
0.023988962173461914
0.02399420738220215
0.012993574142456055
0.011021137237548828
0.014000415802001953
0.010999202728271484
0.032059431076049805
0.016031503677368164
0.03101181983947754
0.021001100540161133
0.010949850082397461
0.03000330924987793
0.028978586196899414
0.015003681182861328
0.014006614685058594
0.016000986099243164
0.03600573539733887
0.011956930160522461
0.013997554779052734
0.011961221694946289
0.014013528823852539
0.017968177795410156
0.013994932174682617
0.01795816421508789
0.01398158073425293
0.01600170135498047
0.01698136329650879
0.014004707336425781
0.015995502471923828
0.012009382247924805
0.012975931167602539
0.02498340606689453
0.013998985290527344
0.014980792999267578
0.016995906829833984
0.03396105766296387
0.013959884643554688
0.013001441955566406
0.0159609317779541
0.015012264251708984
0.013997316360473633
0.014003515243530273
0.014998674392700195
0.014002561569213867
0.015002250671386719
0.011939048767089844
0.012990951538085938
0.01200246810913086
0.027003049850463867
0.05298805236816406
0.0209963321685791
0.016000747680664062
0.01199197769165039
0.012004613876342773
0.033003807067871094
0.011019706726074219
0.01202845573425293
0.013905763626098633
0.011948347091674805
0.013031959533691406
0.013007879257202148
0.012977838516235352
0.01099085807800293
0.012996912002563477
0.03699636459350586
0.01302647590637207
0.012006282806396484
0.01394796371459961
0.012998819351196289
0.010002374649047852
0.011958599090576172
0.0200040340423584
0.02002882957458496
0.015002012252807617
0.03938627243041992
0.025998592376708984
0.014014482498168945
0.011973142623901367
0.011991024017333984
0.010997295379638672
0.012000083923339844
0.011976957321166992
0.012996673583984375
0.012060165405273438
0.013982057571411133
0.011965274810791016
0.01304316520690918
0.013000249862670898
0.012989282608032227
0.011695623397827148
0.01601696014404297
0.015996932983398438
0.014019012451171875
0.01193857192993164
0.012984037399291992
0.011969327926635742
0.033994436264038086
0.013000726699829102
0.011998653411865234
0.012450695037841797
0.011993885040283203
0.013024330139160156
0.013997077941894531
0.011037588119506836
0.013968944549560547
0.011031150817871094
0.013031005859375
0.012970685958862305
0.012000560760498047
0.014333009719848633
0.013013124465942383
0.011995792388916016
0.009997844696044922
0.014015913009643555
0.013966798782348633
0.012984991073608398
0.011000394821166992
0.025977611541748047
0.011990547180175781
0.013924598693847656
0.012019634246826172
0.012171745300292969
0.01296687126159668
0.013001441955566406
0.014003515243530273
0.012021064758300781
0.011997699737548828
0.011008024215698242
0.009526729583740234
0.011941909790039062
0.011945009231567383
0.013000726699829102
0.012000799179077148
0.011028051376342773
0.012997150421142578
0.012052297592163086
0.010967254638671875
0.013995170593261719
0.01200103759765625
0.011942625045776367
0.012278556823730469
0.011966705322265625
0.011878728866577148
0.013066768646240234
0.015985727310180664
0.018021821975708008
0.013017416000366211
0.016998767852783203
0.01800370216369629
0.014965057373046875
0.013004302978515625
0.011889934539794922
0.01796102523803711
0.016933917999267578
0.059296607971191406
0.021962881088256836
0.0229642391204834
0.0180051326751709
0.019995689392089844
0.04203653335571289
0.01700282096862793
0.013036251068115234
0.012930631637573242
0.012998342514038086
0.012934684753417969
0.011960744857788086
0.014977216720581055
0.011998176574707031
0.012171745300292969
0.013002395629882812
0.014934062957763672
0.012003183364868164
0.018996477127075195
0.018997669219970703
0.015004634857177734
0.014996767044067383
0.014966726303100586
0.012015819549560547
0.01403188705444336
0.012998104095458984
0.012939929962158203
0.013004541397094727
0.01699995994567871
0.016984224319458008
0.019922494888305664
0.012001991271972656
0.013996124267578125
0.01029825210571289
0.010999917984008789
0.034000396728515625
0.038939476013183594
0.01898789405822754
0.01500082015991211
0.011687040328979492
0.011624574661254883
0.013970375061035156
0.012960195541381836
0.016950368881225586
0.011295080184936523
0.011848211288452148
0.01198577880859375
0.020984411239624023
0.016003847122192383
0.015027523040771484
0.011016607284545898
0.013013601303100586
0.011821746826171875
0.03400254249572754
0.011853456497192383
0.011001348495483398
0.014000654220581055
0.012992620468139648
0.011934757232666016
0.011999845504760742
0.011979818344116211
0.01897263526916504
0.012930154800415039
0.01400446891784668
0.01303553581237793
0.01302337646484375
0.01098942756652832
0.014004707336425781
0.016027212142944336
0.01099252700805664
0.010000467300415039
0.011000871658325195
0.01200246810913086
0.012049436569213867
0.016985416412353516
0.03702187538146973
0.012998104095458984
0.013009309768676758
0.01901078224182129
0.01901078224182129
0.012996435165405273
0.010969877243041992
0.01097249984741211
0.013001203536987305
0.01298069953918457
0.032001495361328125
0.05706286430358887
0.017064332962036133
0.012971162796020508
0.012001514434814453
0.014996767044067383
0.012998819351196289
0.01594710350036621
0.011996030807495117
0.013102293014526367
0.013001441955566406
0.017962932586669922
0.018406152725219727
0.013001680374145508
0.011997222900390625
0.013924837112426758
0.012999534606933594
0.01299905776977539
0.017998695373535156
0.012995004653930664
0.012967109680175781
0.010998010635375977
0.013996362686157227
0.015033245086669922
0.012995004653930664
0.01192927360534668
0.010961294174194336
0.011969804763793945
0.01200103759765625
0.012202024459838867
0.035003662109375
0.014008522033691406
0.011995792388916016
0.013014078140258789
0.013963699340820312
0.018996715545654297
0.01199960708618164
0.012995243072509766
0.035991668701171875
0.01605510711669922
0.014008760452270508
0.012925148010253906
0.01170206069946289
0.012932777404785156
0.013984918594360352
0.011383771896362305
0.011227607727050781
0.012994527816772461
0.011986017227172852
0.013998746871948242
0.011998176574707031
0.011001110076904297
0.012621402740478516
0.016932249069213867
0.016002893447875977
0.010954856872558594
0.012988805770874023
0.011937379837036133
0.018016338348388672
0.01900029182434082
0.011002302169799805
0.014019012451171875
0.011034488677978516
0.011997699737548828
0.013057231903076172
0.014003515243530273
0.012015104293823242
0.024982690811157227
0.010004997253417969
0.010926008224487305
0.014043092727661133
0.012044429779052734
0.016023635864257812
0.01291036605834961
0.011016607284545898
0.03200411796569824
0.012001276016235352
0.014019489288330078
0.013002395629882812
0.011993885040283203
0.013000249862670898
0.011972188949584961
0.011998414993286133
0.012994050979614258
0.012017250061035156
0.011018991470336914
0.03500556945800781
0.018999814987182617
0.014999628067016602
0.013965129852294922
0.011970281600952148
0.013997316360473633
0.012028217315673828
0.01095890998840332
0.012005805969238281
0.011173248291015625
0.011647224426269531
0.010966777801513672
0.011035680770874023
0.012017488479614258
0.013040781021118164
0.010932445526123047
0.013025283813476562
0.012004375457763672
0.011958837509155273
0.012000083923339844
0.011029243469238281
0.012003660202026367
0.03599715232849121
0.012001276016235352
0.039010047912597656
0.017999887466430664
0.011968851089477539
0.01915884017944336
0.01298832893371582
0.01200556755065918
0.01292872428894043
0.011992931365966797
0.014984369277954102
0.011950969696044922
0.012003183364868164
0.013999462127685547
0.03699922561645508
0.018033504486083984
0.012942075729370117
0.035004377365112305
0.014994144439697266
0.015012264251708984
0.017992496490478516
0.016004323959350586
0.012953758239746094
0.013760089874267578
0.01505422592163086
0.03300166130065918
0.03802013397216797
0.040999412536621094
0.016002178192138672
0.012017488479614258
0.014017581939697266
0.015012264251708984
0.019054889678955078
0.012159109115600586
0.013002395629882812
0.03500032424926758
0.011986732482910156
0.012997150421142578
0.01399850845336914
0.01700282096862793
0.019916296005249023
0.011937618255615234
0.010999917984008789
0.035001277923583984
0.011985301971435547
0.011001348495483398
0.01697826385498047
0.015998363494873047
0.013016939163208008
0.012003421783447266
0.01400899887084961
0.014013290405273438
0.013623714447021484
0.012009620666503906
0.012004613876342773
0.038971662521362305
0.01596522331237793
0.011992692947387695
0.011319875717163086
0.012995004653930664
0.014000415802001953
0.016998291015625
0.012998342514038086
0.011977434158325195
0.012996435165405273
0.051995038986206055
0.018019437789916992
0.015017271041870117
0.01399683952331543
0.013002872467041016
0.012942314147949219
0.012386083602905273
0.01697063446044922
0.04800224304199219
0.01800251007080078
0.013999700546264648
0.014004230499267578
0.013010501861572266
0.014014005661010742
0.014997005462646484
0.018473148345947266
0.012000083923339844
0.012985944747924805
0.030995845794677734
0.009997844696044922
0.012752532958984375
0.012959718704223633
0.01257634162902832
0.014039278030395508
0.014004707336425781
0.01199650764465332
0.013001203536987305
0.013003826141357422
0.01433420181274414
0.017376422882080078
0.012983083724975586
0.012988567352294922
0.012935638427734375
0.01400136947631836
0.010906457901000977
0.011000633239746094
0.010978221893310547
0.01199960708618164
0.01214742660522461
0.01300954818725586
0.015008211135864258
0.012997865676879883
0.013013839721679688
0.014962911605834961
0.015007972717285156
0.014000892639160156
0.012937545776367188
0.023959636688232422
0.020988941192626953
0.02196669578552246
0.012980461120605469
0.012003421783447266
0.011968135833740234
0.01193094253540039
0.012036561965942383
0.012036323547363281
0.010959386825561523
0.010928153991699219
0.021965503692626953
0.022954702377319336
0.013968229293823242
0.016997575759887695
0.017031431198120117
0.018009185791015625
0.012022972106933594
0.015006780624389648
0.01201319694519043
0.014995336532592773
0.01296854019165039
0.014617919921875
0.013943910598754883
0.010004281997680664
0.011913776397705078
0.01199197769165039
0.011932373046875
0.01276850700378418
0.01204824447631836
0.014001131057739258
0.01201176643371582
0.01499795913696289
0.01258230209350586
0.017035245895385742
0.016002893447875977
0.014011621475219727
0.013499736785888672
0.011026859283447266
0.02798604965209961
0.018994808197021484
0.02199387550354004
0.028130292892456055
0.016981124877929688
0.028004169464111328
0.028983354568481445
0.02500629425048828
0.038045644760131836
0.017941713333129883
0.011037349700927734
0.012002706527709961
0.020000457763671875
0.02108454704284668
0.012965917587280273
0.013967275619506836
0.0110015869140625
0.013988494873046875
0.010928630828857422
0.011884689331054688
0.013016700744628906
0.013995885848999023
0.01543116569519043
0.011923074722290039
0.011039972305297852
0.012009859085083008
0.013036251068115234
0.04199647903442383
0.012000083923339844
0.012046337127685547
0.011018753051757812
0.011036872863769531
0.033612728118896484
0.011984825134277344
0.015999317169189453
0.023005962371826172
0.018996000289916992
0.012979984283447266
0.012655973434448242
0.012074947357177734
0.012001991271972656
0.03398895263671875
0.013995647430419922
0.01097726821899414
0.012002706527709961
0.010997533798217773
0.011992454528808594
0.016004562377929688
0.020991086959838867
0.0160064697265625
0.013058662414550781
0.020038843154907227
0.021001100540161133
0.013000011444091797
0.011999130249023438
0.012001991271972656
0.03500056266784668
0.0349423885345459
0.01800251007080078
0.019034624099731445
0.03699517250061035
0.03295588493347168
0.012994527816772461
0.013902664184570312
0.0380251407623291
0.018007516860961914
0.012923240661621094
0.011997461318969727
0.011321067810058594
0.013001680374145508
0.015020370483398438
0.012983322143554688
0.011943817138671875
0.011982917785644531
0.014968633651733398
0.01500082015991211
0.013042926788330078
0.0120086669921875
0.012980461120605469
0.012998580932617188
0.014003515243530273
0.013994455337524414
0.020984649658203125
0.019996166229248047
0.011023759841918945
0.010965108871459961
0.011989355087280273
0.012990236282348633
0.012996435165405273
0.014001846313476562
0.012993812561035156
0.03399515151977539
0.019000530242919922
0.019000530242919922
0.010998725891113281
0.012980937957763672
0.013191699981689453
0.011005878448486328
0.03299903869628906
0.0359957218170166
0.019932270050048828
0.02001643180847168
0.010959386825561523
0.01999640464782715
0.02501988410949707
0.028006553649902344
0.02098703384399414
0.039011478424072266
0.020986557006835938
0.011999130249023438
0.014018058776855469
0.013017416000366211
0.012989044189453125
0.015018939971923828
0.015001773834228516
0.011919736862182617
0.013000726699829102
0.015028953552246094
0.012004852294921875
0.011995077133178711
0.03799843788146973
0.0170137882232666
0.013630151748657227
0.013047456741333008
0.03399944305419922
0.012038469314575195
0.012004375457763672
0.03745770454406738
0.01802349090576172
0.013556957244873047
0.014005661010742188
0.012920856475830078
0.034958839416503906
0.012067556381225586
0.012011528015136719
0.011909723281860352
0.010959625244140625
0.012978553771972656
0.010999679565429688
0.012001276016235352
0.012035608291625977
0.01192331314086914
0.013939142227172852
0.012005805969238281
0.010959148406982422
0.012706995010375977
0.011990547180175781
0.015002965927124023
0.013007402420043945
0.012993574142456055
0.012537240982055664
0.013991832733154297
0.012964725494384766
0.014033317565917969
0.010221719741821289
0.015018224716186523
0.012955904006958008
0.03997802734375
0.04188108444213867
0.013991832733154297
0.014000177383422852
0.011999368667602539
0.011944770812988281
0.032366275787353516
0.05298161506652832
0.023021936416625977
0.024049758911132812
0.012021541595458984
0.012003660202026367
0.013992786407470703
0.036714792251586914
0.02100229263305664
0.022032737731933594
0.012996435165405273
0.012569427490234375
0.011996984481811523
0.014012575149536133
0.01297903060913086
0.010999917984008789
0.014775514602661133
0.01192331314086914
0.013012886047363281
0.011957645416259766
0.01299595832824707
0.011990070343017578
0.015003204345703125
0.013935089111328125
0.012001991271972656
0.013041496276855469
0.013001441955566406
0.012959480285644531
0.012957572937011719
0.01903557777404785
0.013967037200927734
0.013041973114013672
0.013274431228637695
0.014035940170288086
0.011934518814086914
0.012946844100952148
0.030159473419189453
0.01298975944519043
0.012000322341918945
0.014021635055541992
0.01300191879272461
0.013999462127685547
0.01800060272216797
0.016999483108520508
0.015985727310180664
0.016002416610717773
0.012943744659423828
0.011980295181274414
0.013023614883422852
0.011007547378540039
0.010999917984008789
0.012989997863769531
0.035001516342163086
0.012994766235351562
0.014004230499267578
0.012999773025512695
0.01404571533203125
0.0390167236328125
0.017000913619995117
0.03595280647277832
0.016018152236938477
0.015017032623291016
0.014996528625488281
0.018978357315063477
0.012966394424438477
0.012001752853393555
0.012996673583984375
0.0389714241027832
0.015999794006347656
0.020007848739624023
0.019986867904663086
0.016997575759887695
0.017019987106323242
0.014039039611816406
0.012012720108032227
0.012902021408081055
0.010994911193847656
0.012001991271972656
0.011994123458862305
0.0340118408203125
0.03601527214050293
0.012995719909667969
0.013000726699829102
0.01399683952331543
0.011998891830444336
0.012546300888061523
0.015018463134765625
0.022011518478393555
0.019010066986083984
0.017999887466430664
0.012001991271972656
0.014000892639160156
0.02799057960510254
0.054987430572509766
0.012998819351196289
0.013924837112426758
0.011998891830444336
0.014017581939697266
0.014000892639160156
0.013023614883422852
0.012001752853393555
0.011989116668701172
0.010018110275268555
0.010478496551513672
0.011001825332641602
0.013007164001464844
0.04000353813171387
0.013968706130981445
0.01202535629272461
0.023485660552978516
0.012001276016235352
0.016002178192138672
0.01599597930908203
0.018981218338012695
0.020047426223754883
0.013988018035888672
0.01300191879272461
0.013054847717285156
0.010997533798217773
0.012029170989990234
0.012000799179077148
0.01199197769165039
0.009999513626098633
0.020000457763671875
0.018999099731445312
0.013001680374145508
0.014012336730957031
0.013325691223144531
0.01399540901184082
0.013002157211303711
0.013185977935791016
0.013972997665405273
0.015015363693237305
0.012968301773071289
0.01298379898071289
0.012981414794921875
0.011986732482910156
0.03296494483947754
0.013978242874145508
0.01201772689819336
0.011034488677978516
0.013119935989379883
0.013004779815673828
0.01298975944519043
0.03499746322631836
0.014054059982299805
0.010993719100952148
0.03390645980834961
0.03500175476074219
0.012013912200927734
0.013024091720581055
0.03303384780883789
0.03200078010559082
0.013994693756103516
0.010996580123901367
0.011732101440429688
0.010937690734863281
0.011998653411865234
0.012999534606933594
0.011963844299316406
0.012978076934814453
0.013995170593261719
0.014974594116210938
0.013966083526611328
0.012015581130981445
0.018965959548950195
0.013501882553100586
0.010999917984008789
0.01198887825012207
0.01193547248840332
0.01200413703918457
0.01098012924194336
0.012016773223876953
0.014003753662109375
0.01800227165222168
0.019012928009033203
0.0130157470703125
0.02000117301940918
0.014007091522216797
0.01711130142211914
0.038115739822387695
0.011000871658325195
0.012002706527709961
0.012002229690551758
0.011931657791137695
0.009952068328857422
0.012001991271972656
0.013925552368164062
0.03599858283996582
0.012967586517333984
0.011991739273071289
0.01299285888671875
0.011001825332641602
0.01291513442993164
0.03603482246398926
0.012148618698120117
0.011000633239746094
0.010737419128417969
0.012003898620605469
0.012978792190551758
0.012989997863769531
0.02096867561340332
0.014003992080688477
0.013965368270874023
0.012967824935913086
0.012964010238647461
0.012964725494384766
0.012002944946289062
0.012968063354492188
0.010895967483520508
0.01301431655883789
0.012925386428833008
0.010999917984008789
0.013977527618408203
0.01600337028503418
0.017983436584472656
0.012991189956665039
0.01399993896484375
0.012000322341918945
0.012977123260498047
0.010001182556152344
0.04801654815673828
0.013916492462158203
0.01399683952331543
0.014016866683959961
0.011998653411865234
0.010970830917358398
0.013992547988891602
0.015001535415649414
0.015997648239135742
0.012964725494384766
0.025962114334106445
0.04251551628112793
0.026502132415771484
0.02654266357421875
0.027533769607543945
0.013993978500366211
0.010971307754516602
0.033030033111572266
0.013035774230957031
0.011022329330444336
0.010998964309692383
0.014275312423706055
0.01302647590637207
0.022000789642333984
0.021970272064208984
0.012961626052856445
0.011001825332641602
0.010998725891113281
0.011474609375
0.012996673583984375
0.010917901992797852
0.013940572738647461
0.01700425148010254
0.0169985294342041
0.05969953536987305
0.019092321395874023
0.013005256652832031
0.011932611465454102
0.011999845504760742
0.06201362609863281
0.03194737434387207
0.013025045394897461
0.012709856033325195
0.011992931365966797
0.010955095291137695
0.01700305938720703
0.015001535415649414
0.01200556755065918
0.03597259521484375
0.0349733829498291
0.015004158020019531
0.012998580932617188
0.012966156005859375
0.04900360107421875
0.016003847122192383
0.019000768661499023
0.013032674789428711
0.012965202331542969
0.023004531860351562
0.012933969497680664
0.012987852096557617
0.012944459915161133
0.012992620468139648
0.01198434829711914
0.011260271072387695
0.013036489486694336
0.014001131057739258
0.011933088302612305
0.010984182357788086
0.011000871658325195
0.020003318786621094
0.020003318786621094
0.012002706527709961
0.012976884841918945
0.012224912643432617
0.010932683944702148
0.01197957992553711
0.013092517852783203
0.010982036590576172
0.011008262634277344
0.011406421661376953
0.032976627349853516
0.012510538101196289
0.01220393180847168
0.013305425643920898
0.03607296943664551
0.015996932983398438
0.011994361877441406
0.017960309982299805
0.015993833541870117
0.011961698532104492
0.014002561569213867
0.012903451919555664
0.015994548797607422
0.017997264862060547
0.01500558853149414
0.013995885848999023
0.012998342514038086
0.014003515243530273
0.012986183166503906
0.013001680374145508
0.012992143630981445
0.011219263076782227
0.011006593704223633
0.0149688720703125
0.01729726791381836
0.012998342514038086
0.012977123260498047
0.012999296188354492
0.013032913208007812
0.012993097305297852
0.013975858688354492
0.011986255645751953
0.01299428939819336
0.03336477279663086
0.02501392364501953
0.0140380859375
0.012001752853393555
0.0110015869140625
0.01896500587463379
0.019995450973510742
0.012995481491088867
0.03501009941101074
0.01297760009765625
0.01200246810913086
0.014002084732055664
0.012960433959960938
0.011994123458862305
0.011942625045776367
0.011990785598754883
0.010877370834350586
0.012615203857421875
0.009932279586791992
0.011919260025024414
0.012960433959960938
0.012005090713500977
0.012082338333129883
0.013936996459960938
0.010929107666015625
0.012015581130981445
0.03702235221862793
0.015010356903076172
0.012490272521972656
0.01096653938293457
0.014004945755004883
0.010970830917358398
0.011003255844116211
0.014038801193237305
0.013975381851196289
0.013964653015136719
0.03301668167114258
0.013583898544311523
0.01301717758178711
0.01291513442993164
0.012983083724975586
0.012407541275024414
0.011017322540283203
0.012003660202026367
0.011922597885131836
0.011923074722290039
0.014110803604125977
0.013972282409667969
0.013025760650634766
0.012906312942504883
0.011966705322265625
0.011614561080932617
0.012998819351196289
0.018018245697021484
0.014000654220581055
0.014980792999267578
0.011974096298217773
0.011919736862182617
0.03661489486694336
0.011920690536499023
0.012948036193847656
0.014032363891601562
0.012992382049560547
0.013988256454467773
0.010980844497680664
0.012998342514038086
0.011986732482910156
0.011968851089477539
0.010951995849609375
0.01400303840637207
0.034035682678222656
0.012058496475219727
0.011997461318969727
0.011014938354492188
0.012443065643310547
0.011993885040283203
0.013020515441894531
0.013031244277954102
0.014141082763671875
0.011982440948486328
0.011040687561035156
0.03399848937988281
0.012938499450683594
0.011931896209716797
0.010958671569824219
0.012995243072509766
0.014025688171386719
0.011999130249023438
0.03402137756347656
0.01600480079650879
0.03501558303833008
0.014989614486694336
0.014017105102539062
0.01399683952331543
0.011040449142456055
0.02198338508605957
0.021954059600830078
0.02698659896850586
0.02801370620727539
0.012018442153930664
0.012984514236450195
0.03545260429382324
0.012924432754516602
0.01200246810913086
0.0350034236907959
0.034966468811035156
0.03499102592468262
0.012960433959960938
0.014923572540283203
0.025011539459228516
0.01705193519592285
0.014033317565917969
0.010999202728271484
0.012861251831054688
0.012000799179077148
0.013988256454467773
0.014036893844604492
0.012935400009155273
0.011995792388916016
0.013003826141357422
0.014002323150634766
0.014009952545166016
0.014009952545166016
0.03699517250061035
0.019995689392089844
0.010996103286743164
0.012002944946289062
0.010966300964355469
0.021972179412841797
0.014001607894897461
0.012992143630981445
0.012506484985351562
0.014933586120605469
0.012976884841918945
0.011979818344116211
0.011017560958862305
0.011998653411865234
0.031998395919799805
0.012996673583984375
0.03643155097961426
0.018019676208496094
0.011995077133178711
0.03297853469848633
0.032961130142211914
0.01197504997253418
0.012970924377441406
0.012998104095458984
0.014011859893798828
0.01399540901184082
0.0340118408203125
0.012944459915161133
0.013025999069213867
0.013020038604736328
0.015002965927124023
0.013017654418945312
0.01156759262084961
0.013009309768676758
0.01900649070739746
0.03802752494812012
0.03999972343444824
0.015002250671386719
0.012994527816772461
0.011434555053710938
0.012001752853393555
0.012022972106933594
0.012019634246826172
0.014975309371948242
0.04900407791137695
0.03195905685424805
0.031996965408325195
0.011052846908569336
0.01199960708618164
0.014993906021118164
0.013998985290527344
0.011921405792236328
0.01097416877746582
0.013638019561767578
0.012000560760498047
0.013941287994384766
0.0150146484375
0.01402902603149414
0.013985395431518555
0.012880802154541016
0.011529207229614258
0.014019966125488281
0.012044429779052734
0.03400254249572754
0.017008543014526367
0.018007278442382812
0.011997222900390625
0.011895179748535156
0.013030767440795898
0.012003421783447266
0.012969255447387695
0.013004064559936523
0.025023698806762695
0.010851383209228516
0.013000249862670898
0.0190126895904541
0.012995719909667969
0.014024019241333008
0.011012792587280273
0.012979269027709961
0.03794288635253906
0.012730121612548828
0.03399515151977539
0.02196192741394043
0.012031793594360352
0.013451814651489258
0.012999773025512695
0.012024164199829102
0.01196908950805664
0.012022972106933594
0.03630638122558594
0.014017820358276367
0.01397085189819336
0.01398611068725586
0.019942522048950195
0.013991117477416992
0.012430667877197266
0.010988950729370117
0.016009092330932617
0.015038013458251953
0.015002727508544922
0.011004209518432617
0.011997222900390625
0.012982606887817383
0.011001825332641602
0.012991189956665039
0.009999752044677734
0.01093149185180664
0.012004852294921875
0.013969182968139648
0.012000083923339844
0.012994766235351562
0.0110015869140625
0.01100301742553711
0.03400850296020508
0.013986349105834961
0.010589838027954102
0.0220181941986084
0.01302957534790039
0.013970136642456055
0.012975931167602539
0.011999845504760742
0.010149478912353516
0.01603841781616211
0.017995119094848633
0.017029523849487305
0.014972448348999023
0.013988494873046875
0.011001348495483398
0.014049530029296875
0.013015270233154297
0.0160372257232666
0.010931730270385742
0.012993574142456055
0.01302194595336914
0.014996528625488281
0.013999223709106445
0.014015436172485352
0.013004541397094727
0.01205754280090332
0.011052370071411133
0.010917186737060547
0.011011600494384766
0.013005256652832031
0.013055801391601562
0.013929128646850586
0.012972116470336914
0.013957023620605469
0.016113758087158203
0.019011974334716797
0.013000965118408203
0.012758731842041016
0.012000322341918945
0.013994693756103516
0.01620173454284668
0.011812210083007812
0.013007402420043945
0.01199793815612793
0.013015270233154297
0.012966394424438477
0.012983322143554688
0.011997461318969727
0.01399850845336914
0.013998746871948242
0.04400634765625
0.018002986907958984
0.010765552520751953
0.011969327926635742
0.012005329132080078
0.010004758834838867
0.034348487854003906
0.012007951736450195
0.011951208114624023
0.013992071151733398
0.012035131454467773
0.011006355285644531
0.014183998107910156
0.01300501823425293
0.01996469497680664
0.024985790252685547
0.018984317779541016
0.03801870346069336
0.018006324768066406
0.018990278244018555
0.014002323150634766
0.03961658477783203
0.014999628067016602
0.012999534606933594
0.04103446006774902
0.0170285701751709
0.011982440948486328
0.012002944946289062
0.014018535614013672
0.05493664741516113
0.012042522430419922
0.012007474899291992
0.015009403228759766
0.020994901657104492
0.02097940444946289
0.012014150619506836
0.011980533599853516
0.013008356094360352
0.01399683952331543
0.011966228485107422
0.021029233932495117
0.012993812561035156
0.01603221893310547
0.01297450065612793
0.015006542205810547
0.01800084114074707
0.01299905776977539
0.014922857284545898
0.05806684494018555
0.012998342514038086
0.013971090316772461
0.017978429794311523
0.01298379898071289
0.040976762771606445
0.019997835159301758
0.022017717361450195
0.01898193359375
0.018003463745117188
0.012926340103149414
0.013972759246826172
0.012959480285644531
0.018988609313964844
0.018988609313964844
0.013997077941894531
0.01399540901184082
0.013992547988891602
0.011980772018432617
0.01298666000366211
0.012971639633178711
0.016000032424926758
0.014981508255004883
0.015030384063720703
0.03497171401977539
0.012982368469238281
0.016005516052246094
0.013987541198730469
0.013024568557739258
0.013011455535888672
0.04099225997924805
0.01799488067626953
0.014000177383422852
0.0329585075378418
0.014000654220581055
0.018018484115600586
0.012969017028808594
0.013010501861572266
0.011034488677978516
0.013002872467041016
0.011923551559448242
0.035964250564575195
0.017040014266967773
0.009866952896118164
0.014989852905273438
0.014001607894897461
0.01198720932006836
0.011986017227172852
0.011000633239746094
0.014009714126586914
0.014766216278076172
0.028994083404541016
0.03399252891540527
0.025983572006225586
0.011934518814086914
0.011040687561035156
0.010978937149047852
0.011987686157226562
0.01100015640258789
0.013039588928222656
0.013015508651733398
0.019001483917236328
0.020020484924316406
0.012508153915405273
0.0170137882232666
0.01699995994567871
0.010982513427734375
0.012000322341918945
0.014000892639160156
0.014976978302001953
0.0145721435546875
0.02799534797668457
0.018006563186645508
0.014002561569213867
0.015000581741333008
0.013004779815673828
0.013965845108032227
0.035948753356933594
0.012906551361083984
0.03405427932739258
0.024008750915527344
0.023003339767456055
0.011983156204223633
0.015069007873535156
0.012938976287841797
0.013497114181518555
0.016492843627929688
0.013969898223876953
0.013016700744628906
0.012996673583984375
0.017003774642944336
0.012002706527709961
0.012908458709716797
0.01400446891784668
0.011954784393310547
0.03704833984375
0.01398468017578125
0.012928009033203125
0.03839278221130371
0.021997928619384766
0.021019458770751953
0.01200723648071289
0.014997005462646484
0.01599907875061035
0.015948772430419922
0.01201629638671875
0.013016700744628906
0.03393149375915527
0.010982990264892578
0.012980937957763672
0.0149993896484375
0.011999845504760742
0.0159914493560791
0.019997596740722656
0.013002157211303711
0.014962434768676758
0.013993024826049805
0.013970375061035156
0.012974977493286133
0.010924577713012695
0.034532785415649414
0.010999441146850586
0.014009952545166016
0.01098489761352539
0.011998891830444336
0.011063814163208008
0.0370025634765625
0.016016006469726562
0.011965751647949219
0.012954235076904297
0.06100606918334961
0.03500175476074219
0.014997482299804688
0.011963605880737305
0.010982275009155273
0.012006998062133789
0.03499174118041992
0.013019800186157227
0.06298184394836426
0.017034530639648438
0.017391443252563477
0.011990785598754883
0.011992931365966797
0.012012958526611328
0.017966270446777344
0.017999649047851562
0.012945413589477539
0.01800537109375
0.017005205154418945
0.011962890625
0.033002376556396484
0.014987945556640625
0.041004180908203125
0.041004180908203125
0.012969970703125
0.012964963912963867
0.012943744659423828
0.015679359436035156
0.01699376106262207
0.015980243682861328
0.012025117874145508
0.06093645095825195
0.014930009841918945
0.017008066177368164
0.020003557205200195
0.013007879257202148
0.011991739273071289
0.010587453842163086
0.011994361877441406
0.014968156814575195
0.03999662399291992
0.019924402236938477
0.013651609420776367
0.012067079544067383
0.015972137451171875
0.015996694564819336
0.012948274612426758
0.01394033432006836
0.05098152160644531
0.016000986099243164
0.04199671745300293
0.024007320404052734
0.022997379302978516
0.013005256652832031
0.012000799179077148
0.011019229888916016
0.014257669448852539
0.013987541198730469
0.011919736862182617
0.011977672576904297
0.012015104293823242
0.01200413703918457
0.010962724685668945
0.02100086212158203
0.021999120712280273
0.019947290420532227
0.014999151229858398
0.011962890625
0.013992547988891602
0.01499176025390625
0.011180877685546875
0.010924339294433594
0.029669761657714844
0.03471016883850098
0.012999534606933594
0.01500391960144043
0.014029741287231445
0.02302241325378418
0.05524778366088867
0.010994911193847656
0.015002965927124023
0.03601384162902832
0.013980627059936523
0.014003753662109375
0.012088775634765625
0.011440515518188477
0.012009382247924805
0.012997627258300781
0.012978792190551758
0.10647392272949219
0.017992019653320312
0.01466989517211914
0.013963699340820312
0.01600170135498047
0.01200103759765625
0.012988567352294922
0.011001825332641602
0.010973691940307617
0.012004375457763672
0.011785268783569336
0.013997793197631836
0.01399850845336914
0.013002395629882812
0.03699016571044922
0.011629581451416016
0.040007591247558594
0.019005298614501953
0.016004323959350586
0.013975858688354492
0.013010263442993164
0.014002084732055664
0.012011528015136719
0.012929439544677734
0.012980222702026367
0.01404118537902832
0.03599405288696289
0.011982917785644531
0.014004230499267578
0.01396632194519043
0.010978221893310547
0.01096487045288086
0.014047622680664062
0.011966228485107422
0.013008832931518555
0.03900313377380371
0.015993595123291016
0.011969327926635742
0.012009143829345703
0.011997699737548828
0.011971235275268555
0.012006521224975586
0.013017654418945312
0.012032032012939453
0.013056516647338867
0.017032861709594727
0.014951705932617188
0.0169980525970459
0.01500844955444336
0.012650012969970703
0.013001441955566406
0.013999223709106445
0.012981653213500977
0.03298497200012207
0.010998249053955078
0.010976314544677734
0.011997461318969727
0.012967824935913086
0.012000560760498047
0.01199960708618164
0.014010906219482422
0.013995647430419922
0.011311054229736328
0.011001348495483398
0.03599953651428223
0.011017560958862305
0.011963605880737305
0.03600502014160156
0.015974044799804688
0.014994144439697266
0.013003110885620117
0.0379788875579834
0.018000364303588867
0.01199960708618164
0.018004894256591797
0.015951871871948242
0.010982275009155273
0.03401041030883789
0.01499319076538086
0.011010169982910156
0.011007308959960938
0.01294565200805664
0.012993097305297852
0.010996580123901367
0.032979488372802734
0.014006376266479492
0.013933658599853516
0.010979413986206055
0.01098179817199707
0.03047657012939453
0.013305425643920898
0.014004945755004883
0.012030363082885742
0.03696560859680176
0.03966569900512695
0.01600360870361328
0.011488914489746094
0.01200246810913086
0.03601813316345215
0.027008056640625
0.02704334259033203
0.012939929962158203
0.013016700744628906
0.012004613876342773
0.013036966323852539
0.012968778610229492
0.011890649795532227
0.015996456146240234
0.013984441757202148
0.0110015869140625
0.013004779815673828
0.03499460220336914
0.015038013458251953
0.01396489143371582
0.011962652206420898
0.012001276016235352
0.01100015640258789
0.01300358772277832
0.012001514434814453
0.03499484062194824
0.07396769523620605
0.018999814987182617
0.014007806777954102
0.012007713317871094
0.012997150421142578
0.014008283615112305
0.012005090713500977
0.012965917587280273
0.014000415802001953
0.013978004455566406
0.01799798011779785
0.01799798011779785
0.040997982025146484
0.017975330352783203
0.012274980545043945
0.01798868179321289
0.019972562789916992
0.024985074996948242
0.012931585311889648
0.013003349304199219
0.012001991271972656
0.021038532257080078
0.02294325828552246
0.017965316772460938
0.017632722854614258
0.011983871459960938
0.010946273803710938
0.013570070266723633
0.014000415802001953
0.012022733688354492
0.012001991271972656
0.014188051223754883
0.013969182968139648
0.01599287986755371
0.013962507247924805
0.01397252082824707
0.013007164001464844
0.014002084732055664
0.014016389846801758
0.03900265693664551
0.012997865676879883
0.033998966217041016
0.012707233428955078
0.031980276107788086
0.03400683403015137
0.01799774169921875
0.01799774169921875
0.013979673385620117
0.03801417350769043
0.01500558853149414
0.013017892837524414
0.01299738883972168
0.012963533401489258
0.04103708267211914
0.017993927001953125
0.01231074333190918
0.012999534606933594
0.013999700546264648
0.01304316520690918
0.03398323059082031
0.011353492736816406
0.011995792388916016
0.03399825096130371
0.03998303413391113
0.017996549606323242
0.014936447143554688
0.01499629020690918
0.012996673583984375
0.01402139663696289
0.013025760650634766
0.012923717498779297
0.012154579162597656
0.01600050926208496
0.014981746673583984
0.014000177383422852
0.013002395629882812
0.013991355895996094
0.015003204345703125
0.013925313949584961
0.01204824447631836
0.013026952743530273
0.013998746871948242
0.011937618255615234
0.011950969696044922
0.0719754695892334
0.018983840942382812
0.014001607894897461
0.013040304183959961
0.011963129043579102
0.011968374252319336
0.02600836753845215
0.014993429183959961
0.012004375457763672
0.012005329132080078
0.014003515243530273
0.017006635665893555
0.016983747482299805
0.01400303840637207
0.01200246810913086
0.01193857192993164
0.037000179290771484
0.018002748489379883
0.013988971710205078
0.011965036392211914
0.03599286079406738
0.02198624610900879
0.02104020118713379
0.013041019439697266
0.012030601501464844
0.012993574142456055
0.013562440872192383
0.01300501823425293
0.011001348495483398
0.011916160583496094
0.012995004653930664
0.011977195739746094
0.011938333511352539
0.012006759643554688
0.014037132263183594
0.012001991271972656
0.013007640838623047
0.012025117874145508
0.014553308486938477
0.011998414993286133
0.011990070343017578
0.020002365112304688
0.024013519287109375
0.024997234344482422
0.01094198226928711
0.012001991271972656
0.014001131057739258
0.031998395919799805
0.012965917587280273
0.013912200927734375
0.010983467102050781
0.012262344360351562
0.012982845306396484
0.03599858283996582
0.012992143630981445
0.009970664978027344
0.011595487594604492
0.014010429382324219
0.012985706329345703
0.012002706527709961
0.012004613876342773
0.013002634048461914
0.015971899032592773
0.016977787017822266
0.020004749298095703
0.011023759841918945
0.014915227890014648
0.013007402420043945
0.012006759643554688
0.010986089706420898
0.011934995651245117
0.013992071151733398
0.013839960098266602
0.011792182922363281
0.011998653411865234
0.013003110885620117
0.03703594207763672
0.013959169387817383
0.013003110885620117
0.014984369277954102
0.014003515243530273
0.017972707748413086
0.01999497413635254
0.011803627014160156
0.012276887893676758
0.011981487274169922
0.011967658996582031
0.013054609298706055
0.013016939163208008
0.010973215103149414
0.012997150421142578
0.011997699737548828
0.023036956787109375
0.02499532699584961
0.023999452590942383
0.012933731079101562
0.010960817337036133
0.012997865676879883
0.014008045196533203
0.06901097297668457
0.029986143112182617
0.04174041748046875
0.014015436172485352
0.01500391960144043
0.019994258880615234
0.018996477127075195
0.016002893447875977
0.012996435165405273
0.012000083923339844
0.01293182373046875
0.013126850128173828
0.010998249053955078
0.01302647590637207
0.018976926803588867
0.018996715545654297
0.013983011245727539
0.01592421531677246
0.011993408203125
0.0659329891204834
0.013002634048461914
0.020997285842895508
0.02798914909362793
0.014992475509643555
0.01600027084350586
0.01200103759765625
0.011991024017333984
0.03599667549133301
0.014993906021118164
0.014997243881225586
0.011936664581298828
0.014013290405273438
0.13456940650939941
0.13556671142578125
0.08015251159667969
0.05424237251281738
0.011951684951782227
0.014917135238647461
0.012001752853393555
0.03600502014160156
0.019003629684448242
0.011368989944458008
0.010961294174194336
0.013027667999267578
0.014029741287231445
0.013987541198730469
0.04000091552734375
0.018000364303588867
0.012982845306396484
0.015028953552246094
0.02199721336364746
0.014000654220581055
0.010999917984008789
0.011986970901489258
0.02499842643737793
0.023000240325927734
0.01197671890258789
0.013002395629882812
0.015001773834228516
0.01199960708618164
0.01895451545715332
0.021947145462036133
0.03597712516784668
0.013000011444091797
0.01267099380493164
0.012999773025512695
0.017015457153320312
0.017015457153320312
0.011989831924438477
0.014998197555541992
0.013007640838623047
0.011929035186767578
0.010918855667114258
0.01394796371459961
0.013991117477416992
0.013919591903686523
0.018979310989379883
0.013995170593261719
0.013945579528808594
0.010996818542480469
0.014000892639160156
0.01399993896484375
0.012984752655029297
0.011985540390014648
0.0359797477722168
0.012929677963256836
0.012003183364868164
0.011995553970336914
0.011033773422241211
0.018000364303588867
0.026007413864135742
0.02000260353088379
0.01900625228881836
0.015007495880126953
0.012057065963745117
0.010980844497680664
0.015053272247314453
0.03299713134765625
0.01100015640258789
0.013008832931518555
0.010999917984008789
0.011970758438110352
0.012005329132080078
0.013006448745727539
0.013001441955566406
0.012006044387817383
0.010994911193847656
0.011030197143554688
0.011937618255615234
0.03498959541320801
0.011002779006958008
0.013010740280151367
0.010729312896728516
0.01300191879272461
0.014014244079589844
0.014978170394897461
0.0399782657623291
0.01599574089050293
0.011929750442504883
0.011018037796020508
0.013003826141357422
0.012946844100952148
0.009996414184570312
0.010975837707519531
0.011986970901489258
0.012023448944091797
0.012004375457763672
0.026981115341186523
0.028007030487060547
0.010999917984008789
0.014000892639160156
0.01099705696105957
0.012963533401489258
0.013008356094360352
0.015825748443603516
0.011998176574707031
0.03800010681152344
0.015992164611816406
0.012961387634277344
0.015976905822753906
0.03499865531921387
0.018016815185546875
0.03697061538696289
0.01560521125793457
0.013972282409667969
0.01295161247253418
0.013979434967041016
0.012056350708007812
0.012004375457763672
0.012999773025512695
0.03399944305419922
0.03202223777770996
0.012002706527709961
0.012970447540283203
0.011014938354492188
0.012929201126098633
0.010982513427734375
0.012973308563232422
0.011989593505859375
0.011003732681274414
0.011991500854492188
0.011992454528808594
0.017996788024902344
0.017997026443481445
0.013056516647338867
0.011020183563232422
0.034980058670043945
0.011996269226074219
0.011993885040283203
0.012979269027709961
0.013004541397094727
0.012977838516235352
0.01200246810913086
0.010935544967651367
0.013943195343017578
0.010985851287841797
0.014031171798706055
0.034000396728515625
0.011042594909667969
0.011965036392211914
0.013427257537841797
0.011996746063232422
0.011993408203125
0.013990163803100586
0.013001680374145508
0.011001825332641602
0.011182546615600586
0.02705240249633789
0.030039548873901367
0.031001806259155273
0.013004779815673828
0.012917280197143555
0.013007402420043945
0.013027667999267578
0.011989831924438477
0.012941837310791016
0.02197098731994629
0.019986867904663086
0.03594827651977539
0.016969680786132812
0.011966705322265625
0.012000083923339844
0.01197957992553711
0.012997150421142578
0.012988090515136719
0.012949705123901367
0.02395462989807129
0.025004148483276367
0.013978242874145508
0.011957168579101562
0.013022661209106445
0.011997461318969727
0.012929201126098633
0.020028352737426758
0.058017730712890625
0.012981891632080078
0.015995025634765625
0.014042377471923828
0.01200413703918457
0.03096795082092285
0.014005899429321289
0.014679193496704102
0.011996746063232422
0.011987686157226562
0.012988805770874023
0.01125788688659668
0.022037744522094727
0.011019706726074219
0.0190279483795166
0.013006210327148438
0.014001846313476562
0.010831117630004883
0.013949871063232422
0.012001514434814453
0.013421297073364258
0.036003828048706055
0.013002634048461914
0.011004447937011719
0.05399346351623535
0.020964860916137695
0.013996362686157227
0.013972282409667969
0.01292729377746582
0.011989593505859375
0.009993791580200195
0.014005422592163086
0.04996657371520996
0.014027595520019531
0.013942241668701172
0.009998798370361328
0.013022184371948242
0.012184858322143555
0.01200103759765625
0.011982917785644531
0.012950658798217773
0.01500391960144043
0.05997920036315918
0.013042449951171875
0.012027740478515625
0.013996124267578125
0.01192164421081543
0.012966394424438477
0.012930631637573242
0.022988080978393555
0.04900002479553223
0.012998342514038086
0.013999700546264648
0.01400136947631836
0.013999700546264648
0.013019561767578125
0.014187097549438477
0.012956619262695312
0.011960029602050781
0.012930154800415039
0.012952566146850586
0.035996198654174805
0.022994518280029297
0.024007320404052734
0.012016773223876953
0.011996746063232422
0.013975381851196289
0.013000965118408203
0.034001827239990234
0.012964725494384766
0.01201319694519043
0.03600001335144043
0.013992786407470703
0.011044502258300781
0.011996030807495117
0.010995626449584961
0.038995981216430664
0.01900339126586914
0.028010129928588867
0.013959169387817383
0.013973474502563477
0.013976335525512695
0.013995647430419922
0.01400136947631836
0.019002914428710938
0.01901102066040039
0.013022422790527344
0.01800060272216797
0.012018680572509766
0.013021707534790039
0.011996030807495117
0.01299595832824707
0.014975786209106445
0.011941194534301758
0.012003421783447266
0.012006282806396484
0.01295328140258789
0.012953042984008789
0.011970281600952148
0.013220548629760742
0.012002706527709961
0.012962102890014648
0.012990236282348633
0.012964010238647461
0.014007806777954102
0.012970924377441406
0.038014888763427734
0.018982887268066406
0.012000560760498047
0.020979881286621094
0.04300808906555176
0.012019634246826172
0.01296854019165039
0.013970136642456055
0.012003660202026367
0.013015985488891602
0.013999223709106445
0.014995098114013672
0.01296544075012207
0.01296091079711914
0.014002084732055664
0.014969825744628906
0.01400136947631836
0.012981891632080078
0.012988567352294922
0.01799607276916504
0.034978628158569336
0.013000726699829102
0.01100015640258789
0.012969970703125
0.032967329025268555
0.011963129043579102
0.013014078140258789
0.013004302978515625
0.011996030807495117
0.014986038208007812
0.01299905776977539
0.014525651931762695
0.013540267944335938
0.023999929428100586
0.01298666000366211
0.013988256454467773
0.01198887825012207
0.010960817337036133
0.02099323272705078
0.01500248908996582
0.020992279052734375
0.020995378494262695
0.04203438758850098
0.02001214027404785
0.03498435020446777
0.011996984481811523
0.03500103950500488
0.05498170852661133
0.01698899269104004
0.019030332565307617
0.020992517471313477
0.014998674392700195
0.012749195098876953
0.01099848747253418
0.012001276016235352
0.02203083038330078
0.012974262237548828
0.014001846313476562
0.012023210525512695
0.013961315155029297
0.011001110076904297
0.012968778610229492
0.013004779815673828
0.01400136947631836
0.010005950927734375
0.012231826782226562
0.010427713394165039
0.012003421783447266
0.011012554168701172
0.014027833938598633
0.0459897518157959
0.016007184982299805
0.03898310661315918
0.03701353073120117
0.012014389038085938
0.013057231903076172
0.013999700546264648
0.011986732482910156
0.01499629020690918
0.011711359024047852
0.012002706527709961
0.012997627258300781
0.014966011047363281
0.014982223510742188
0.01296854019165039
0.011031389236450195
0.013920068740844727
0.03493380546569824
0.031935691833496094
0.03284454345703125
0.011767387390136719
0.013002395629882812
0.012993097305297852
0.011992692947387695
0.014019966125488281
0.015429973602294922
0.012004375457763672
0.019977331161499023
0.014001607894897461
0.012970209121704102
0.010991334915161133
0.011949539184570312
0.013973236083984375
0.02002096176147461
0.01999354362487793
0.01128840446472168
0.00999593734741211
0.05300545692443848
0.018010377883911133
0.019007205963134766
0.013980388641357422
0.010940313339233398
0.011979341506958008
0.012017488479614258
0.028006792068481445
0.028006792068481445
0.023017168045043945
0.0630183219909668
0.012955665588378906
0.015986204147338867
0.015024662017822266
0.012963294982910156
0.012015581130981445
0.012967348098754883
0.013997554779052734
0.01197504997253418
0.011831283569335938
0.012037515640258789
0.011993885040283203
0.012030601501464844
0.011962890625
0.014994382858276367
0.014956951141357422
0.011982917785644531
0.01300668716430664
0.012592315673828125
0.014015913009643555
0.0150146484375
0.01199650764465332
0.014012813568115234
0.011983633041381836
0.012037277221679688
0.012999534606933594
0.012997150421142578
0.012975931167602539
0.013040781021118164
0.012968063354492188
0.012304067611694336
0.015006303787231445
0.025975465774536133
0.026980876922607422
0.023995161056518555
0.014034271240234375
0.012934446334838867
0.012749433517456055
0.012006998062133789
0.011997222900390625
0.011984109878540039
0.01097416877746582
0.011992931365966797
0.011998653411865234
0.0449824333190918
0.03298449516296387
0.013003349304199219
0.013998746871948242
0.015998363494873047
0.03373861312866211
0.012041330337524414
0.03478837013244629
0.012984037399291992
0.012983083724975586
0.011962413787841797
0.0139923095703125
0.01898813247680664
0.039025306701660156
0.02500295639038086
0.0260009765625
0.01803135871887207
0.03397965431213379
0.017000675201416016
0.012996196746826172
0.012542963027954102
0.01206064224243164
0.013015985488891602
0.014011144638061523
0.014000415802001953
0.022003173828125
0.025003910064697266
0.03800177574157715
0.02998971939086914
0.012003421783447266
0.011003732681274414
0.011988162994384766
0.014002323150634766
0.018985271453857422
0.019983291625976562
0.012937545776367188
0.013005733489990234
0.011931419372558594
0.011991262435913086
0.012000560760498047
0.01400136947631836
0.013019323348999023
0.012017965316772461
0.012958765029907227
0.015035629272460938
0.015002250671386719
0.011937141418457031
0.013973236083984375
0.011934041976928711
0.03197932243347168
0.044986724853515625
0.04599785804748535
0.021004438400268555
0.018000364303588867
0.014013528823852539
0.01291513442993164
0.011969804763793945
0.011966943740844727
0.011916875839233398
0.010001659393310547
0.015007495880126953
0.014006853103637695
0.012011528015136719
0.015007257461547852
0.013017892837524414
0.013001441955566406
0.03200054168701172
0.012984991073608398
0.01346135139465332
0.010967254638671875
0.01199793815612793
0.011020421981811523
0.012365579605102539
0.01400899887084961
0.024990558624267578
0.02599024772644043
0.028006315231323242
0.015531778335571289
0.04297614097595215
0.015001296997070312
0.019995450973510742
0.02600407600402832
0.011984825134277344
0.012998819351196289
0.014002323150634766
0.016988277435302734
0.016970396041870117
0.017009735107421875
0.011963129043579102
0.014005899429321289
0.013000249862670898
0.013965129852294922
0.012979507446289062
0.012972831726074219
0.037018537521362305
0.014006376266479492
0.01400446891784668
0.012018918991088867
0.013992786407470703
0.03799605369567871
0.01700115203857422
0.011986017227172852
0.011979341506958008
0.012970924377441406
0.012029170989990234
0.014982461929321289
0.016000986099243164
0.012998104095458984
0.012969017028808594
0.013997316360473633
0.012996912002563477
0.012974739074707031
0.012969732284545898
0.013983726501464844
0.01598072052001953
0.017998695373535156
0.01501321792602539
0.015996932983398438
0.01499629020690918
0.015984535217285156
0.014000654220581055
0.014002799987792969
0.014004230499267578
0.015999317169189453
0.011996269226074219
0.011941194534301758
0.012001991271972656
0.01301121711730957
0.012000799179077148
0.009983301162719727
0.012983322143554688
0.01199960708618164
0.01291966438293457
0.015996932983398438
0.019992828369140625
0.026996135711669922
0.026011943817138672
0.015995502471923828
0.01899242401123047
0.016016483306884766
0.028985261917114258
0.05900144577026367
0.02701115608215332
0.01799750328063965
0.013013839721679688
0.014000892639160156
0.014980792999267578
0.014963388442993164
0.01093435287475586
0.01300668716430664
0.03400421142578125
0.04099249839782715
0.017998456954956055
0.014012575149536133
0.012997865676879883
0.014984846115112305
0.01100301742553711
0.03600788116455078
0.012034893035888672
0.010993480682373047
0.011997222900390625
0.014000654220581055
0.010995626449584961
0.011837959289550781
0.03500008583068848
0.013911008834838867
0.010952472686767578
0.03701376914978027
0.014998674392700195
0.01573491096496582
0.014036893844604492
0.01293802261352539
0.011998176574707031
0.012938976287841797
0.014000177383422852
0.01298379898071289
0.013922691345214844
0.012994766235351562
0.015024185180664062
0.015002012252807617
0.014003276824951172
0.01599907875061035
0.011932134628295898
0.013001441955566406
0.012929201126098633
0.009976863861083984
0.012005329132080078
0.01297760009765625
0.01096796989440918
0.04472517967224121
0.018021583557128906
0.012997150421142578
0.01498866081237793
0.012970209121704102
0.012115001678466797
0.051025390625
0.013931989669799805
0.010983943939208984
0.035552263259887695
0.0190885066986084
0.014995813369750977
0.011970996856689453
0.012978553771972656
0.013008832931518555
0.012976408004760742
0.012996673583984375
0.012001514434814453
0.012970209121704102
0.035001277923583984
0.012010812759399414
0.011021852493286133
0.012016057968139648
0.011935710906982422
0.011929512023925781
0.020001649856567383
0.019994497299194336
0.012963533401489258
0.013004541397094727
0.013045072555541992
0.014013051986694336
0.01914811134338379
0.017147541046142578
0.010848283767700195
0.035414934158325195
0.016181230545043945
0.015002965927124023
0.012000560760498047
0.013023853302001953
0.013005495071411133
0.013973474502563477
0.015029668807983398
0.011005878448486328
0.01292729377746582
0.011974334716796875
0.014012813568115234
0.011953592300415039
0.04098677635192871
0.02698516845703125
0.011993885040283203
0.012002229690551758
0.021018028259277344
0.012981891632080078
0.011040687561035156
0.011000394821166992
0.012000083923339844
0.032004356384277344
0.011998653411865234
0.037999629974365234
0.017007112503051758
0.012656688690185547
0.012933969497680664
0.01125645637512207
0.01200103759765625
0.014003276824951172
0.039968252182006836
0.0517275333404541
0.02973151206970215
0.027729511260986328
0.012995481491088867
0.011966705322265625
0.012994766235351562
0.015006542205810547
0.01261591911315918
0.011984109878540039
0.013000965118408203
0.013971090316772461
0.013003110885620117
0.010979890823364258
0.010950088500976562
0.011986494064331055
0.022000789642333984
0.010772705078125
0.013998031616210938
0.011128902435302734
0.013002157211303711
0.010991096496582031
0.013074159622192383
0.012994050979614258
0.012008905410766602
0.011980056762695312
0.014003515243530273
0.013003826141357422
0.012016773223876953
0.02100682258605957
0.024026155471801758
0.020998239517211914
0.011945724487304688
0.01200103759765625
0.012996435165405273
0.015032768249511719
0.011977195739746094
0.012001991271972656
0.018003225326538086
0.018999576568603516
0.018000364303588867
0.016999006271362305
0.012818098068237305
0.03294873237609863
0.011999368667602539
0.010980606079101562
0.012004375457763672
0.0110015869140625
0.011986017227172852
0.013988018035888672
0.01204824447631836
0.052985191345214844
0.01294398307800293
0.012008428573608398
0.014003753662109375
0.013000965118408203
0.020003795623779297
0.012966156005859375
0.015033960342407227
0.013999700546264648
0.011982202529907227
0.019994020462036133
0.011044502258300781
0.012008905410766602
0.037172555923461914
0.015006303787231445
0.01698780059814453
0.014993667602539062
0.01294851303100586
0.01196742057800293
0.018001794815063477
0.018004894256591797
0.01197195053100586
0.013297796249389648
0.012959480285644531
0.015999794006347656
0.014993906021118164
0.015002250671386719
0.013995885848999023
0.010996818542480469
0.011992931365966797
0.01305532455444336
0.019022703170776367
0.018024682998657227
0.04200339317321777
0.053021907806396484
0.024018287658691406
0.018003463745117188
0.015989303588867188
0.012984275817871094
0.015992164611816406
0.02100348472595215
0.013020753860473633
0.014000654220581055
0.012967348098754883
0.011701583862304688
0.014011621475219727
0.013041973114013672
0.012995719909667969
0.01399540901184082
0.013996601104736328
0.01196742057800293
0.013002634048461914
0.014009714126586914
0.012919187545776367
0.012921810150146484
0.013958930969238281
0.012004852294921875
0.012904167175292969
0.013997554779052734
0.011860847473144531
0.011017084121704102
0.014002799987792969
0.012984991073608398
0.012995243072509766
0.042999267578125
0.03303241729736328
0.0390009880065918
0.03099799156188965
0.01597309112548828
0.013008356094360352
0.02494668960571289
0.02393817901611328
0.01302480697631836
0.04100298881530762
0.043979644775390625
0.01491999626159668
0.01397085189819336
0.012004613876342773
0.010998964309692383
0.013132572174072266
0.01118922233581543
0.023991823196411133
0.024209022521972656
0.01300668716430664
0.03700113296508789
0.011951208114624023
0.03299832344055176
0.012998580932617188
0.013015985488891602
0.013984441757202148
0.012995243072509766
0.0339961051940918
0.01400303840637207
0.013964176177978516
0.016974687576293945
0.016994237899780273
0.012080907821655273
0.014996051788330078
0.013019561767578125
0.011975288391113281
0.013057708740234375
0.01501321792602539
0.012003183364868164
0.012963056564331055
0.014000415802001953
0.010953664779663086
0.020995140075683594
0.03499269485473633
0.01700448989868164
0.012960672378540039
0.012199163436889648
0.012012243270874023
0.013997793197631836
0.011937618255615234
0.032952070236206055
0.011027097702026367
0.01197361946105957
0.011992931365966797
0.012982606887817383
0.013995885848999023
0.03728222846984863
0.016002893447875977
0.01128697395324707
0.012027263641357422
0.012028694152832031
0.01294398307800293
0.014996528625488281
0.013991355895996094
0.012966632843017578
0.011992454528808594
0.01392364501953125
0.010994911193847656
0.015968799591064453
0.015000343322753906
0.017008066177368164
0.017000198364257812
0.01299738883972168
0.010976552963256836
0.012390375137329102
0.012002944946289062
0.012955427169799805
0.010997295379638672
0.017997264862060547
0.011022806167602539
0.012984037399291992
0.011996030807495117
0.01899862289428711
0.040970802307128906
0.040970802307128906
0.012985944747924805
0.013019323348999023
0.011949777603149414
0.013556480407714844
0.013029813766479492
0.012531042098999023
0.013897418975830078
0.015511751174926758
0.012993574142456055
0.013988494873046875
0.015958309173583984
0.012971639633178711
0.011996030807495117
0.01296854019165039
0.015978336334228516
0.024985790252685547
0.020965576171875
0.0189974308013916
0.012021541595458984
0.012990474700927734
0.012947797775268555
0.012936592102050781
0.01400899887084961
0.012998819351196289
0.014975786209106445
0.034983158111572266
0.012008428573608398
0.013007402420043945
0.011962413787841797
0.018002986907958984
0.018002986907958984
0.015982866287231445
0.01203012466430664
0.011931896209716797
0.01396799087524414
0.012976884841918945
0.01398921012878418
0.03300642967224121
0.011938333511352539
0.014619588851928711
0.01605057716369629
0.03670096397399902
0.013025522232055664
0.013986587524414062
0.010988235473632812
0.025022268295288086
0.026993989944458008
0.018960952758789062
0.017993450164794922
0.013000726699829102
0.01300191879272461
0.017002582550048828
0.02627730369567871
0.03468060493469238
0.011997222900390625
0.04399681091308594
0.019014358520507812
0.05798196792602539
0.018001079559326172
0.018995046615600586
0.035002708435058594
0.015996932983398438
0.02001190185546875
0.012251853942871094
0.029012441635131836
0.026032447814941406
0.018010854721069336
0.01297307014465332
0.011988401412963867
0.011963367462158203
0.012618541717529297
0.03404641151428223
0.012006998062133789
0.0169985294342041
0.012924432754516602
0.012931346893310547
0.01200413703918457
0.01400899887084961
0.012003898620605469
0.01100015640258789
0.013042449951171875
0.015010595321655273
0.013002634048461914
0.01397705078125
0.01097726821899414
0.013009786605834961
0.011930704116821289
0.01199960708618164
0.01192927360534668
0.012006044387817383
0.011928081512451172
0.011925697326660156
0.012019157409667969
0.013000011444091797
0.012942075729370117
0.012969017028808594
0.01219487190246582
0.013928651809692383
0.011037349700927734
0.011983871459960938
0.014054059982299805
0.016965389251708984
0.020009279251098633
0.012979507446289062
0.012087821960449219
0.012935400009155273
0.013002395629882812
0.011007070541381836
0.014028310775756836
0.028048992156982422
0.049004554748535156
0.011970758438110352
0.012005805969238281
0.012000083923339844
0.01998615264892578
0.02098703384399414
0.012008428573608398
