2.7516188621520996
0.034017324447631836
0.012995004653930664
0.012473344802856445
0.011925697326660156
0.03400278091430664
0.01200556755065918
0.014004230499267578
0.010999917984008789
0.010047674179077148
0.024001598358154297
0.011996030807495117
0.012938499450683594
0.010354757308959961
0.01401066780090332
0.009998798370361328
0.011013507843017578
0.011994600296020508
0.01199483871459961
0.012984991073608398
0.012997150421142578
0.013003349304199219
0.012995719909667969
0.011992931365966797
0.014013051986694336
0.01199960708618164
0.012998580932617188
0.012001276016235352
0.013999223709106445
0.036000728607177734
0.011994600296020508
0.01598668098449707
0.01215052604675293
0.014967679977416992
0.011928081512451172
0.013007164001464844
0.009996891021728516
0.010986089706420898
0.013978719711303711
0.014984130859375
0.011995315551757812
0.01739978790283203
0.013002395629882812
0.01800370216369629
0.013039112091064453
0.016996383666992188
0.013005495071411133
0.010812044143676758
0.012002706527709961
0.012982845306396484
0.010996580123901367
0.015989303588867188
0.016965389251708984
0.013023614883422852
0.013004541397094727
0.010996341705322266
0.0110015869140625
0.012013435363769531
0.0106658935546875
0.011993646621704102
0.018014907836914062
0.011993885040283203
0.011992931365966797
0.010998010635375977
0.011994361877441406
0.012001514434814453
0.012993812561035156
0.02000594139099121
0.012195348739624023
0.011003255844116211
0.013001441955566406
0.01300191879272461
0.013015508651733398
0.04898238182067871
0.012994050979614258
0.01204228401184082
0.011988401412963867
0.010003805160522461
0.013003110885620117
0.011439085006713867
0.015992403030395508
0.012003660202026367
0.013025283813476562
0.012995004653930664
0.013005495071411133
0.011993885040283203
0.013005495071411133
0.012010812759399414
0.013044118881225586
0.01200413703918457
0.010991811752319336
0.011993885040283203
0.010999679565429688
0.010999917984008789
0.011929512023925781
0.011025667190551758
0.011925935745239258
0.05371284484863281
0.014014959335327148
0.010971546173095703
0.011936426162719727
0.011424541473388672
0.012061119079589844
0.012998819351196289
0.01196742057800293
0.01199650764465332
0.010986089706420898
0.011921167373657227
0.011003494262695312
0.01099538803100586
0.012001514434814453
0.011993885040283203
0.012409687042236328
0.02676868438720703
0.011020898818969727
0.012001276016235352
0.01194620132446289
0.011005401611328125
0.013042926788330078
0.014942407608032227
0.011974811553955078
0.02097940444946289
0.012997150421142578
0.013989925384521484
0.011996269226074219
0.010992765426635742
0.011968851089477539
0.011996984481811523
0.011998176574707031
0.013993024826049805
0.014017581939697266
0.010992288589477539
0.012024164199829102
0.010928630828857422
0.02700972557067871
0.010992288589477539
0.013020992279052734
0.012002706527709961
0.010968923568725586
0.011000394821166992
0.010990619659423828
0.009995460510253906
0.015012025833129883
0.03495526313781738
0.011967658996582031
0.013022184371948242
0.011998891830444336
0.03500962257385254
0.011020183563232422
0.04001164436340332
0.010996103286743164
0.011986732482910156
0.01099848747253418
0.010997772216796875
0.010924339294433594
0.012179374694824219
0.010968208312988281
0.012981891632080078
0.011003732681274414
0.010994434356689453
0.011411190032958984
0.011037111282348633
0.012996196746826172
0.013017654418945312
0.011825323104858398
0.010947704315185547
0.012042999267578125
0.05198979377746582
0.012045860290527344
0.011931180953979492
0.012970924377441406
0.01579904556274414
0.0119781494140625
0.011998414993286133
0.011011600494384766
0.012998580932617188
0.011934041976928711
0.012272834777832031
0.035021066665649414
0.011282920837402344
0.011998891830444336
0.012000799179077148
0.011016607284545898
0.011930704116821289
0.013991355895996094
0.011983156204223633
0.011555194854736328
0.012993812561035156
0.011045455932617188
0.031998395919799805
0.01002812385559082
0.012015581130981445
0.011504888534545898
0.009946346282958984
0.011932611465454102
0.012017488479614258
0.00999760627746582
0.021971464157104492
0.010985136032104492
0.012943744659423828
0.011998891830444336
0.011995792388916016
0.011970043182373047
0.013501405715942383
0.013845443725585938
0.01300358772277832
0.030962228775024414
0.01196432113647461
0.012034416198730469
0.014927864074707031
0.033960819244384766
0.011007308959960938
0.0189969539642334
0.011352062225341797
0.011805057525634766
0.017996549606323242
0.011985540390014648
0.017992258071899414
0.011939048767089844
0.011986970901489258
0.011005640029907227
0.012024402618408203
0.011999368667602539
0.03407096862792969
0.03499102592468262
0.010992288589477539
0.028013229370117188
0.011437416076660156
0.012248039245605469
0.013012170791625977
0.019083499908447266
0.012972354888916016
0.012984037399291992
0.011980295181274414
0.012021064758300781
0.011977434158325195
0.011957168579101562
0.011001348495483398
0.011940717697143555
0.03206944465637207
0.013030290603637695
0.02000713348388672
0.024029254913330078
0.011992692947387695
0.010970830917358398
0.011001825332641602
0.11506390571594238
0.03499555587768555
0.011018514633178711
0.011287689208984375
0.012001514434814453
0.025979042053222656
0.012004375457763672
0.011007308959960938
0.019861459732055664
0.031002044677734375
0.013006925582885742
0.011919260025024414
0.012027502059936523
0.010704755783081055
0.04190349578857422
0.012001752853393555
0.025071144104003906
0.01098322868347168
0.010938644409179688
0.01098012924194336
0.010931253433227539
0.011003255844116211
0.01985311508178711
0.01199793815612793
0.01099395751953125
0.015008211135864258
0.011977672576904297
0.02448582649230957
0.011152267456054688
0.01799631118774414
0.01095438003540039
0.03400754928588867
0.010018348693847656
0.013002872467041016
0.011934041976928711
0.011940956115722656
0.029993057250976562
0.016718387603759766
0.011007308959960938
0.033000946044921875
0.012999773025512695
0.010995149612426758
0.012986898422241211
0.012000322341918945
0.01099252700805664
0.011986255645751953
0.035989999771118164
0.01396942138671875
0.012002229690551758
0.011933088302612305
0.011000394821166992
0.012921333312988281
0.011932134628295898
0.011986732482910156
