0.014001607894897461
0.015001535415649414
0.0350346565246582
0.01202392578125
0.011031389236450195
0.013946056365966797
0.011402368545532227
0.01200246810913086
0.009990930557250977
0.010968685150146484
0.010975837707519531
0.010973691940307617
0.010997772216796875
0.012001276016235352
0.01303410530090332
0.011581659317016602
0.011922359466552734
0.01170802116394043
0.013004302978515625
0.015003442764282227
0.012997865676879883
0.01209878921508789
0.012000560760498047
0.0360109806060791
0.013000011444091797
0.014015674591064453
0.012939691543579102
0.012913227081298828
0.013032674789428711
0.012987136840820312
0.014028310775756836
0.012059926986694336
0.012002706527709961
0.012974262237548828
0.01296854019165039
0.012983322143554688
0.01202392578125
0.01596808433532715
0.01303243637084961
0.01200246810913086
0.011810779571533203
0.030954360961914062
0.016019344329833984
0.015024185180664062
0.012996196746826172
0.023992061614990234
0.027005434036254883
0.013009309768676758
0.013004064559936523
0.012001276016235352
0.010998249053955078
0.03203392028808594
0.03402447700500488
0.01199650764465332
0.012039422988891602
0.03491997718811035
0.011948108673095703
0.012925148010253906
0.013982057571411133
0.010990381240844727
0.012003183364868164
0.013025045394897461
0.012999773025512695
0.01902914047241211
0.013977289199829102
0.01699233055114746
0.03699946403503418
0.018225908279418945
0.015273571014404297
0.014005899429321289
0.014995336532592773
0.012911558151245117
0.07699251174926758
0.04482603073120117
0.011925458908081055
0.02900075912475586
0.012969732284545898
0.014000892639160156
0.009987592697143555
0.011992692947387695
0.01199960708618164
0.013055801391601562
0.012968778610229492
0.01198720932006836
0.011998653411865234
0.012018680572509766
0.011003494262695312
0.012999296188354492
0.011001110076904297
0.011943817138671875
0.010998249053955078
0.03602147102355957
0.013020515441894531
0.031017065048217773
0.010999679565429688
0.012008905410766602
0.010972261428833008
0.055980682373046875
0.011965274810791016
0.02395176887512207
0.01197504997253418
0.01184701919555664
0.012011051177978516
0.011996269226074219
0.012476921081542969
0.013999223709106445
0.012005329132080078
0.01297450065612793
0.011403083801269531
0.012989044189453125
0.011968135833740234
0.012038707733154297
0.03901338577270508
0.013000249862670898
0.012027502059936523
0.012048482894897461
0.013959407806396484
0.011004447937011719
0.012989997863769531
0.020636558532714844
0.011985301971435547
0.014002561569213867
0.011911153793334961
0.013968706130981445
0.011860370635986328
0.012089014053344727
0.013001680374145508
0.013028144836425781
0.01198124885559082
0.011013984680175781
0.02199244499206543
0.013022184371948242
0.011098146438598633
0.011024713516235352
0.011977195739746094
0.013985633850097656
0.013994693756103516
0.010349512100219727
0.012002706527709961
0.011965751647949219
0.01100778579711914
0.03398728370666504
0.036991119384765625
0.0160369873046875
0.012932538986206055
0.014997243881225586
0.025003433227539062
0.013972759246826172
0.013996362686157227
0.012001991271972656
0.012941837310791016
0.01885223388671875
0.015398502349853516
0.013298273086547852
0.011996746063232422
0.012917518615722656
0.011051416397094727
0.012991905212402344
0.013995885848999023
0.011917829513549805
0.012947559356689453
0.03566598892211914
0.01099848747253418
0.010843992233276367
0.033008575439453125
0.01396799087524414
0.03494906425476074
0.012991189956665039
0.03600263595581055
0.01303410530090332
0.013362884521484375
0.01183938980102539
0.012993812561035156
0.010936260223388672
0.01200556755065918
0.013002872467041016
0.013030052185058594
0.01099252700805664
0.03399300575256348
0.015012979507446289
0.01129293441772461
0.011927366256713867
0.012996435165405273
0.011976242065429688
0.012002944946289062
0.01200103759765625
0.013009071350097656
0.012921810150146484
0.011920690536499023
0.012999773025512695
0.015043258666992188
0.010977745056152344
0.051995277404785156
0.012011528015136719
0.012008190155029297
0.012968778610229492
0.012310266494750977
0.012989044189453125
0.021041393280029297
0.020964622497558594
0.012980937957763672
0.01398158073425293
0.013001203536987305
0.011723518371582031
0.01660919189453125
0.010996818542480469
0.012356281280517578
0.036951541900634766
0.01196599006652832
0.011990785598754883
0.013675928115844727
0.011966228485107422
0.012030601501464844
0.01175546646118164
0.011039257049560547
0.02027583122253418
0.012992382049560547
0.012992620468139648
0.014061212539672852
0.011977910995483398
0.03504014015197754
0.012004375457763672
0.013973474502563477
0.014003992080688477
0.012982606887817383
0.011987686157226562
0.012329339981079102
0.011977910995483398
0.013036966323852539
0.019002676010131836
0.013350963592529297
0.014000892639160156
0.015924692153930664
0.01400613784790039
0.009963512420654297
0.019421100616455078
0.04599761962890625
0.012997150421142578
0.01201486587524414
0.012000083923339844
0.012984514236450195
0.012026309967041016
0.028983116149902344
0.030980825424194336
0.012969732284545898
0.02499556541442871
0.014983177185058594
0.015988826751708984
0.015030384063720703
0.019606351852416992
0.01799154281616211
0.011000871658325195
0.012235164642333984
0.01106405258178711
0.012027263641357422
0.014253616333007812
0.01092839241027832
0.03472590446472168
0.035001277923583984
0.01299285888671875
0.012016534805297852
0.0110015869140625
0.012006044387817383
0.010999679565429688
0.011931896209716797
0.01301717758178711
0.012020349502563477
0.010996103286743164
0.013002157211303711
0.015001773834228516
0.0159909725189209
0.033371686935424805
0.014040231704711914
0.03698539733886719
0.01200723648071289
0.010997533798217773
0.01200103759765625
0.011935234069824219
0.012051582336425781
0.012989521026611328
0.011949539184570312
0.011997699737548828
0.012030363082885742
0.012956857681274414
0.01200556755065918
0.010050535202026367
0.011000394821166992
0.013028144836425781
0.033017635345458984
0.033010005950927734
0.01191258430480957
0.01094961166381836
0.012025117874145508
0.009785652160644531
0.010469436645507812
0.010992050170898438
0.01300954818725586
0.012999296188354492
0.011000394821166992
0.012925386428833008
0.012851238250732422
0.01200246810913086
0.012965917587280273
0.011003971099853516
0.014006614685058594
0.011998653411865234
0.012018442153930664
0.012000560760498047
0.01100301742553711
0.011996746063232422
0.013026237487792969
0.03399968147277832
0.03296995162963867
0.014002561569213867
0.014000892639160156
0.010580062866210938
0.011855363845825195
0.012997150421142578
0.010983943939208984
0.012968778610229492
0.01297140121459961
0.01600050926208496
0.011997699737548828
0.027999401092529297
0.012983560562133789
0.012923955917358398
0.01198577880859375
0.02199387550354004
0.014002561569213867
0.012000083923339844
0.01302647590637207
0.020990371704101562
0.011947870254516602
0.03499794006347656
0.012999296188354492
0.011642217636108398
0.011996984481811523
0.0491945743560791
0.010915756225585938
0.012003421783447266
0.01200413703918457
0.01203608512878418
0.011998176574707031
0.01194143295288086
0.01100015640258789
0.02399897575378418
0.015996932983398438
0.012970685958862305
0.02999711036682129
0.01195383071899414
0.010971307754516602
0.010959863662719727
0.016031503677368164
0.026991605758666992
0.013001203536987305
0.012001276016235352
0.01199030876159668
0.014000654220581055
0.013997077941894531
0.01297307014465332
0.011953115463256836
0.011985063552856445
0.01192927360534668
0.012023687362670898
0.025943517684936523
0.013011932373046875
0.033336639404296875
0.03572678565979004
0.009989738464355469
0.011999368667602539
0.011013031005859375
0.032996416091918945
0.011916637420654297
0.01203012466430664
0.01296234130859375
0.013002157211303711
0.010004043579101562
0.01178431510925293
0.012012958526611328
0.08185696601867676
0.013977766036987305
0.013956785202026367
0.036004066467285156
0.01600503921508789
0.012993335723876953
0.07366943359375
0.07466292381286621
0.012004613876342773
0.010566949844360352
0.01100015640258789
0.011005401611328125
0.011998414993286133
0.03499555587768555
0.020010948181152344
0.023955345153808594
0.010992288589477539
0.024005889892578125
0.035858154296875
0.014998912811279297
0.011003255844116211
0.011944770812988281
0.011003732681274414
0.014000654220581055
0.009947776794433594
0.011987686157226562
0.012002706527709961
0.011025667190551758
0.013015031814575195
0.03267788887023926
0.011441707611083984
0.04800534248352051
0.013992547988891602
0.012008428573608398
0.01200103759765625
0.012047529220581055
0.011015653610229492
0.012326240539550781
0.035032033920288086
0.01299738883972168
0.011976242065429688
0.013015985488891602
0.010996103286743164
0.014478445053100586
0.015057802200317383
0.013997554779052734
0.017029762268066406
0.03800177574157715
0.012002944946289062
0.028005123138427734
0.010996103286743164
0.028977155685424805
0.024988651275634766
0.011987686157226562
0.019988298416137695
0.022986412048339844
0.012954950332641602
0.012031316757202148
0.012017965316772461
0.010986328125
0.011522293090820312
0.021982908248901367
0.012990951538085938
0.010921478271484375
0.011973857879638672
0.03791451454162598
0.01599884033203125
0.012559175491333008
0.039031267166137695
0.012000799179077148
0.010949850082397461
0.013014793395996094
0.01085662841796875
0.012027740478515625
0.014003515243530273
0.011997461318969727
0.013015031814575195
0.01199793815612793
0.010973215103149414
0.012002229690551758
0.012043952941894531
0.01400613784790039
0.014027118682861328
0.014146089553833008
0.010981321334838867
0.023939132690429688
0.017007112503051758
0.036267995834350586
0.01202082633972168
0.010997295379638672
0.013997077941894531
0.012996196746826172
0.010911941528320312
0.011906623840332031
0.011432170867919922
0.013989686965942383
0.014000892639160156
0.012012720108032227
0.03300046920776367
0.011931180953979492
0.011936426162719727
0.009942054748535156
0.03199934959411621
0.015060663223266602
0.015005350112915039
0.011996030807495117
0.013970375061035156
0.012997627258300781
0.013974905014038086
0.012935161590576172
0.012039422988891602
0.011000394821166992
0.013005733489990234
0.01197361946105957
0.033924102783203125
0.012022018432617188
0.014592409133911133
0.01459646224975586
0.011998414993286133
0.013001441955566406
0.01202082633972168
0.014000177383422852
0.01299285888671875
0.013966798782348633
0.011002063751220703
0.013011932373046875
0.010000228881835938
0.010001182556152344
0.03300619125366211
0.01899862289428711
0.014008045196533203
0.012041330337524414
0.011926412582397461
0.012037515640258789
0.011002540588378906
0.03201627731323242
0.011935710906982422
0.05403327941894531
0.023009300231933594
0.012874364852905273
0.012133121490478516
0.012263059616088867
0.01093149185180664
0.03406047821044922
0.06398892402648926
0.0239255428314209
0.017990827560424805
0.016003131866455078
0.012018918991088867
0.01199650764465332
0.012997865676879883
0.01200246810913086
0.012969970703125
0.012987613677978516
0.012971639633178711
0.013029336929321289
0.011995553970336914
0.011340856552124023
0.010962724685668945
0.012042045593261719
0.01201772689819336
0.01221323013305664
0.024962186813354492
0.023960351943969727
0.011016130447387695
0.05094194412231445
0.012000560760498047
0.012695789337158203
0.01299905776977539
0.01300358772277832
0.01199483871459961
0.019039630889892578
0.0220029354095459
0.047982215881347656
0.01194000244140625
0.011989831924438477
0.011026144027709961
0.0344090461730957
0.013360023498535156
0.012044191360473633
0.023040056228637695
0.011003255844116211
0.012009382247924805
0.010002851486206055
0.012303352355957031
0.012000799179077148
0.012019634246826172
0.012000799179077148
0.010029792785644531
0.03422904014587402
0.028038740158081055
0.00993037223815918
0.009968042373657227
0.012984991073608398
0.015923738479614258
0.01800084114074707
0.020003795623779297
0.011915206909179688
0.009932994842529297
0.012021780014038086
0.011444568634033203
0.010996580123901367
0.011947870254516602
0.013000011444091797
0.012453317642211914
0.013982534408569336
0.012003898620605469
0.024610042572021484
0.018980741500854492
0.015009403228759766
0.023993253707885742
0.011995315551757812
0.011968135833740234
0.01100778579711914
0.012964725494384766
0.01399374008178711
0.013977289199829102
0.019861221313476562
0.019610166549682617
0.035967111587524414
0.01096487045288086
0.011948347091674805
0.013004541397094727
0.01999378204345703
0.011968135833740234
0.016997098922729492
0.016051292419433594
0.012918949127197266
0.01199197769165039
0.011929750442504883
0.014032363891601562
0.01300191879272461
0.01296544075012207
0.012004852294921875
0.01193690299987793
0.03398704528808594
0.011901378631591797
0.01297140121459961
0.013940572738647461
0.020177602767944336
0.011999368667602539
0.011729717254638672
0.012993574142456055
0.012955188751220703
0.013036489486694336
0.010972261428833008
0.011998891830444336
0.010963678359985352
0.05202221870422363
0.04376816749572754
0.01287388801574707
0.011855602264404297
0.01299285888671875
0.014005422592163086
0.009972810745239258
0.011973857879638672
0.011170625686645508
0.018976926803588867
0.015999317169189453
0.01602029800415039
0.01196742057800293
0.012367010116577148
0.010908842086791992
0.012000560760498047
0.032999277114868164
0.010986804962158203
0.011980295181274414
0.011917591094970703
0.010990381240844727
0.012002706527709961
0.011960744857788086
0.01400303840637207
0.01798701286315918
0.013020753860473633
0.011949539184570312
0.011909008026123047
0.012969970703125
0.01801133155822754
0.010990381240844727
0.013020992279052734
0.016033172607421875
0.017972707748413086
0.03600907325744629
0.012970447540283203
0.011995553970336914
0.012000083923339844
0.011002063751220703
0.01400136947631836
0.014000415802001953
0.010986089706420898
0.03396916389465332
0.0093231201171875
0.011988162994384766
0.013164520263671875
0.06298303604125977
0.06098365783691406
0.01903247833251953
0.03500008583068848
0.017980337142944336
0.01199960708618164
0.012986183166503906
0.03926372528076172
0.012000560760498047
0.036034345626831055
0.012014150619506836
0.011947393417358398
0.036028146743774414
0.01698923110961914
0.011924266815185547
0.03500223159790039
0.010999679565429688
0.01202082633972168
0.03398013114929199
0.010978221893310547
0.01236581802368164
0.01398777961730957
0.024054765701293945
0.0365605354309082
0.012971639633178711
0.015020370483398438
0.028995990753173828
0.01100468635559082
0.01099848747253418
0.01095724105834961
0.02398824691772461
0.011947870254516602
0.01261138916015625
0.011996030807495117
0.012000799179077148
0.011752128601074219
0.012984514236450195
0.03499794006347656
0.013002872467041016
0.01600050926208496
0.014020919799804688
0.01100778579711914
0.012005090713500977
0.012282133102416992
0.014930009841918945
0.012995004653930664
0.014999866485595703
0.01101994514465332
0.012011289596557617
0.01500248908996582
0.017000436782836914
0.01898646354675293
0.019031286239624023
0.013032197952270508
0.011996746063232422
0.035042524337768555
0.01300668716430664
0.019959211349487305
0.011995315551757812
0.012001276016235352
0.010940074920654297
0.011926412582397461
0.012029647827148438
0.022023916244506836
0.01299285888671875
0.012010812759399414
0.011003971099853516
0.012533426284790039
0.012999296188354492
0.011926889419555664
0.012003660202026367
0.013039827346801758
0.012001752853393555
0.01799631118774414
0.03600621223449707
0.01129293441772461
0.011933565139770508
0.013036251068115234
0.017989158630371094
0.013007164001464844
0.010204792022705078
0.0125274658203125
0.03299975395202637
0.012012243270874023
0.011989831924438477
0.011002779006958008
0.011921405792236328
0.012024879455566406
0.03301548957824707
0.026000022888183594
0.010940790176391602
0.011374711990356445
0.014011859893798828
0.012995243072509766
0.01896834373474121
0.012045860290527344
0.011979103088378906
0.011950492858886719
0.013064861297607422
0.011997699737548828
0.011967658996582031
0.0376436710357666
0.013988494873046875
0.011988162994384766
0.012999773025512695
0.011002063751220703
0.03100728988647461
0.011606216430664062
0.011007308959960938
0.010935783386230469
0.01300191879272461
0.03503060340881348
0.011968135833740234
0.01000356674194336
0.013000249862670898
0.014033317565917969
0.03203177452087402
0.03198671340942383
0.012046575546264648
0.011999130249023438
0.013031005859375
0.0108489990234375
0.01194453239440918
0.012002706527709961
0.010973453521728516
0.012026786804199219
0.010965108871459961
0.012459516525268555
0.010985136032104492
0.012008905410766602
0.011992692947387695
0.010004043579101562
0.012989044189453125
0.022035598754882812
0.012042522430419922
0.012178182601928711
0.06399893760681152
0.013045310974121094
0.013634920120239258
0.01102900505065918
0.012993335723876953
0.013997793197631836
0.010978460311889648
0.03499770164489746
0.011018753051757812
0.012039661407470703
0.013023138046264648
0.011346578598022461
0.011998891830444336
0.010968208312988281
0.013997077941894531
0.012966394424438477
0.013003826141357422
0.010995149612426758
0.011002779006958008
0.012000322341918945
0.014974832534790039
0.010427713394165039
0.012028932571411133
0.01203155517578125
0.01498270034790039
0.015008687973022461
0.01300811767578125
0.012713432312011719
0.010986804962158203
0.009997844696044922
0.011987447738647461
0.018968820571899414
0.018993377685546875
0.011522054672241211
0.011938095092773438
0.011922597885131836
0.01097249984741211
0.013005971908569336
0.01288604736328125
0.011998891830444336
0.010969161987304688
0.013967037200927734
0.011929988861083984
0.013048171997070312
0.010733366012573242
0.012000560760498047
0.011612892150878906
0.01200103759765625
0.042978525161743164
0.04212760925292969
0.012001991271972656
0.010999917984008789
0.01102447509765625
0.011013984680175781
0.01298666000366211
0.035001516342163086
0.012992382049560547
0.010961294174194336
0.010995149612426758
0.011004924774169922
0.021004199981689453
0.012160062789916992
0.011958122253417969
0.012996196746826172
0.013003826141357422
0.017040252685546875
0.011958122253417969
0.011974811553955078
0.011983871459960938
0.011005878448486328
0.011935234069824219
0.012993097305297852
0.012996196746826172
0.012979745864868164
0.013004541397094727
0.018991947174072266
0.012013912200927734
0.012000799179077148
0.01156759262084961
0.012266159057617188
0.011614799499511719
0.012062788009643555
0.01200246810913086
0.01200103759765625
0.013237476348876953
0.014016866683959961
0.013002634048461914
0.014973163604736328
0.013028383255004883
0.012001752853393555
0.011989593505859375
0.019631147384643555
0.043996334075927734
0.012018442153930664
0.011938810348510742
0.01097869873046875
0.011006355285644531
0.014015674591064453
0.011021852493286133
0.011977672576904297
0.014021635055541992
0.014957189559936523
0.03899335861206055
0.017990827560424805
0.0120086669921875
0.012001514434814453
0.012006521224975586
0.01291036605834961
0.01402902603149414
0.020055770874023438
0.016352415084838867
0.013998270034790039
0.011003732681274414
0.011001348495483398
0.010958194732666016
0.014010429382324219
0.012984752655029297
0.013003826141357422
0.013999700546264648
0.033005475997924805
0.011999130249023438
0.010330438613891602
0.011013031005859375
0.011255979537963867
0.012998580932617188
0.010968208312988281
0.0369870662689209
0.03399491310119629
0.012944459915161133
0.01296234130859375
0.011987447738647461
0.012015581130981445
0.0360260009765625
0.011010408401489258
0.010249614715576172
0.010946989059448242
0.01292729377746582
0.011674165725708008
0.011016845703125
0.011033058166503906
0.010974645614624023
0.012756109237670898
0.011996984481811523
0.013964176177978516
0.012004375457763672
0.009980201721191406
0.021003007888793945
0.012006521224975586
0.030252456665039062
0.01198887825012207
0.013003349304199219
0.012003898620605469
0.052985191345214844
0.016005277633666992
0.01583266258239746
0.013004541397094727
0.012921333312988281
0.016000032424926758
0.017006397247314453
0.012970209121704102
0.033998727798461914
0.012998819351196289
0.012547016143798828
0.03463149070739746
0.011981725692749023
0.012021780014038086
0.012010812759399414
0.011994361877441406
0.012014627456665039
0.010987997055053711
0.011995315551757812
0.013009309768676758
0.013004064559936523
0.012997627258300781
0.01193094253540039
0.011924028396606445
0.03352808952331543
0.01398468017578125
0.018222332000732422
0.01202702522277832
0.010977029800415039
0.026999473571777344
0.016001462936401367
0.011986732482910156
0.021599531173706055
0.011961698532104492
0.01001882553100586
0.011989355087280273
0.01296377182006836
0.0110626220703125
0.011940240859985352
0.011949539184570312
0.010610818862915039
0.011945009231567383
0.014039039611816406
0.013916254043579102
0.011986255645751953
0.010996818542480469
0.014987468719482422
0.013000965118408203
0.012980461120605469
0.01200556755065918
0.011053085327148438
0.030934572219848633
0.013972759246826172
0.03702187538146973
0.014966011047363281
0.013431072235107422
0.012992143630981445
0.0180051326751709
0.013920783996582031
0.03199172019958496
0.011996269226074219
0.01300048828125
0.011969566345214844
0.01235651969909668
0.012984037399291992
0.01300048828125
0.011925697326660156
0.013970613479614258
0.012116432189941406
0.01198887825012207
0.011010408401489258
0.03200411796569824
0.010988473892211914
0.012964963912963867
0.011028766632080078
0.010970115661621094
0.036003828048706055
0.014971494674682617
0.015001296997070312
0.014968633651733398
0.013988018035888672
0.014963626861572266
0.015986204147338867
0.012417793273925781
0.01991891860961914
0.012981414794921875
0.011553525924682617
0.011003971099853516
0.012002706527709961
0.012964725494384766
0.01500558853149414
0.013015508651733398
0.014999151229858398
0.01188039779663086
0.011643409729003906
0.012000322341918945
0.011982440948486328
0.013029098510742188
0.011973381042480469
0.02298569679260254
0.015271425247192383
0.012036800384521484
0.013985633850097656
0.010973691940307617
0.010994911193847656
0.01281428337097168
0.012502431869506836
0.012965679168701172
0.037000417709350586
0.012003183364868164
0.014000415802001953
0.011005640029907227
0.012418031692504883
0.013003110885620117
0.03500199317932129
0.011988162994384766
0.011938810348510742
0.011919975280761719
0.011001348495483398
0.010995626449584961
0.019959688186645508
0.012047052383422852
0.033991098403930664
0.01099705696105957
0.014001131057739258
0.012992382049560547
0.034984588623046875
0.011616945266723633
0.012996196746826172
0.018998384475708008
0.013002872467041016
0.012918233871459961
0.02600693702697754
0.01599860191345215
0.022939443588256836
0.01239919662475586
0.011995315551757812
0.012009859085083008
0.01199650764465332
0.011979341506958008
0.011998891830444336
0.012044191360473633
0.011979341506958008
0.011989831924438477
0.013004064559936523
0.012024402618408203
0.01097416877746582
0.012014150619506836
0.010999679565429688
0.013026714324951172
0.03597569465637207
0.03497004508972168
0.044043779373168945
0.03599190711975098
0.012032508850097656
0.011996030807495117
0.012006044387817383
0.01302194595336914
0.037972211837768555
0.011962890625
0.014016151428222656
0.011967182159423828
0.012914419174194336
0.018003225326538086
0.05600142478942871
0.011994600296020508
0.012007713317871094
0.03593802452087402
0.027025699615478516
0.04998350143432617
0.011918067932128906
0.011982440948486328
0.013002157211303711
0.01101231575012207
0.01500248908996582
0.03600502014160156
0.01127004623413086
0.011998653411865234
0.0093841552734375
0.012998342514038086
0.014009475708007812
0.011992931365966797
0.013016223907470703
0.033003807067871094
0.013005971908569336
0.03492593765258789
0.011940717697143555
0.01079106330871582
0.009996891021728516
0.020964384078979492
0.010999679565429688
0.012005805969238281
0.012021780014038086
0.010995149612426758
0.012987852096557617
0.012288093566894531
0.013000965118408203
0.010998964309692383
0.011005640029907227
0.011975288391113281
0.012997627258300781
0.012979984283447266
0.01199650764465332
0.01306009292602539
0.012943506240844727
0.01200246810913086
0.013038158416748047
0.012016773223876953
0.011057376861572266
0.011921882629394531
0.011005878448486328
0.011945962905883789
0.012821674346923828
0.01203012466430664
0.04799008369445801
0.011998176574707031
0.010936260223388672
0.01318216323852539
0.012027263641357422
0.011922597885131836
0.011944293975830078
0.01398921012878418
0.011733770370483398
0.012079477310180664
0.013964653015136719
0.012007713317871094
0.012005090713500977
0.013031959533691406
0.03498125076293945
0.01301431655883789
0.011998176574707031
0.012000322341918945
0.012396097183227539
0.013020515441894531
0.013968706130981445
0.013992547988891602
0.011998414993286133
0.011932373046875
0.02100658416748047
