0.014981746673583984
0.017009258270263672
0.01298975944519043
0.04291963577270508
0.04697990417480469
0.013999223709106445
0.01298379898071289
0.013002872467041016
0.012998819351196289
0.013016939163208008
0.010976314544677734
0.01000213623046875
0.012005090713500977
0.014974117279052734
0.01198577880859375
0.03899574279785156
0.012996673583984375
0.02998185157775879
0.010998010635375977
0.013019323348999023
0.011318683624267578
0.011987686157226562
0.028012752532958984
0.012988805770874023
0.011002540588378906
0.012932300567626953
0.0200045108795166
0.012993097305297852
0.013951301574707031
0.01100301742553711
0.011991024017333984
0.01402139663696289
0.01601552963256836
0.015969038009643555
0.020381450653076172
0.017906665802001953
0.014000177383422852
0.016999244689941406
0.012019157409667969
0.01200556755065918
0.01202082633972168
0.017984628677368164
0.012923717498779297
0.014002084732055664
0.036984920501708984
0.03697609901428223
0.011000633239746094
0.01298832893371582
0.012224912643432617
0.013002395629882812
0.023978710174560547
0.010001182556152344
0.012992620468139648
0.012000560760498047
0.01800370216369629
0.014015674591064453
0.05200076103210449
0.011466264724731445
0.010994434356689453
0.013999223709106445
0.012928009033203125
0.010994434356689453
0.011991024017333984
0.01299905776977539
0.019440889358520508
0.014995813369750977
0.012999296188354492
0.014997005462646484
0.013997316360473633
0.021994352340698242
0.012991666793823242
0.012011289596557617
0.012005805969238281
0.017000913619995117
0.014990568161010742
0.014014720916748047
0.01101064682006836
0.011001110076904297
0.012967109680175781
0.012007474899291992
0.012998342514038086
0.012980222702026367
0.013004779815673828
0.010985136032104492
0.01200413703918457
0.01404571533203125
0.011985540390014648
0.013029336929321289
0.013008594512939453
0.012983083724975586
0.027770519256591797
0.010996341705322266
0.012690305709838867
0.011995792388916016
0.026993751525878906
0.02299642562866211
0.013999462127685547
0.01500082015991211
0.011977434158325195
0.012932777404785156
0.011988162994384766
0.012974739074707031
0.022997617721557617
0.022014617919921875
0.010998249053955078
0.012011051177978516
0.01402735710144043
0.014996767044067383
0.014007568359375
0.012001752853393555
0.012003898620605469
0.012982845306396484
0.013993501663208008
0.012980937957763672
0.019010543823242188
0.01201772689819336
0.03199362754821777
0.012998580932617188
0.03407716751098633
0.010998010635375977
0.012930631637573242
0.016979455947875977
0.028586149215698242
0.01141667366027832
0.01192331314086914
0.011983871459960938
0.012566328048706055
0.014994144439697266
0.01399683952331543
0.024998903274536133
0.01801443099975586
0.027987957000732422
0.033002376556396484
0.010929107666015625
0.011228799819946289
0.012000799179077148
0.012987136840820312
0.05600428581237793
0.03626608848571777
0.034276485443115234
0.012995481491088867
0.012084484100341797
0.012009143829345703
0.01501917839050293
0.011002779006958008
0.012935161590576172
0.010961532592773438
0.012969017028808594
0.014666080474853516
0.021008729934692383
0.010983705520629883
0.011996984481811523
0.011955738067626953
0.012970447540283203
0.010587215423583984
0.02000880241394043
0.021806955337524414
0.011037111282348633
0.011237382888793945
0.011997461318969727
0.012001752853393555
0.012003898620605469
0.011951684951782227
0.01101064682006836
0.011935710906982422
0.03304171562194824
0.012000083923339844
0.013003349304199219
0.035002946853637695
0.016951560974121094
0.01213979721069336
0.012990474700927734
0.01200103759765625
0.011994361877441406
0.012993335723876953
0.012945413589477539
0.014997005462646484
0.011990070343017578
0.06394028663635254
0.010997295379638672
0.01796746253967285
0.013967275619506836
0.011972665786743164
0.011002302169799805
0.010195732116699219
0.010000228881835938
0.011999130249023438
0.013015270233154297
0.01142430305480957
0.011965036392211914
0.01156926155090332
0.03399920463562012
0.013997077941894531
0.012109994888305664
0.011971473693847656
0.012059211730957031
0.0189971923828125
0.02399587631225586
0.031017780303955078
0.016002416610717773
0.012108564376831055
0.010545730590820312
0.010975360870361328
0.01192164421081543
0.010993242263793945
0.01596808433532715
0.012010335922241211
0.011319160461425781
0.012001514434814453
0.033998727798461914
0.012989282608032227
0.01202702522277832
0.011964797973632812
0.010936737060546875
0.012055635452270508
0.011997699737548828
0.011008739471435547
0.011964082717895508
0.012952566146850586
0.010998725891113281
0.020958662033081055
0.02195453643798828
0.013963937759399414
0.021570920944213867
0.021556377410888672
0.012532949447631836
0.012994766235351562
0.012005090713500977
0.01200246810913086
0.011002302169799805
0.034998178482055664
0.014997005462646484
0.012144327163696289
0.011995077133178711
0.014982223510742188
0.011977672576904297
0.012733936309814453
0.011931896209716797
0.010216474533081055
0.01168966293334961
0.013007640838623047
0.013975858688354492
0.01246333122253418
0.012970447540283203
0.018003463745117188
0.016999006271362305
0.016997814178466797
0.011997461318969727
0.03696894645690918
0.01702260971069336
0.013006210327148438
0.011998653411865234
0.011039018630981445
0.013000011444091797
0.012979269027709961
0.010998249053955078
0.011016130447387695
0.019667387008666992
0.013002634048461914
0.012959957122802734
0.012044906616210938
0.013025760650634766
0.013001680374145508
0.011981725692749023
0.015020608901977539
0.0120086669921875
0.011004924774169922
0.017705678939819336
0.01124119758605957
0.012010335922241211
0.01263737678527832
0.011936187744140625
0.011963605880737305
0.011027336120605469
0.01300358772277832
0.03205418586730957
0.011998176574707031
0.012005090713500977
0.011995792388916016
0.012002706527709961
0.013069868087768555
0.01199483871459961
0.03400015830993652
0.012985467910766602
0.012979507446289062
0.011986017227172852
0.03498673439025879
0.013978242874145508
0.011033058166503906
0.016969680786132812
0.016015291213989258
0.011748552322387695
0.01298666000366211
0.012961864471435547
0.010955810546875
0.011006593704223633
0.010984659194946289
0.009997129440307617
0.012048006057739258
0.010919809341430664
0.010988235473632812
0.012051105499267578
0.012923002243041992
0.010986089706420898
0.014012336730957031
0.01300048828125
0.011000394821166992
0.012001514434814453
0.010975122451782227
0.011001110076904297
0.013002634048461914
0.03399062156677246
0.012987136840820312
0.03296089172363281
0.011996269226074219
0.012963533401489258
0.015984535217285156
0.010983467102050781
0.010998010635375977
0.01304769515991211
0.012002229690551758
0.010950565338134766
0.010997533798217773
0.01399850845336914
0.01601552963256836
0.01396942138671875
0.011007547378540039
0.01194453239440918
0.012000799179077148
0.010994434356689453
0.01099848747253418
0.013020992279052734
0.012027502059936523
0.011716604232788086
0.013149738311767578
0.010921478271484375
0.012612342834472656
0.013017654418945312
0.05903315544128418
0.06200146675109863
0.01798844337463379
0.012005090713500977
0.011981725692749023
0.013036251068115234
0.013005495071411133
0.011990785598754883
0.010998249053955078
0.014006614685058594
0.010999202728271484
0.012974262237548828
0.032010555267333984
0.011947154998779297
0.0139923095703125
0.012970685958862305
0.011047601699829102
0.012666702270507812
0.010961055755615234
0.010920524597167969
0.011999368667602539
0.00994253158569336
0.011999130249023438
0.010877847671508789
0.02297186851501465
0.01500701904296875
0.013995885848999023
0.01196146011352539
0.01404428482055664
0.032976388931274414
0.030019283294677734
0.011994123458862305
0.011013984680175781
0.009982585906982422
0.012004852294921875
0.014997720718383789
0.011230707168579102
0.011347055435180664
0.01200103759765625
0.012137413024902344
0.012349128723144531
0.010924816131591797
0.013980627059936523
0.012022018432617188
0.011999130249023438
0.03667426109313965
0.012030363082885742
0.012743473052978516
0.014008045196533203
0.019999027252197266
0.011981487274169922
0.011939525604248047
0.010939359664916992
0.010996341705322266
0.012643575668334961
0.013011693954467773
0.012998580932617188
0.010996103286743164
0.012002229690551758
0.031004667282104492
0.011922121047973633
0.012964963912963867
0.022017478942871094
0.011982440948486328
0.01300668716430664
0.0329747200012207
0.012918710708618164
0.010000228881835938
0.03421926498413086
0.013297796249389648
0.0183868408203125
0.01824474334716797
0.009960174560546875
0.0370182991027832
0.014018535614013672
0.012995004653930664
0.01100015640258789
0.011916399002075195
0.010997295379638672
0.01099848747253418
0.013921260833740234
0.013013601303100586
0.010996341705322266
0.012018203735351562
0.011984109878540039
0.011972904205322266
0.013960599899291992
0.01100468635559082
0.011974573135375977
0.012003898620605469
0.013012886047363281
0.011031389236450195
0.03600645065307617
0.010651588439941406
0.011997699737548828
0.01197052001953125
0.011991024017333984
0.035999298095703125
0.011023998260498047
0.012917041778564453
0.01199960708618164
0.011002063751220703
0.012012481689453125
0.011983394622802734
0.01995706558227539
0.025002002716064453
0.033017635345458984
0.04461503028869629
0.010999679565429688
0.012029409408569336
0.012061834335327148
0.012385845184326172
0.012991905212402344
0.012987613677978516
0.01099848747253418
0.011000871658325195
0.012663125991821289
0.03601956367492676
0.014994382858276367
0.037018775939941406
0.016034603118896484
0.012998104095458984
0.012014389038085938
0.02100062370300293
0.011969327926635742
0.014001846313476562
0.01400446891784668
0.025002002716064453
0.016002655029296875
0.011967658996582031
0.013014078140258789
0.03600120544433594
0.017060279846191406
0.012981653213500977
0.011996984481811523
0.022176027297973633
0.012024879455566406
0.011976003646850586
0.011287450790405273
0.020001649856567383
0.034021854400634766
0.011739730834960938
0.013049602508544922
0.01081085205078125
0.036978960037231445
0.015002250671386719
0.012998104095458984
0.013983726501464844
0.01100611686706543
0.010997772216796875
0.011032819747924805
0.011994361877441406
0.012967586517333984
0.012999296188354492
0.011998176574707031
0.011026382446289062
0.012031793594360352
0.012995243072509766
0.012999534606933594
0.010609626770019531
0.011982917785644531
0.013006210327148438
0.012991189956665039
0.013941526412963867
0.011638164520263672
0.011980295181274414
0.010987043380737305
0.02198338508605957
0.013970136642456055
0.02701258659362793
0.01099848747253418
0.012008905410766602
0.011003971099853516
0.013999700546264648
0.013047456741333008
0.011926651000976562
0.023006439208984375
0.012000560760498047
0.013000011444091797
0.012006521224975586
0.012006998062133789
0.035004377365112305
0.058995723724365234
0.017000198364257812
0.019003629684448242
0.016003847122192383
0.011996269226074219
0.011004447937011719
0.012965679168701172
0.013997554779052734
0.011999845504760742
0.011985063552856445
0.011000871658325195
0.012096643447875977
0.011238336563110352
0.011000633239746094
0.03499937057495117
0.025000810623168945
0.012997865676879883
0.011988639831542969
0.011181354522705078
0.00998377799987793
0.034983158111572266
0.03701972961425781
0.011911630630493164
0.029991626739501953
0.011997461318969727
0.01198434829711914
0.010678768157958984
0.011952400207519531
0.011998176574707031
0.01200723648071289
0.013000965118408203
0.02003312110900879
0.013976097106933594
0.01102757453918457
0.012955427169799805
0.012929201126098633
0.011741876602172852
0.012938261032104492
0.010965347290039062
0.02399420738220215
0.012897729873657227
0.012995719909667969
0.03350639343261719
0.017998456954956055
0.01699662208557129
0.012003421783447266
0.010993480682373047
0.01093292236328125
0.04799389839172363
0.018989086151123047
0.010993242263793945
0.011996746063232422
0.012001991271972656
0.01300048828125
0.03551220893859863
0.012394905090332031
0.014003276824951172
0.012786865234375
0.011561393737792969
0.011938095092773438
0.010983467102050781
0.025985002517700195
0.012994527816772461
0.01300048828125
0.018999099731445312
0.012956380844116211
0.011051177978515625
0.011973142623901367
0.03799915313720703
0.01300191879272461
0.014005899429321289
0.010998010635375977
0.012036800384521484
0.010411977767944336
0.012264251708984375
0.012331962585449219
0.05100250244140625
0.06500554084777832
0.012962818145751953
0.04995226860046387
0.012223005294799805
0.010998725891113281
0.011058568954467773
0.012012481689453125
0.012987136840820312
0.013993024826049805
0.012021780014038086
0.01100301742553711
0.014973163604736328
0.01499629020690918
0.012963533401489258
0.033989667892456055
0.010953426361083984
0.012264013290405273
0.012036561965942383
0.013987064361572266
0.010994672775268555
0.01100778579711914
0.035097360610961914
0.034003496170043945
0.011567115783691406
0.010999917984008789
0.01402902603149414
0.013011932373046875
0.011537313461303711
0.01495981216430664
0.03489375114440918
0.011983871459960938
0.012973785400390625
0.01099538803100586
0.011993408203125
0.01099705696105957
0.03598618507385254
0.012006044387817383
0.01299738883972168
0.012975931167602539
0.01799917221069336
0.014005422592163086
0.010954618453979492
0.011994123458862305
0.01100611686706543
0.030997753143310547
0.012984275817871094
0.009936332702636719
0.013996362686157227
0.015001296997070312
0.01702284812927246
0.013242006301879883
0.011990070343017578
0.02621626853942871
0.010781526565551758
0.0119171142578125
0.012002706527709961
0.01200103759765625
0.011928558349609375
0.013003826141357422
0.013003110885620117
0.012998580932617188
0.03496837615966797
0.012004375457763672
0.012854337692260742
0.012032032012939453
0.013035297393798828
0.011181831359863281
0.011988639831542969
0.011995077133178711
0.014966964721679688
0.01300048828125
0.017455577850341797
0.011922597885131836
0.03497505187988281
0.011967897415161133
0.011953353881835938
0.011976242065429688
0.035004377365112305
0.011945486068725586
0.012042045593261719
0.010000944137573242
0.012001991271972656
0.01137399673461914
0.010025978088378906
0.011030197143554688
0.011002302169799805
0.011002779006958008
0.014967203140258789
0.014005899429321289
0.012989521026611328
0.013006925582885742
0.014964580535888672
0.01102590560913086
0.011995077133178711
0.012022018432617188
0.012988805770874023
0.010925769805908203
0.010947465896606445
0.03325963020324707
0.025139808654785156
0.02398538589477539
0.011988162994384766
0.011999845504760742
0.013971567153930664
0.010961771011352539
0.012027740478515625
0.015353202819824219
0.01230764389038086
0.011997699737548828
0.012002229690551758
0.011954545974731445
0.011844873428344727
0.011967658996582031
0.012995481491088867
0.01300048828125
0.010948896408081055
0.012003421783447266
0.012987375259399414
0.012042760848999023
0.010973930358886719
0.012001752853393555
0.011964559555053711
0.034700870513916016
0.01100015640258789
0.010001182556152344
0.014590263366699219
0.014023780822753906
0.011013269424438477
0.01299905776977539
0.013018369674682617
0.011953115463256836
0.019597768783569336
0.019968032836914062
0.011022090911865234
0.012342691421508789
0.010980367660522461
0.01202392578125
0.01195836067199707
0.02998495101928711
0.0209958553314209
0.022997140884399414
0.0139923095703125
0.031005144119262695
0.011001110076904297
0.016996145248413086
0.014020681381225586
0.014968633651733398
0.012001276016235352
0.029999732971191406
0.013995647430419922
0.014000415802001953
0.013006925582885742
0.033994436264038086
0.010977983474731445
0.011990547180175781
0.011992931365966797
0.011003971099853516
0.011674880981445312
0.012981414794921875
0.018993377685546875
0.04699063301086426
0.013008356094360352
0.01092839241027832
0.027187347412109375
0.013938665390014648
0.012925863265991211
0.012971639633178711
0.013968467712402344
0.01300191879272461
0.01999831199645996
0.012397289276123047
0.012996912002563477
0.03298234939575195
0.013024091720581055
0.013015508651733398
0.012997865676879883
0.009998321533203125
0.03473925590515137
0.010998964309692383
0.019985675811767578
0.011998891830444336
0.010999441146850586
0.010931015014648438
0.034993886947631836
0.011005401611328125
0.01400613784790039
0.013005256652832031
0.013002634048461914
0.012004613876342773
0.011999368667602539
0.010001182556152344
0.012928009033203125
0.01299905776977539
0.01192021369934082
0.06399083137512207
0.06499576568603516
0.04200005531311035
0.011045694351196289
0.03293275833129883
0.011001825332641602
0.013025999069213867
0.011998653411865234
0.009998798370361328
0.02101731300354004
0.02300882339477539
0.011935710906982422
0.012003183364868164
0.011995077133178711
0.012285947799682617
0.012002706527709961
0.014995336532592773
0.014995336532592773
0.03591728210449219
0.01200413703918457
0.011556386947631836
0.010955095291137695
0.011994600296020508
0.010490179061889648
0.01099848747253418
0.013011932373046875
0.011987447738647461
0.031980037689208984
0.034014225006103516
0.0399935245513916
0.01700425148010254
0.014003992080688477
0.023981094360351562
0.012003898620605469
0.012600421905517578
0.07139849662780762
0.1473701000213623
0.011933088302612305
0.012966394424438477
0.012014627456665039
0.012389659881591797
0.010002374649047852
0.012780427932739258
0.012919187545776367
0.011813163757324219
0.012000799179077148
0.014038324356079102
0.012964487075805664
0.013008594512939453
0.016019582748413086
0.011020421981811523
0.01302194595336914
0.012015581130981445
0.011035442352294922
0.010989904403686523
0.01198577880859375
0.013005971908569336
0.012952804565429688
0.011929512023925781
0.011940240859985352
0.011955022811889648
0.013925313949584961
0.033006906509399414
0.012072563171386719
0.013608217239379883
0.010925769805908203
0.010937929153442383
0.011998414993286133
0.01204538345336914
0.009985685348510742
0.024008750915527344
0.013962745666503906
0.013832330703735352
0.011999130249023438
0.012006521224975586
0.011995792388916016
0.04600787162780762
0.02601337432861328
0.01197671890258789
0.012054443359375
0.012009620666503906
0.018001317977905273
0.011971235275268555
0.011034250259399414
0.012469768524169922
0.011974811553955078
0.010998964309692383
0.010996580123901367
0.012916803359985352
0.012007713317871094
0.011970281600952148
0.012944936752319336
0.01255941390991211
0.012996435165405273
0.011002779006958008
0.016001224517822266
0.017998933792114258
0.03405308723449707
0.017997264862060547
0.011979103088378906
0.012996196746826172
0.012932300567626953
0.012989521026611328
0.01299738883972168
0.014000892639160156
0.03297591209411621
0.010998964309692383
0.012191534042358398
0.012928962707519531
0.034978628158569336
0.017000198364257812
0.012993812561035156
0.013046026229858398
0.04308509826660156
0.013002157211303711
0.013976335525512695
0.013004302978515625
0.013058662414550781
0.01100015640258789
0.015013694763183594
0.01299738883972168
0.013033151626586914
0.012948989868164062
0.014027833938598633
0.011971712112426758
0.013983964920043945
0.014000654220581055
0.011000394821166992
0.010972976684570312
0.012965917587280273
0.020037412643432617
0.018997907638549805
0.014914989471435547
0.01600360870361328
0.05934309959411621
0.010003328323364258
0.009928464889526367
0.012041330337524414
0.01203155517578125
0.03999781608581543
0.017008304595947266
0.010994672775268555
0.012967109680175781
0.01801466941833496
0.017989635467529297
0.011983394622802734
0.010935306549072266
0.010997772216796875
0.012609720230102539
0.011286497116088867
0.01196599006652832
0.010980844497680664
0.01303410530090332
0.011980056762695312
0.012981653213500977
0.01105952262878418
0.03400278091430664
0.022949934005737305
0.012994527816772461
0.011990070343017578
0.011011362075805664
0.01299595832824707
0.010995864868164062
0.01091766357421875
0.012002229690551758
0.05069136619567871
0.01770806312561035
0.01123046875
0.01099705696105957
0.010934591293334961
0.011972427368164062
0.01197361946105957
0.012890100479125977
0.012014627456665039
0.012935876846313477
0.011828184127807617
0.01195836067199707
0.011976480484008789
0.010001182556152344
0.036008358001708984
0.0110015869140625
0.013015270233154297
0.03490042686462402
0.011651277542114258
0.030998945236206055
0.012000560760498047
0.011997222900390625
0.011020183563232422
0.010999202728271484
0.012251138687133789
0.012009859085083008
0.034002065658569336
0.012971878051757812
0.013972759246826172
0.012997865676879883
0.013972759246826172
0.012290000915527344
0.012037038803100586
0.011003971099853516
0.01302027702331543
0.012910127639770508
0.011987924575805664
0.010998725891113281
0.037976980209350586
0.010859012603759766
0.011960983276367188
0.012926101684570312
0.011902093887329102
0.06995797157287598
0.014011383056640625
0.011993169784545898
0.011003494262695312
0.011998891830444336
0.019595623016357422
0.02803969383239746
0.013032674789428711
0.04099392890930176
0.010947942733764648
0.011022329330444336
0.03360295295715332
0.012029170989990234
0.011946678161621094
0.01099705696105957
0.011931896209716797
0.013046503067016602
0.010970115661621094
0.010268449783325195
0.011010169982910156
0.012003660202026367
0.014014244079589844
0.027981996536254883
0.012031793594360352
0.011945247650146484
0.014983654022216797
0.013049840927124023
0.010994434356689453
0.011615991592407227
0.012183666229248047
0.012000799179077148
0.013002395629882812
0.009937286376953125
0.012995481491088867
0.011994600296020508
0.01195216178894043
0.009979724884033203
0.012025117874145508
0.014034271240234375
0.01302957534790039
0.01200103759765625
0.011923551559448242
0.013922691345214844
0.031002521514892578
0.011730432510375977
0.012914419174194336
0.01300048828125
0.01400446891784668
0.011998414993286133
0.012870550155639648
0.01045680046081543
0.03196215629577637
0.010992765426635742
0.012963294982910156
0.011012077331542969
0.012017011642456055
0.018000125885009766
0.03899812698364258
0.018964052200317383
0.012523651123046875
0.010962247848510742
0.01399850845336914
0.01100301742553711
0.014000177383422852
0.011012792587280273
0.011992931365966797
0.011022567749023438
0.01194620132446289
0.01300811767578125
0.010955810546875
0.011922836303710938
0.012972831726074219
0.013993978500366211
0.013001441955566406
0.012389183044433594
0.032613515853881836
0.011995315551757812
0.010997533798217773
0.01098775863647461
0.013022184371948242
0.009984970092773438
0.01198720932006836
0.016976594924926758
0.013059616088867188
0.012082576751708984
0.013017654418945312
0.012298583984375
0.011989355087280273
0.01198434829711914
0.011982202529907227
0.01303720474243164
0.012975454330444336
0.012033224105834961
0.010337352752685547
0.012047767639160156
0.010895013809204102
0.010978460311889648
0.015996932983398438
0.013004302978515625
0.03201556205749512
0.010967254638671875
0.01109004020690918
0.012995481491088867
0.015352249145507812
0.01166534423828125
0.011961936950683594
0.011996269226074219
0.011999845504760742
0.011296510696411133
0.010993719100952148
0.014963388442993164
0.011981487274169922
0.012217998504638672
0.01295161247253418
0.013020992279052734
0.01158452033996582
0.012046098709106445
0.011997222900390625
0.013008356094360352
0.014001131057739258
0.012020349502563477
0.011854410171508789
0.01300358772277832
0.012000083923339844
0.011988639831542969
0.013001680374145508
0.012031793594360352
0.010914325714111328
0.012425899505615234
0.012984275817871094
0.012994050979614258
0.012992382049560547
0.011963844299316406
0.012018442153930664
0.0120086669921875
0.010021448135375977
0.027091026306152344
0.015027999877929688
0.012908220291137695
0.012013673782348633
0.012290239334106445
0.010001659393310547
0.011970281600952148
0.010576248168945312
0.010947704315185547
0.010984659194946289
0.03511548042297363
0.030020475387573242
0.011939048767089844
0.02000141143798828
0.010969877243041992
0.01001429557800293
0.01200413703918457
0.012995004653930664
0.011921167373657227
0.031011104583740234
0.013002872467041016
0.013012409210205078
0.011006832122802734
0.034996747970581055
0.016993045806884766
0.010998010635375977
0.011001825332641602
0.0120086669921875
0.013974905014038086
0.03899955749511719
0.011925697326660156
0.012016773223876953
0.0329892635345459
0.011062383651733398
0.03297853469848633
0.012977123260498047
0.012969493865966797
0.012688875198364258
0.012925863265991211
0.01098489761352539
0.01200556755065918
0.012026786804199219
0.01499176025390625
0.014016389846801758
0.01099848747253418
0.013005256652832031
0.012949943542480469
0.03499293327331543
0.01126861572265625
0.011002540588378906
0.011026382446289062
0.011999368667602539
0.011918783187866211
0.010257959365844727
0.009994983673095703
0.011991262435913086
0.011010169982910156
0.01398324966430664
0.05295586585998535
0.015004634857177734
0.014980554580688477
0.01401972770690918
0.01300191879272461
0.012998819351196289
0.030918598175048828
0.012987136840820312
0.012001752853393555
0.010358333587646484
0.011021614074707031
0.013303995132446289
0.012997865676879883
0.012997150421142578
0.012966632843017578
0.01099538803100586
0.011186361312866211
0.03305244445800781
0.012054204940795898
0.01094508171081543
0.010970830917358398
0.02399754524230957
0.014083385467529297
0.01297760009765625
0.06799507141113281
0.012008428573608398
0.0339963436126709
0.05485177040100098
0.01799321174621582
0.012035369873046875
0.0210113525390625
0.012025833129882812
0.027395963668823242
0.013001680374145508
0.013993978500366211
0.01099395751953125
0.03099203109741211
0.013053178787231445
0.011041641235351562
0.01152944564819336
0.011995077133178711
0.011954307556152344
0.009993791580200195
0.02204155921936035
0.011929988861083984
0.011972427368164062
0.011977672576904297
0.011000394821166992
0.012949466705322266
0.012002944946289062
0.012467145919799805
0.011975526809692383
0.011023283004760742
0.012970685958862305
0.012040376663208008
0.014017343521118164
0.013709783554077148
0.013002634048461914
0.011993169784545898
0.012971878051757812
0.011001110076904297
0.012973308563232422
0.011034488677978516
0.01396322250366211
0.011998414993286133
0.012014150619506836
0.011003255844116211
0.01194620132446289
0.01799464225769043
0.03597760200500488
0.014013528823852539
0.0110015869140625
0.012966632843017578
0.012002229690551758
0.034963369369506836
0.03506612777709961
0.013020992279052734
0.013015508651733398
0.013016700744628906
0.01399993896484375
0.01099848747253418
0.01100301742553711
0.011046409606933594
0.012001276016235352
0.011975765228271484
0.012965679168701172
0.011001348495483398
0.012970447540283203
0.011535882949829102
0.01800823211669922
0.017005443572998047
0.013004064559936523
0.013976812362670898
0.01201009750366211
0.010959863662719727
0.03602910041809082
0.01137399673461914
0.014968395233154297
0.011540889739990234
0.010998964309692383
0.012229681015014648
0.03498363494873047
0.022994041442871094
0.014998197555541992
0.03495430946350098
0.014684438705444336
0.033930063247680664
0.013004779815673828
0.013998985290527344
0.012974262237548828
0.013005733489990234
0.012060880661010742
0.029005765914916992
0.029989242553710938
0.01298666000366211
0.013003349304199219
0.013993024826049805
0.012004375457763672
0.012006282806396484
0.02487039566040039
0.010975360870361328
0.012023448944091797
0.010944604873657227
0.011919736862182617
0.011972904205322266
0.013008832931518555
0.01098775863647461
0.011908531188964844
0.033002614974975586
0.009989738464355469
0.009996175765991211
0.010998249053955078
0.012001752853393555
0.012033224105834961
0.012004852294921875
0.01199960708618164
0.010965347290039062
0.011959552764892578
0.014981508255004883
0.011983394622802734
0.013029098510742188
0.0350339412689209
0.0190279483795166
0.01093912124633789
0.010989189147949219
0.011930227279663086
0.012003660202026367
0.011998891830444336
0.013008832931518555
0.013444900512695312
0.011976957321166992
0.011999130249023438
0.014009237289428711
0.010998725891113281
0.0189664363861084
0.010983943939208984
0.011029958724975586
0.013016223907470703
0.011192083358764648
0.012975454330444336
0.01299905776977539
0.015021562576293945
0.011995792388916016
0.012042999267578125
0.022002696990966797
0.010991096496582031
0.019988536834716797
0.013016462326049805
0.00998687744140625
0.010998964309692383
0.012002944946289062
0.011996269226074219
0.011289119720458984
0.012295007705688477
0.010990381240844727
0.011992692947387695
0.01200413703918457
0.011966228485107422
0.013996601104736328
0.012986183166503906
0.011994600296020508
0.015992403030395508
0.016002655029296875
0.014002084732055664
0.013922929763793945
0.011040449142456055
0.010951042175292969
0.03499722480773926
0.010990381240844727
0.012223482131958008
0.010983467102050781
0.013005733489990234
0.01307058334350586
0.010921716690063477
0.012001752853393555
0.015000104904174805
0.011968851089477539
0.010972976684570312
0.012959480285644531
0.011696100234985352
0.012038707733154297
0.011693716049194336
0.009998321533203125
0.033043622970581055
0.01299738883972168
0.010989665985107422
0.018007278442382812
0.013009309768676758
0.011927127838134766
0.012511968612670898
0.03404426574707031
0.011962175369262695
0.010976076126098633
0.010985374450683594
0.011005401611328125
0.012073516845703125
0.016997575759887695
0.018993854522705078
0.012998819351196289
0.03801393508911133
0.012007713317871094
0.013004302978515625
0.012967348098754883
0.012998104095458984
0.014002799987792969
0.012975692749023438
0.011992454528808594
0.012002706527709961
0.013925313949584961
0.014000177383422852
0.011736869812011719
0.01299428939819336
0.013967514038085938
0.01300048828125
0.012960433959960938
0.012001991271972656
0.012979269027709961
0.014003753662109375
0.014020442962646484
0.013002157211303711
0.0260007381439209
0.01292562484741211
0.01199650764465332
0.010997772216796875
0.021004915237426758
0.01900625228881836
0.012922525405883789
0.011023283004760742
0.012995481491088867
0.012160062789916992
0.010942220687866211
0.012006282806396484
0.025044918060302734
0.013047456741333008
0.010988235473632812
0.03366255760192871
0.010986804962158203
0.03199362754821777
0.010065793991088867
0.01092386245727539
0.012026071548461914
0.01401209831237793
0.04914689064025879
0.03098893165588379
0.013996601104736328
0.012039899826049805
0.018002748489379883
0.010976314544677734
0.010997533798217773
0.010973215103149414
0.012020111083984375
0.012005329132080078
0.015987634658813477
0.013998985290527344
0.011021614074707031
0.014019012451171875
0.013449430465698242
0.03532528877258301
0.013014793395996094
0.014667987823486328
0.012917041778564453
0.010997295379638672
0.018302202224731445
0.012927532196044922
0.010998010635375977
0.010996341705322266
0.013024091720581055
0.010993003845214844
0.011022329330444336
0.011839866638183594
0.011979818344116211
0.011989355087280273
0.03399777412414551
0.01701664924621582
0.012991189956665039
0.016994953155517578
0.013048171997070312
0.01239633560180664
0.014996528625488281
0.013003826141357422
0.012024164199829102
0.03598666191101074
0.01099252700805664
0.011992216110229492
0.013998031616210938
0.012195348739624023
0.01300191879272461
