0.2568390369415283
0.3662087917327881
0.3572957515716553
0.23600077629089355
0.23383760452270508
0.2362382411956787
0.2350776195526123
0.22899532318115234
0.23934507369995117
0.2380218505859375
0.2519557476043701
0.282381534576416
0.3892228603363037
0.3358323574066162
0.38882946968078613
0.2739593982696533
0.24162554740905762
0.2280571460723877
0.24321675300598145
0.2473609447479248
0.2607455253601074
0.2909846305847168
0.25595617294311523
0.25304245948791504
0.2554624080657959
0.2658720016479492
0.23620843887329102
0.2416386604309082
0.2533690929412842
0.24642610549926758
0.24512410163879395
0.2400360107421875
0.23569631576538086
0.2483205795288086
0.24135160446166992
0.2393786907196045
0.23568010330200195
0.24388694763183594
0.23889565467834473
0.24123716354370117
0.23569989204406738
0.24779200553894043
0.23712372779846191
0.23741841316223145
0.23616957664489746
0.23620319366455078
0.252699613571167
0.23299312591552734
0.24996685981750488
0.2370460033416748
0.2309424877166748
0.25496721267700195
0.23933792114257812
0.23699283599853516
0.23360800743103027
0.2351241111755371
0.2342991828918457
0.23832917213439941
0.2436220645904541
0.24993395805358887
0.23398041725158691
0.2308640480041504
0.2424769401550293
0.23991084098815918
0.24223828315734863
0.24102163314819336
0.23923301696777344
0.24268245697021484
0.23528075218200684
0.2466580867767334
0.2361621856689453
0.2411186695098877
0.2546241283416748
0.2780880928039551
0.26943445205688477
0.27071356773376465
0.27506160736083984
0.23423981666564941
0.2393960952758789
0.23382568359375
0.23475122451782227
0.24080848693847656
0.23669672012329102
0.2339179515838623
0.23591303825378418
0.23345422744750977
0.23117852210998535
0.24483132362365723
0.23670172691345215
0.25522732734680176
0.23694086074829102
0.2390613555908203
0.2660799026489258
0.32445764541625977
0.2388777732849121
0.2548332214355469
0.2423849105834961
0.22410130500793457
0.24236464500427246
0.2311086654663086
0.25205087661743164
0.2365875244140625
0.24369025230407715
0.23468947410583496
0.24632883071899414
0.23938393592834473
0.25531482696533203
0.23933839797973633
0.2368006706237793
0.22902941703796387
0.23969531059265137
0.22241997718811035
0.24314665794372559
0.2382802963256836
0.23363327980041504
0.2369699478149414
0.23531770706176758
0.23746585845947266
0.24188470840454102
0.2438526153564453
0.23978686332702637
0.23453497886657715
0.24635052680969238
0.235565185546875
0.23650264739990234
0.25586438179016113
0.2438676357269287
0.2432541847229004
0.2347865104675293
0.23184776306152344
0.2506108283996582
0.24758553504943848
0.2355179786682129
0.23674893379211426
0.252748966217041
0.24398136138916016
0.23627758026123047
0.23699188232421875
0.2343921661376953
0.24092817306518555
0.23511815071105957
0.38377809524536133
0.2345445156097412
0.22893047332763672
0.24164438247680664
0.23034334182739258
0.23346447944641113
0.23719239234924316
0.23393511772155762
0.2620198726654053
0.30463743209838867
0.23426103591918945
0.2413778305053711
0.2416398525238037
0.23537015914916992
0.25529932975769043
0.31174349784851074
0.2576413154602051
0.2327415943145752
0.23296356201171875
0.23913097381591797
0.23956680297851562
0.253523588180542
0.24477934837341309
0.2601509094238281
0.2345104217529297
0.23545408248901367
0.23764514923095703
0.23452305793762207
0.23820781707763672
0.23623371124267578
0.24253010749816895
0.25151634216308594
0.24088001251220703
0.251187801361084
0.2418808937072754
0.23822259902954102
0.269528865814209
0.24329257011413574
0.2364351749420166
0.2313065528869629
0.23597931861877441
0.23549580574035645
0.23482060432434082
0.2315819263458252
0.23561382293701172
0.3683803081512451
0.34677648544311523
0.24285125732421875
0.2390913963317871
0.24355602264404297
0.24125099182128906
0.24829363822937012
0.24232244491577148
0.24457812309265137
0.23747801780700684
0.23904705047607422
0.2350149154663086
0.23500704765319824
0.23530197143554688
0.2463827133178711
0.24016284942626953
0.2313401699066162
0.23608779907226562
0.2601902484893799
0.24239873886108398
0.24036026000976562
0.23000335693359375
0.2380681037902832
0.23908782005310059
0.23661041259765625
0.2522389888763428
0.23674964904785156
0.233201265335083
0.22693729400634766
0.2241520881652832
0.2354443073272705
0.23763823509216309
0.22926783561706543
0.23475909233093262
0.2874002456665039
0.2426319122314453
0.23713994026184082
0.24033427238464355
0.24048280715942383
0.2472214698791504
0.23886442184448242
0.24919533729553223
0.23579955101013184
0.23448824882507324
0.2309715747833252
0.2523190975189209
0.23035621643066406
0.22008013725280762
0.2350447177886963
0.23743033409118652
0.2268378734588623
0.22533226013183594
0.24699711799621582
0.2343752384185791
0.22052836418151855
0.23537755012512207
0.2330031394958496
0.2577502727508545
0.23022866249084473
0.2329087257385254
0.2646653652191162
0.2375481128692627
0.23496341705322266
0.23872017860412598
0.2649116516113281
0.39481687545776367
0.24181175231933594
0.23556232452392578
0.23433399200439453
0.23712468147277832
0.2484424114227295
0.24765968322753906
0.24044585227966309
0.2329418659210205
0.24298644065856934
0.22793865203857422
0.24001669883728027
0.24707436561584473
0.23412799835205078
0.23743224143981934
0.2444629669189453
0.24450349807739258
0.2497725486755371
0.2588069438934326
0.23446178436279297
0.25942087173461914
0.27042722702026367
0.2351996898651123
0.25020503997802734
0.25927233695983887
0.23166513442993164
0.24076008796691895
0.21910429000854492
0.23119711875915527
0.2359006404876709
0.2429790496826172
0.24401283264160156
0.24124622344970703
0.2348804473876953
0.23467469215393066
0.23730850219726562
0.23516106605529785
0.24235010147094727
0.23384642601013184
0.24340224266052246
0.2374722957611084
0.24262142181396484
0.24207210540771484
0.22383666038513184
0.2379741668701172
0.23930120468139648
0.24238371849060059
0.23496484756469727
0.2360084056854248
0.23364853858947754
0.2335503101348877
0.22623538970947266
0.2333381175994873
0.22211718559265137
0.2348325252532959
0.23461294174194336
0.24089908599853516
0.24137377738952637
0.23574209213256836
0.5366659164428711
0.3070034980773926
0.2424604892730713
0.22658133506774902
0.22731900215148926
0.2499990463256836
0.24376893043518066
0.23404812812805176
0.22968006134033203
0.24102210998535156
0.24899935722351074
0.23974871635437012
0.23202037811279297
0.23877215385437012
0.23771071434020996
0.23990559577941895
0.23810625076293945
0.23900938034057617
0.22145962715148926
0.23695135116577148
0.23974871635437012
0.27771425247192383
0.2329857349395752
0.2439873218536377
0.2433333396911621
0.23878073692321777
0.2407996654510498
0.23940014839172363
0.23133254051208496
0.22272419929504395
0.25064682960510254
0.24050569534301758
0.24042439460754395
0.23314404487609863
0.2372572422027588
0.23713064193725586
0.24214792251586914
0.24200201034545898
0.22398829460144043
0.24077057838439941
0.2277059555053711
0.23041892051696777
0.2409045696258545
0.24458980560302734
0.22774815559387207
0.23843669891357422
0.2263500690460205
0.287203311920166
0.23810267448425293
0.24222493171691895
0.23621749877929688
0.23641371726989746
0.23740148544311523
0.23921728134155273
0.2345592975616455
0.23614144325256348
0.2366936206817627
0.23378968238830566
0.24467229843139648
0.23720550537109375
0.2382814884185791
0.2510981559753418
0.25047826766967773
0.26497697830200195
0.23869609832763672
0.23789095878601074
0.23075413703918457
0.24061107635498047
0.23064565658569336
0.23384523391723633
0.2350003719329834
0.241410493850708
0.2388916015625
0.24306058883666992
0.23904633522033691
0.24150323867797852
0.23952341079711914
0.24669432640075684
0.2430727481842041
0.24641132354736328
0.25739145278930664
0.22963643074035645
0.23858880996704102
0.22798943519592285
0.2355344295501709
0.24634122848510742
0.23409748077392578
0.24756813049316406
0.22738432884216309
0.23334455490112305
0.2527651786804199
0.24960780143737793
0.2656707763671875
0.23199915885925293
0.24009227752685547
0.2411181926727295
0.23713421821594238
0.2440333366394043
0.2360386848449707
0.2341320514678955
0.23870587348937988
0.2490859031677246
0.24007344245910645
0.24848699569702148
0.25383901596069336
0.2247600555419922
0.2247023582458496
0.23545002937316895
0.23386573791503906
0.24315595626831055
0.23432445526123047
0.23317575454711914
0.2367560863494873
0.23756027221679688
0.23995351791381836
0.24053525924682617
0.23850774765014648
0.24526000022888184
0.23570990562438965
0.23464035987854004
0.23816823959350586
0.23302125930786133
0.23620128631591797
0.2463853359222412
0.24469733238220215
0.23969817161560059
0.24196171760559082
0.23592543601989746
0.23050594329833984
0.23958277702331543
0.23602533340454102
0.24123501777648926
0.23894953727722168
0.24120330810546875
0.23524713516235352
0.23438644409179688
0.23939967155456543
0.24839234352111816
0.24209904670715332
0.25043511390686035
0.2431323528289795
0.2380068302154541
0.23940420150756836
0.23588347434997559
0.2534823417663574
0.24306225776672363
0.23572874069213867
0.24937820434570312
0.23752570152282715
0.22815513610839844
0.23645806312561035
0.22446441650390625
0.2272331714630127
0.23891139030456543
0.22812199592590332
0.24339699745178223
0.23545312881469727
0.24715375900268555
0.2642526626586914
0.23733019828796387
0.24206328392028809
0.24912714958190918
0.24484896659851074
0.24654483795166016
0.23468351364135742
0.23674702644348145
0.23574352264404297
0.2545764446258545
0.223555326461792
0.23834657669067383
0.2515239715576172
0.25554847717285156
0.24767017364501953
0.24241995811462402
0.23632311820983887
0.2772336006164551
0.2409815788269043
0.23897838592529297
0.29358434677124023
0.24359679222106934
0.2882874011993408
0.261991024017334
0.2260141372680664
0.2343430519104004
0.2519104480743408
0.24587798118591309
0.24504733085632324
0.22748684883117676
0.22346735000610352
0.23437190055847168
0.23226141929626465
0.23537540435791016
0.2283186912536621
0.2526698112487793
0.23214173316955566
0.23824858665466309
3.241827964782715
0.23454999923706055
0.22141122817993164
0.26218700408935547
0.23854660987854004
0.2719104290008545
0.5653362274169922
0.4466245174407959
0.6170217990875244
1.0022225379943848
0.6959717273712158
0.6314051151275635
0.5240156650543213
0.6124999523162842
0.8205111026763916
0.35754966735839844
0.360532283782959
0.3310375213623047
0.43616414070129395
0.2286086082458496
0.2324388027191162
0.267383337020874
0.24016714096069336
0.247175931930542
0.2439894676208496
0.2414853572845459
0.2332766056060791
0.23665857315063477
0.29803967475891113
0.24680852890014648
0.24306511878967285
0.23355317115783691
0.23916006088256836
0.23010468482971191
0.23340296745300293
0.2323763370513916
0.2580687999725342
0.22910070419311523
0.24596595764160156
0.25453901290893555
0.2310779094696045
0.23051953315734863
0.23899579048156738
0.23705387115478516
0.2704000473022461
0.3861682415008545
0.23838067054748535
0.23536205291748047
0.2357645034790039
0.2460634708404541
0.23998785018920898
0.23830866813659668
0.23065972328186035
0.23869705200195312
0.2350623607635498
0.23704862594604492
0.23701739311218262
0.23593974113464355
0.2286365032196045
0.2759284973144531
0.2497565746307373
0.23127532005310059
0.22350263595581055
0.23457002639770508
0.23983192443847656
0.23079299926757812
0.22288823127746582
0.23697495460510254
0.23352742195129395
0.23501110076904297
0.2412586212158203
0.22785258293151855
0.23799705505371094
0.2510838508605957
0.2885596752166748
0.2508118152618408
0.235947847366333
0.2474198341369629
0.2456197738647461
0.22176623344421387
0.22402238845825195
0.23300671577453613
0.2216031551361084
0.24050283432006836
0.23824214935302734
0.24527192115783691
0.2579946517944336
0.2602221965789795
0.23439455032348633
0.23696088790893555
0.22899985313415527
0.23676609992980957
0.24053025245666504
0.23448514938354492
0.23371505737304688
0.2428140640258789
0.2813701629638672
0.315288782119751
0.2510342597961426
0.23681902885437012
0.23549318313598633
0.2490532398223877
0.24201154708862305
0.23364996910095215
0.24569463729858398
0.23081278800964355
0.23796534538269043
0.23667597770690918
0.26652050018310547
0.27651286125183105
0.23641324043273926
0.23538947105407715
0.24595260620117188
0.2340090274810791
0.23387455940246582
0.2467648983001709
0.2375633716583252
0.23122811317443848
0.23511362075805664
0.23758149147033691
0.23610544204711914
0.2400984764099121
0.23368096351623535
0.2479715347290039
0.2412106990814209
0.22928285598754883
0.22122621536254883
0.23626399040222168
0.23601078987121582
0.24044156074523926
0.2340686321258545
0.24238133430480957
0.23870635032653809
0.23050546646118164
0.23051238059997559
0.24208450317382812
0.24896574020385742
0.2629528045654297
0.24969005584716797
0.25131869316101074
0.2573673725128174
0.2564103603363037
0.24128222465515137
0.2893555164337158
0.24275660514831543
0.23543882369995117
0.23877215385437012
1.2447035312652588
0.24477267265319824
0.23787808418273926
0.23895478248596191
0.22190022468566895
0.23368597030639648
0.2338860034942627
0.30683016777038574
0.24864912033081055
0.24382972717285156
0.2510082721710205
0.23911571502685547
0.23913311958312988
0.23913359642028809
0.24920868873596191
0.2407364845275879
0.2620208263397217
0.23411035537719727
0.23826169967651367
0.22817015647888184
0.23849177360534668
0.2440035343170166
0.22699975967407227
0.2315080165863037
0.23619961738586426
0.24039649963378906
0.2369706630706787
0.6233952045440674
0.24541592597961426
0.24118638038635254
0.23503565788269043
0.24099946022033691
0.22402691841125488
0.23932623863220215
0.2348642349243164
0.25284481048583984
0.23570609092712402
0.24569129943847656
1.926483392715454
0.27124691009521484
0.2821013927459717
1.071061134338379
0.251375675201416
3.5923259258270264
5.238252401351929
3.3490536212921143
0.2259058952331543
0.2809257507324219
0.23822331428527832
3.354024648666382
3.3436367511749268
0.24012041091918945
0.23681092262268066
0.2636239528656006
0.2321915626525879
0.24812912940979004
7.103862047195435
0.24488401412963867
0.23902082443237305
7.164005279541016
0.22766757011413574
0.24093198776245117
0.2597208023071289
0.23919963836669922
0.2356572151184082
0.23327136039733887
0.23246383666992188
0.22986102104187012
0.24744319915771484
0.24678540229797363
0.23574495315551758
0.247910737991333
0.24097347259521484
0.26262927055358887
0.24290227890014648
0.2268972396850586
0.24035215377807617
0.24834346771240234
0.23549342155456543
0.25243330001831055
0.24398350715637207
0.2395772933959961
0.2475433349609375
0.24644780158996582
0.24108481407165527
0.2351996898651123
0.2438645362854004
0.2551555633544922
0.23591899871826172
0.23894858360290527
0.30379319190979004
0.2375812530517578
0.23475432395935059
0.23606109619140625
0.22951006889343262
0.23595976829528809
0.25017499923706055
0.2226271629333496
0.2433476448059082
0.24098944664001465
0.23472332954406738
0.24783086776733398
0.22986245155334473
0.32969164848327637
0.24910616874694824
0.23513340950012207
0.25827622413635254
0.23676228523254395
0.23835992813110352
0.22214102745056152
0.23090267181396484
0.23321056365966797
0.22974443435668945
0.2252044677734375
0.22522258758544922
0.23963451385498047
0.24135065078735352
0.23447751998901367
0.24424457550048828
0.22997260093688965
0.2412881851196289
0.22974514961242676
0.24701380729675293
0.22902131080627441
0.24453234672546387
0.2354269027709961
0.235886812210083
0.23511457443237305
0.24364209175109863
0.23844504356384277
0.2421722412109375
0.2592313289642334
0.2350618839263916
0.23599839210510254
0.2232968807220459
0.23371529579162598
0.24491000175476074
0.24582624435424805
0.2326951026916504
0.23083758354187012
0.23416614532470703
0.24275636672973633
0.24008607864379883
0.23547101020812988
0.23210978507995605
0.22840332984924316
0.24545001983642578
0.23820042610168457
0.23050284385681152
0.24385309219360352
0.24858927726745605
0.23421812057495117
0.238189697265625
0.23633575439453125
0.25513505935668945
0.2216479778289795
0.22544384002685547
0.2424945831298828
0.2650618553161621
0.24251174926757812
0.24772000312805176
0.2511863708496094
0.23768401145935059
0.24547338485717773
0.23355722427368164
0.24037551879882812
0.24084758758544922
0.23591852188110352
0.23453378677368164
0.26087069511413574
0.23361515998840332
0.2540433406829834
0.24500274658203125
0.22246527671813965
0.24248242378234863
0.23247575759887695
0.23676514625549316
0.23098325729370117
0.23664259910583496
0.24399256706237793
0.2290184497833252
0.2319788932800293
0.229719877243042
0.24694132804870605
0.24097943305969238
0.23096013069152832
0.2371211051940918
0.2417759895324707
0.2256758213043213
0.23498916625976562
0.24666047096252441
0.24130702018737793
0.24657368659973145
0.2310473918914795
0.23859477043151855
0.23987388610839844
0.38645172119140625
0.2354438304901123
0.2377948760986328
0.2989950180053711
0.252011775970459
0.23701238632202148
0.2575840950012207
0.24464035034179688
0.23924660682678223
0.231475830078125
0.22915077209472656
0.2270951271057129
0.24506807327270508
0.2318720817565918
0.23715424537658691
0.2531759738922119
0.2741506099700928
0.24313831329345703
0.2425382137298584
0.2574303150177002
0.2379145622253418
0.24773955345153809
0.23600435256958008
0.24699616432189941
0.24016690254211426
0.2362070083618164
0.24399852752685547
0.23717451095581055
0.236128568649292
0.23808813095092773
0.23132538795471191
0.23594045639038086
0.24960851669311523
0.23186993598937988
0.24456548690795898
0.2479534149169922
0.2639758586883545
0.23771953582763672
0.23240208625793457
0.2395319938659668
0.23560237884521484
0.23322629928588867
0.233748197555542
0.23938345909118652
0.2340867519378662
0.24165725708007812
0.24615120887756348
0.23011088371276855
0.2343127727508545
0.23845434188842773
0.23327112197875977
