0.7545878887176514
0.2703835964202881
0.27014946937561035
0.24549102783203125
0.23557043075561523
0.2394113540649414
0.2329578399658203
0.23614144325256348
0.3465304374694824
0.2576472759246826
0.348799467086792
0.237884521484375
0.2567462921142578
0.2474215030670166
0.26069068908691406
0.26969265937805176
0.24018168449401855
0.24241375923156738
0.2409043312072754
0.24564862251281738
0.24739980697631836
0.2593703269958496
0.2388474941253662
0.25000905990600586
0.24631714820861816
0.23816609382629395
0.26795363426208496
0.23494410514831543
0.23801088333129883
0.26442480087280273
0.23885416984558105
0.24276304244995117
0.2438199520111084
0.2393786907196045
0.23852801322937012
0.23636722564697266
0.23941302299499512
0.24269461631774902
0.23537039756774902
0.22385621070861816
0.23555350303649902
0.2545492649078369
0.25093936920166016
0.23903751373291016
0.240401029586792
0.26116323471069336
0.24000048637390137
0.24050283432006836
0.2389838695526123
0.26698899269104004
0.23116755485534668
0.24407410621643066
0.24061846733093262
0.24253392219543457
0.24763059616088867
0.2485513687133789
0.2372736930847168
0.2638394832611084
0.23776483535766602
0.24234390258789062
0.2448129653930664
0.24431085586547852
0.24935531616210938
0.24277091026306152
0.23619771003723145
0.23625755310058594
0.36157774925231934
0.24943852424621582
0.2587852478027344
0.24738860130310059
0.3771839141845703
0.22757411003112793
0.24214720726013184
0.2535123825073242
0.24256467819213867
0.24905943870544434
0.24443340301513672
0.24514555931091309
0.2600522041320801
0.23604702949523926
0.23868203163146973
0.24822759628295898
0.24908685684204102
0.2819247245788574
0.23819231986999512
0.24514484405517578
0.24836373329162598
0.248032808303833
0.23799514770507812
0.2456042766571045
0.31949543952941895
0.24174284934997559
0.2869455814361572
0.23696208000183105
0.25751495361328125
0.27770209312438965
0.23739290237426758
0.23612236976623535
0.4498460292816162
0.2415623664855957
0.24498581886291504
0.2444164752960205
0.2702798843383789
0.2586085796356201
0.24004125595092773
0.23547077178955078
0.23503732681274414
0.25786447525024414
0.24121308326721191
0.23743128776550293
0.2350010871887207
0.24223828315734863
0.23727750778198242
0.23859190940856934
0.24085521697998047
0.23603296279907227
0.25115418434143066
0.23319768905639648
0.27245140075683594
0.2377009391784668
0.23873376846313477
0.24598455429077148
0.2332761287689209
0.23542571067810059
0.2399904727935791
0.2491168975830078
0.24709820747375488
0.24190783500671387
0.2384016513824463
0.24057507514953613
0.24342083930969238
0.34673428535461426
0.23001599311828613
0.24024176597595215
0.24405622482299805
0.24264049530029297
0.24542808532714844
0.23414826393127441
0.24721670150756836
0.25433993339538574
0.24999761581420898
0.23638391494750977
0.24069547653198242
0.24009084701538086
0.24372458457946777
0.24960613250732422
0.239182710647583
0.2396547794342041
0.32570815086364746
0.23614263534545898
0.24257731437683105
0.2405545711517334
0.24198174476623535
0.23860716819763184
0.23604035377502441
0.23720574378967285
0.27660226821899414
0.24406886100769043
0.2385694980621338
0.2467811107635498
0.24616003036499023
0.2578582763671875
0.23743867874145508
0.24241113662719727
0.2707242965698242
0.24316143989562988
0.2513437271118164
0.24435901641845703
0.2418534755706787
0.23757004737854004
0.24601483345031738
0.2581608295440674
0.23739075660705566
0.2402043342590332
0.24079370498657227
0.24246644973754883
0.24869251251220703
0.25575900077819824
0.23743748664855957
0.2625555992126465
0.38100218772888184
0.24791693687438965
0.24171161651611328
0.25020647048950195
0.23323726654052734
0.256913423538208
0.2369375228881836
0.2349252700805664
0.23879647254943848
0.24005866050720215
0.2510080337524414
0.27209043502807617
0.2314620018005371
0.23727679252624512
0.24616718292236328
0.24135971069335938
0.23464202880859375
0.23982000350952148
0.2409811019897461
0.3671267032623291
0.2527318000793457
0.2384939193725586
0.24352598190307617
0.24009037017822266
0.24471402168273926
0.24018549919128418
0.24207830429077148
0.23433947563171387
0.24456214904785156
3.2611231803894043
0.23556208610534668
3.5557620525360107
0.24188947677612305
0.23720026016235352
3.3571810722351074
0.2362079620361328
0.2419753074645996
0.2739133834838867
0.27013182640075684
0.405489444732666
0.38814687728881836
0.38358521461486816
0.32983899116516113
0.2946009635925293
3.396789789199829
0.4116096496582031
0.3318336009979248
0.3087337017059326
0.2627754211425781
0.3326103687286377
0.3479163646697998
0.3455374240875244
0.2503674030303955
0.29508233070373535
0.3519887924194336
0.2899014949798584
0.3153116703033447
0.26769495010375977
0.42485713958740234
0.2507450580596924
0.42677855491638184
0.29213690757751465
0.41155409812927246
0.34508419036865234
0.2954716682434082
0.28388261795043945
0.2906947135925293
0.26650094985961914
0.3309774398803711
0.2976205348968506
0.23696112632751465
0.25719761848449707
0.388561487197876
3.457759380340576
0.4179224967956543
0.2617220878601074
0.45130300521850586
0.32440662384033203
0.41820597648620605
0.3361198902130127
0.30005812644958496
3.27409291267395
0.2741363048553467
0.41463708877563477
0.3966538906097412
0.2515592575073242
0.45893025398254395
0.264575719833374
0.3505978584289551
0.3156092166900635
0.2664945125579834
0.2829923629760742
0.3516106605529785
0.4586009979248047
0.3885538578033447
0.26607322692871094
0.28861379623413086
0.2859375476837158
0.27825284004211426
0.26944971084594727
0.2731292247772217
0.44037961959838867
0.30214619636535645
3.242936611175537
0.31021642684936523
0.27985644340515137
0.4349400997161865
0.37804436683654785
0.3349788188934326
0.29360008239746094
0.31797242164611816
0.40016818046569824
0.29149389266967773
0.265425443649292
0.42839479446411133
0.31421852111816406
0.3993346691131592
0.24523091316223145
0.39245152473449707
0.3232696056365967
