0.2416524887084961
0.24579524993896484
0.23557496070861816
0.23462653160095215
0.2435917854309082
0.22772526741027832
0.22757267951965332
0.2207951545715332
0.2449338436126709
0.24351716041564941
0.23963212966918945
0.35592150688171387
0.2407970428466797
0.24593281745910645
0.23936080932617188
0.232069730758667
0.23664069175720215
0.23909664154052734
0.22398591041564941
0.23998427391052246
0.23270630836486816
0.23785161972045898
0.2365257740020752
0.23835277557373047
0.23966693878173828
0.24985122680664062
0.23755717277526855
0.23999881744384766
0.24529099464416504
0.2330305576324463
0.23294377326965332
0.23788142204284668
0.24753212928771973
0.23676156997680664
0.22624850273132324
0.24375271797180176
0.22835683822631836
0.2675342559814453
0.2542564868927002
0.2438364028930664
0.23056769371032715
0.3275454044342041
0.244004487991333
0.24779438972473145
0.30475664138793945
0.23352289199829102
0.23461604118347168
0.24048972129821777
0.23646092414855957
0.22168564796447754
0.23640680313110352
0.23961782455444336
0.23868441581726074
0.23749494552612305
0.2451457977294922
0.2364959716796875
0.23598098754882812
0.23615622520446777
0.2384319305419922
0.23589777946472168
0.24627184867858887
0.25049829483032227
0.261549711227417
0.2906498908996582
0.2259962558746338
0.23888683319091797
0.22526288032531738
0.2621121406555176
0.28444623947143555
0.22672510147094727
0.26881885528564453
0.24049997329711914
0.23850250244140625
0.23524761199951172
0.24463272094726562
0.24164819717407227
0.24213409423828125
0.23607110977172852
0.2423267364501953
0.2592754364013672
0.23447060585021973
0.23851418495178223
0.2384495735168457
0.23777341842651367
0.23894309997558594
0.24175071716308594
0.2897970676422119
0.23500943183898926
0.24397492408752441
0.22285723686218262
0.25254297256469727
0.23232722282409668
0.24595308303833008
0.25222182273864746
0.2401261329650879
0.23877692222595215
0.24699044227600098
0.24887752532958984
0.23345398902893066
0.2564060688018799
0.2404792308807373
0.23560523986816406
0.26393890380859375
0.2748088836669922
0.24189257621765137
0.2469186782836914
0.24689579010009766
0.23813319206237793
0.2342541217803955
0.23082351684570312
0.22713017463684082
0.2355668544769287
0.2373523712158203
0.24100661277770996
0.23844170570373535
0.23954129219055176
0.23555684089660645
0.24946856498718262
0.23861026763916016
0.24614167213439941
0.23804593086242676
0.2511751651763916
0.2280583381652832
0.2407548427581787
0.2432394027709961
0.23775815963745117
0.22713780403137207
0.24084925651550293
0.23427700996398926
0.2604968547821045
0.24138689041137695
0.3746914863586426
0.24336647987365723
0.24673700332641602
0.23534083366394043
0.24020862579345703
0.25429773330688477
0.2368335723876953
0.23929738998413086
0.2379741668701172
0.27538275718688965
0.2803971767425537
0.23842787742614746
0.2377004623413086
0.23890376091003418
0.238661527633667
0.23644161224365234
0.2386000156402588
0.23639392852783203
0.23741436004638672
0.33072805404663086
0.2354717254638672
0.24579071998596191
0.3463869094848633
0.36400628089904785
0.2520451545715332
0.24024677276611328
0.2612607479095459
0.2551088333129883
0.2723689079284668
0.23139071464538574
0.2307419776916504
0.2389998435974121
0.2402489185333252
0.24006986618041992
0.23787403106689453
0.23554301261901855
0.23468971252441406
0.2350931167602539
0.24358797073364258
0.2344985008239746
0.23633503913879395
0.23463916778564453
0.24094581604003906
0.23897004127502441
0.24399328231811523
0.29909420013427734
0.2662973403930664
0.2429826259613037
0.24498414993286133
0.2419741153717041
0.24700093269348145
0.23335671424865723
0.22465729713439941
0.23839092254638672
0.2281169891357422
0.25010204315185547
0.23857522010803223
0.25227975845336914
0.27260351181030273
0.2363111972808838
0.23161959648132324
0.23692035675048828
0.2443995475769043
0.24921846389770508
0.22778105735778809
0.3023340702056885
0.24007940292358398
0.22466468811035156
0.23824310302734375
0.23854756355285645
0.23916292190551758
0.2642343044281006
0.2555806636810303
0.24127936363220215
0.24129438400268555
0.24011564254760742
0.23442578315734863
0.23832249641418457
0.25824427604675293
0.23768305778503418
0.25634336471557617
0.25643157958984375
0.22685885429382324
0.23709678649902344
0.23745226860046387
0.24642133712768555
0.24292778968811035
0.25365281105041504
0.25792670249938965
0.23213696479797363
0.2513856887817383
0.26583027839660645
0.2441730499267578
0.23939967155456543
0.25568699836730957
0.2375493049621582
0.22691106796264648
0.23604726791381836
0.23741602897644043
0.25334692001342773
0.2357182502746582
0.2257680892944336
0.23360204696655273
0.23148369789123535
0.23083186149597168
0.2408432960510254
0.2597341537475586
0.2453162670135498
0.24397754669189453
0.2352910041809082
0.2400805950164795
0.2485196590423584
0.23536324501037598
0.2519552707672119
0.2269594669342041
0.23733282089233398
0.23891520500183105
0.2402482032775879
0.24004197120666504
0.23994755744934082
0.23958706855773926
0.2522428035736084
0.2553982734680176
0.2354423999786377
0.2356557846069336
0.2402799129486084
0.2383406162261963
0.24680447578430176
0.2333812713623047
0.24960994720458984
0.4136364459991455
0.238112211227417
0.2469339370727539
0.25230956077575684
0.24326491355895996
0.24204111099243164
0.24039864540100098
0.24130916595458984
0.23913216590881348
0.24094843864440918
0.36945629119873047
0.3065645694732666
0.23202896118164062
0.24655652046203613
0.23962783813476562
0.23211407661437988
0.2371664047241211
0.24293828010559082
0.24116778373718262
0.24217867851257324
0.24027776718139648
0.23317170143127441
0.23672938346862793
0.23422718048095703
0.238663911819458
0.2570152282714844
0.23881959915161133
0.24413323402404785
0.2538790702819824
0.23886680603027344
0.2381424903869629
0.23896408081054688
0.24402856826782227
0.291654109954834
0.23767566680908203
0.24190449714660645
0.25571441650390625
0.2406911849975586
0.24061846733093262
0.31522321701049805
0.35321474075317383
0.2488112449645996
0.24249815940856934
0.23000097274780273
0.240006685256958
0.23932290077209473
0.24280929565429688
0.2472517490386963
0.23938345909118652
0.2568471431732178
0.24378705024719238
0.24138545989990234
0.24021053314208984
0.23659586906433105
0.24429678916931152
0.2406005859375
0.23664259910583496
0.23873496055603027
0.3230905532836914
0.23915767669677734
0.22261452674865723
0.2757549285888672
0.24098730087280273
0.23735427856445312
0.2474348545074463
0.23884987831115723
0.26573848724365234
0.24464821815490723
0.23767590522766113
0.24090290069580078
0.23894238471984863
0.23800444602966309
0.2378852367401123
0.24573755264282227
0.24022960662841797
0.23795056343078613
0.310122013092041
0.24472641944885254
0.25171780586242676
0.24322295188903809
0.23654770851135254
0.23934173583984375
0.22717666625976562
0.24443840980529785
0.23389863967895508
0.24753236770629883
0.23752689361572266
0.23984336853027344
0.24485063552856445
0.2409203052520752
0.2509646415710449
0.23599481582641602
0.24150681495666504
0.24051976203918457
0.23892641067504883
0.22811031341552734
0.24132180213928223
0.23806190490722656
0.23657608032226562
0.2431168556213379
0.2792224884033203
0.24179863929748535
0.24101042747497559
0.22946405410766602
0.2455883026123047
0.23423266410827637
0.24076437950134277
0.2557549476623535
0.24538636207580566
0.24611449241638184
0.2412104606628418
0.23501157760620117
0.23814749717712402
0.24290013313293457
0.36128830909729004
0.2453160285949707
0.262803316116333
0.2406022548675537
0.24251079559326172
0.28893566131591797
0.24160313606262207
0.549602746963501
0.23387956619262695
0.23819398880004883
0.2463212013244629
0.2420356273651123
0.23946189880371094
0.23401427268981934
0.2350478172302246
0.23917508125305176
0.24536609649658203
0.23949956893920898
0.23858094215393066
0.23724865913391113
0.2492656707763672
0.24344539642333984
0.2389359474182129
0.23868775367736816
0.23785758018493652
0.23929715156555176
0.245469331741333
0.24720168113708496
0.24999713897705078
0.22254490852355957
0.23750543594360352
0.2350764274597168
0.24098563194274902
0.24344253540039062
0.2329545021057129
0.23950481414794922
0.24249744415283203
0.24149513244628906
0.2338271141052246
0.23181533813476562
0.2448747158050537
0.24945974349975586
0.25241947174072266
0.23659348487854004
0.23694419860839844
0.24941611289978027
0.23649024963378906
0.23477768898010254
0.23171472549438477
0.253124475479126
0.26012587547302246
0.23499441146850586
0.2519063949584961
0.25052642822265625
0.25854063034057617
0.2460010051727295
0.24299883842468262
0.2464597225189209
0.24068307876586914
0.25206995010375977
0.23266887664794922
0.23353099822998047
0.23383212089538574
0.25918126106262207
0.2372586727142334
0.23934125900268555
0.2442619800567627
0.2432863712310791
0.2388904094696045
0.23750877380371094
0.23769211769104004
0.23447012901306152
0.252178430557251
0.2474381923675537
0.23825311660766602
0.2503340244293213
0.23928403854370117
0.2310018539428711
0.2435147762298584
0.2451305389404297
0.24920892715454102
0.2541952133178711
0.23552179336547852
0.2427506446838379
0.2391490936279297
0.23264479637145996
0.24475836753845215
0.23998546600341797
0.2440319061279297
0.24170899391174316
0.3028266429901123
0.24039030075073242
0.24244379997253418
0.23696470260620117
0.23811912536621094
0.4072577953338623
0.334291934967041
0.32367897033691406
0.22657465934753418
0.25412487983703613
0.23308444023132324
0.23720097541809082
0.24539923667907715
0.24327731132507324
0.23789620399475098
0.24082541465759277
0.24338293075561523
0.23282790184020996
0.24769258499145508
0.23825979232788086
0.23685455322265625
0.22981929779052734
0.24295377731323242
0.24243593215942383
0.24402165412902832
0.2416245937347412
0.23273468017578125
0.2452394962310791
0.2480149269104004
0.24788475036621094
0.2383439540863037
0.2410721778869629
0.2361898422241211
0.25745677947998047
0.24028849601745605
0.2292935848236084
0.2348461151123047
0.2380061149597168
0.27130579948425293
0.24391603469848633
0.24774169921875
0.24740052223205566
0.22825908660888672
0.24984240531921387
0.23504972457885742
0.22885441780090332
0.2363882064819336
0.24354267120361328
0.240814208984375
0.23883700370788574
0.2352433204650879
0.2338390350341797
0.23676443099975586
0.24357914924621582
0.2590038776397705
0.25902628898620605
0.23609232902526855
0.23293471336364746
0.23491644859313965
0.2443385124206543
0.24202919006347656
0.24045205116271973
0.24511075019836426
0.2366633415222168
0.24896502494812012
0.23540854454040527
0.23619723320007324
0.23410511016845703
0.2419421672821045
0.23024725914001465
0.2429800033569336
0.2399294376373291
0.2351365089416504
0.24376773834228516
0.2413158416748047
0.25136804580688477
0.23642444610595703
0.23869895935058594
0.22575783729553223
0.2517571449279785
0.2390742301940918
0.24144458770751953
0.24305343627929688
0.24383139610290527
0.2337942123413086
0.2362229824066162
0.24703741073608398
0.22349977493286133
0.23278522491455078
0.23922944068908691
0.3471953868865967
0.23908519744873047
0.23598909378051758
0.23995494842529297
0.23671412467956543
0.2352428436279297
0.23554372787475586
0.23434805870056152
0.22235345840454102
0.24023199081420898
0.2414102554321289
0.23897266387939453
0.23370862007141113
0.24196910858154297
0.24843645095825195
0.24250531196594238
0.2382345199584961
0.2370285987854004
0.2509322166442871
0.24389982223510742
0.24495911598205566
0.23594927787780762
0.23785781860351562
0.24434804916381836
0.2336280345916748
0.23835349082946777
0.25449323654174805
0.2456822395324707
0.24424147605895996
0.23254132270812988
0.2386181354522705
0.23186016082763672
0.24344420433044434
0.42999267578125
0.24108219146728516
0.2338089942932129
0.23751091957092285
0.27149486541748047
0.2377169132232666
0.23575663566589355
0.2845950126647949
0.2459578514099121
0.24196362495422363
0.24021339416503906
0.2372584342956543
