0.2657747268676758
0.26190662384033203
0.27895164489746094
0.2899484634399414
0.41303181648254395
0.39675021171569824
0.3225369453430176
0.30759167671203613
0.23535871505737305
0.23885321617126465
0.22441458702087402
0.2332923412322998
0.23378920555114746
0.2384958267211914
0.24808549880981445
0.2460930347442627
0.24338126182556152
0.24625182151794434
0.2392256259918213
0.23177528381347656
0.23467230796813965
0.2235715389251709
0.24492096900939941
0.2608201503753662
0.23000693321228027
0.2370762825012207
0.22810864448547363
0.24278855323791504
0.23617339134216309
0.23164701461791992
0.23764967918395996
0.24020886421203613
0.2500772476196289
0.23585200309753418
0.24634313583374023
0.2409985065460205
0.24197793006896973
0.24098920822143555
0.23976540565490723
0.25571107864379883
0.23723888397216797
0.23719525337219238
0.23228192329406738
0.2369987964630127
0.24749279022216797
0.2357633113861084
0.24065494537353516
0.24299931526184082
0.22801566123962402
0.2550208568572998
0.24094510078430176
0.23772835731506348
0.25069165229797363
0.2536790370941162
0.2390880584716797
0.2289876937866211
0.24309730529785156
0.2422330379486084
0.23525309562683105
0.246232271194458
0.24117374420166016
0.2572472095489502
0.23229742050170898
0.24317026138305664
0.26216888427734375
0.2711522579193115
0.23683786392211914
0.31676220893859863
0.30476999282836914
0.28473639488220215
0.2349693775177002
0.2375783920288086
0.22630524635314941
0.2293415069580078
0.23811006546020508
0.21568989753723145
0.24306082725524902
0.2291395664215088
0.24527859687805176
0.25296711921691895
0.25382161140441895
0.24627089500427246
0.23080873489379883
0.2384333610534668
0.24014568328857422
0.26035213470458984
0.24150538444519043
0.23902320861816406
0.24518179893493652
0.2439250946044922
0.25890588760375977
0.2388455867767334
0.23972129821777344
0.24250435829162598
0.23710179328918457
0.23939061164855957
0.22528696060180664
0.24021363258361816
0.25301170349121094
0.2650115489959717
0.22696757316589355
0.23700261116027832
0.30489301681518555
0.23672032356262207
0.24078869819641113
0.23909354209899902
0.24054908752441406
0.2396392822265625
0.23777413368225098
0.2262272834777832
0.23967361450195312
0.23701810836791992
0.2404477596282959
0.25391101837158203
0.2466897964477539
0.23470568656921387
0.23567581176757812
0.2336421012878418
0.2295382022857666
0.23554134368896484
0.23323869705200195
0.22915983200073242
0.2212965488433838
0.24910831451416016
0.22907257080078125
0.24693012237548828
0.28490710258483887
0.24115920066833496
0.23750019073486328
0.2473161220550537
0.23920583724975586
0.24991154670715332
0.25926971435546875
0.2462291717529297
0.2322385311126709
0.23361659049987793
0.2277209758758545
0.2241363525390625
0.24804949760437012
0.235490083694458
0.2355797290802002
0.23918628692626953
0.2418825626373291
0.2209618091583252
0.23877906799316406
0.23590826988220215
0.26978611946105957
0.24122023582458496
0.2263193130493164
0.22814679145812988
0.21796488761901855
0.2362685203552246
0.2390124797821045
0.25246596336364746
0.21750664710998535
0.2685718536376953
0.23450613021850586
0.24610042572021484
0.23922181129455566
0.24924039840698242
0.2522423267364502
0.23862504959106445
0.24160408973693848
0.23450827598571777
0.2356700897216797
0.2424170970916748
0.2550816535949707
0.24581551551818848
0.22645974159240723
0.2354297637939453
0.24280023574829102
0.23697829246520996
0.2419874668121338
0.225386381149292
0.22490763664245605
0.2190093994140625
0.2385544776916504
0.2361917495727539
0.22412943840026855
0.23460078239440918
0.23763322830200195
0.24428319931030273
0.23503327369689941
0.23750853538513184
0.23556256294250488
0.23347949981689453
0.24548888206481934
0.23697280883789062
0.243300199508667
0.2425382137298584
0.24236011505126953
0.2283186912536621
0.24676847457885742
0.24310541152954102
0.23256635665893555
0.24318361282348633
0.24458885192871094
0.2392442226409912
0.24158811569213867
0.23571395874023438
0.3391077518463135
0.3360583782196045
0.25714540481567383
0.2418348789215088
0.2354733943939209
0.23416662216186523
0.24454450607299805
0.2439730167388916
0.23640775680541992
0.23541021347045898
0.23719048500061035
0.239088773727417
0.24115371704101562
0.2406754493713379
0.24082279205322266
0.23517942428588867
0.24099969863891602
0.22495698928833008
0.24614262580871582
0.2379744052886963
0.23693609237670898
0.24745631217956543
0.24253344535827637
0.24257683753967285
0.27980637550354004
0.2403867244720459
0.23703336715698242
0.23894119262695312
0.24038219451904297
0.23642206192016602
0.24614882469177246
0.23999357223510742
0.23514270782470703
0.25157785415649414
0.2785604000091553
0.23869681358337402
0.23391056060791016
0.2509450912475586
0.238325834274292
0.24554443359375
0.22747588157653809
0.2384490966796875
0.2394876480102539
0.24753260612487793
0.23112273216247559
0.2833871841430664
0.2485063076019287
0.2565188407897949
0.23378705978393555
0.23556256294250488
0.23616600036621094
0.25209999084472656
0.25116991996765137
0.22405624389648438
0.23375177383422852
0.25341367721557617
0.2446448802947998
0.24765777587890625
0.2379617691040039
0.236710786819458
0.2333521842956543
0.25397419929504395
0.2719125747680664
0.2437574863433838
0.23758387565612793
0.23051238059997559
0.23191261291503906
0.24620962142944336
0.25263190269470215
0.2386336326599121
0.23365163803100586
0.2455766201019287
0.23773932456970215
0.25803446769714355
0.24887847900390625
0.2304692268371582
0.2469162940979004
0.22727060317993164
0.23171329498291016
0.23083710670471191
0.2469959259033203
0.23797369003295898
0.23547911643981934
0.2515296936035156
0.23329401016235352
0.2248516082763672
0.23749947547912598
0.23981070518493652
0.2597620487213135
0.2336561679840088
0.22282624244689941
0.23475289344787598
0.2329270839691162
0.24102354049682617
0.22450947761535645
0.23226189613342285
0.25125813484191895
0.24307727813720703
0.24895882606506348
0.261843204498291
0.2639956474304199
0.23366117477416992
0.24070310592651367
0.2366783618927002
0.23154377937316895
0.23263835906982422
0.253920316696167
0.22523832321166992
0.23118925094604492
0.24122881889343262
0.23327970504760742
0.22137832641601562
0.2352278232574463
0.23732900619506836
0.226027250289917
0.24817109107971191
0.23789119720458984
0.24196410179138184
0.2329421043395996
0.234147310256958
0.23862576484680176
0.39013242721557617
0.23446154594421387
0.2427363395690918
0.2478928565979004
0.25884294509887695
0.23734402656555176
0.23551177978515625
0.2284986972808838
0.23348379135131836
0.21940994262695312
0.2353382110595703
0.23636674880981445
0.22214078903198242
0.24171113967895508
0.24106788635253906
0.22941374778747559
0.22930216789245605
0.25443196296691895
0.22362732887268066
0.2609748840332031
0.23420000076293945
0.24425244331359863
0.2300090789794922
0.24199461936950684
0.22382259368896484
0.23697805404663086
0.2677481174468994
0.2399311065673828
0.24977469444274902
0.23974156379699707
0.2328779697418213
0.24558448791503906
0.2505953311920166
0.23717451095581055
0.24238014221191406
0.23607206344604492
0.24115324020385742
0.24741888046264648
0.23244905471801758
0.24979710578918457
0.22289204597473145
0.2423238754272461
0.23788142204284668
0.23819518089294434
0.2522568702697754
0.32459282875061035
0.23592758178710938
0.23506927490234375
0.2474360466003418
0.25743770599365234
0.2520914077758789
0.2385270595550537
0.2520167827606201
0.24773430824279785
0.241013765335083
0.2420034408569336
0.23946356773376465
0.23337197303771973
0.2433919906616211
0.23923254013061523
0.23812389373779297
0.2282254695892334
0.23736190795898438
0.3052065372467041
0.23807692527770996
0.23053956031799316
0.23156189918518066
0.23674535751342773
0.23575901985168457
0.2627530097961426
0.3339195251464844
0.2492058277130127
0.24778199195861816
0.25404953956604004
0.24044156074523926
0.25121045112609863
0.2361750602722168
0.23247146606445312
0.23794198036193848
0.23894333839416504
0.26660990715026855
0.23161816596984863
0.2501792907714844
0.23899102210998535
0.22657203674316406
0.23654413223266602
0.24099087715148926
0.24499940872192383
0.238922119140625
0.24748849868774414
0.24218320846557617
0.251967191696167
0.2348158359527588
0.23434233665466309
0.2326183319091797
0.2547781467437744
0.24221348762512207
0.22814559936523438
0.24428844451904297
0.2574143409729004
0.25817036628723145
0.23767495155334473
0.2460188865661621
0.24799799919128418
0.2395925521850586
0.24070119857788086
0.22968149185180664
0.23430347442626953
0.2503492832183838
0.23821520805358887
0.23512649536132812
0.2436351776123047
0.23018836975097656
0.23278307914733887
0.23593783378601074
0.2283158302307129
0.2710146903991699
0.26537346839904785
0.5375845432281494
0.24136853218078613
0.24390387535095215
0.2826228141784668
0.24450063705444336
0.25243330001831055
0.25157880783081055
0.23258018493652344
0.23329448699951172
0.23416543006896973
0.2369682788848877
0.23637104034423828
0.23359298706054688
0.23159098625183105
0.24071812629699707
0.23377060890197754
0.2379155158996582
0.23486566543579102
0.2370898723602295
0.2274332046508789
0.2341604232788086
0.2412724494934082
0.23743247985839844
0.2834618091583252
0.23897290229797363
0.24725627899169922
0.24017548561096191
0.24016404151916504
0.23424816131591797
0.2357640266418457
0.23597192764282227
0.2347581386566162
0.23880267143249512
0.24597692489624023
0.23800134658813477
0.22800660133361816
0.23750662803649902
0.2369704246520996
0.22629570960998535
0.23214364051818848
0.2437305450439453
0.27034664154052734
0.2390727996826172
0.2433929443359375
0.2338716983795166
0.24100637435913086
0.24408316612243652
0.24020600318908691
0.23723912239074707
0.23263025283813477
0.25278782844543457
0.22919607162475586
0.23813152313232422
0.23978805541992188
0.23567652702331543
0.2397475242614746
0.2754518985748291
0.28249478340148926
0.2550501823425293
0.22727012634277344
0.23731136322021484
0.23931884765625
0.25202298164367676
0.2279961109161377
0.2241685390472412
0.23316359519958496
0.25319695472717285
0.2344956398010254
0.22276020050048828
0.2317209243774414
0.24199533462524414
0.23134899139404297
0.23943710327148438
0.23962759971618652
0.22974514961242676
0.2202901840209961
0.23623943328857422
0.28386664390563965
0.24456000328063965
0.23358488082885742
0.24326682090759277
0.24900221824645996
0.23766708374023438
0.23917484283447266
0.2275702953338623
0.24295902252197266
0.22775888442993164
0.23607754707336426
0.23364639282226562
0.2293562889099121
0.24340534210205078
0.23823046684265137
0.23345136642456055
0.24629974365234375
0.2500035762786865
0.25783658027648926
0.23104596138000488
0.23999857902526855
0.2450857162475586
0.25510120391845703
0.23512768745422363
0.22940683364868164
0.2456812858581543
0.2422947883605957
0.26192474365234375
0.2437586784362793
0.23527121543884277
0.22570323944091797
0.23400330543518066
0.2630021572113037
0.231581449508667
0.23113369941711426
0.21997547149658203
0.23436951637268066
0.24087786674499512
0.22997593879699707
0.24747347831726074
0.23358464241027832
0.24649500846862793
0.23430585861206055
0.23407649993896484
0.25771379470825195
0.25480198860168457
0.23541951179504395
0.23688220977783203
0.2235705852508545
0.25763893127441406
0.2346634864807129
0.24196577072143555
0.24091649055480957
0.26893115043640137
0.23943471908569336
0.23813295364379883
0.23659253120422363
0.22727584838867188
0.24161338806152344
0.23313522338867188
0.23727822303771973
0.2508687973022461
0.2339019775390625
0.24834847450256348
0.24316716194152832
0.23819947242736816
0.22311091423034668
0.2205793857574463
0.2334001064300537
0.2322254180908203
0.2362508773803711
0.23781156539916992
0.23855161666870117
0.2349376678466797
0.22295403480529785
0.22432971000671387
0.2459728717803955
0.24126720428466797
0.2572453022003174
0.24889683723449707
0.2569875717163086
0.2728421688079834
0.23200607299804688
0.24605512619018555
0.23576807975769043
0.23430776596069336
0.22887730598449707
0.2568056583404541
0.24708008766174316
0.2392730712890625
0.24653244018554688
0.2349083423614502
0.24502182006835938
0.255995512008667
0.23872733116149902
0.24035954475402832
0.23488283157348633
0.23486328125
0.2469773292541504
0.24230337142944336
0.23514604568481445
0.2495591640472412
0.23778200149536133
0.23496198654174805
0.23291850090026855
0.2209329605102539
0.23460698127746582
0.2521955966949463
0.25626230239868164
0.23399758338928223
0.24067234992980957
0.24547123908996582
0.23652863502502441
0.22602581977844238
0.240339994430542
0.24085187911987305
0.23775339126586914
0.25606250762939453
0.4261002540588379
0.39173221588134766
0.24485182762145996
0.23621392250061035
0.24026751518249512
0.24106144905090332
0.2421870231628418
0.23575949668884277
0.24710893630981445
0.23015737533569336
0.2369239330291748
0.25063657760620117
0.22453689575195312
0.21944928169250488
0.24136781692504883
0.24620461463928223
0.24023175239562988
0.23052000999450684
0.23752737045288086
0.23964309692382812
0.2794685363769531
0.27439403533935547
0.25437045097351074
0.23963594436645508
0.2519693374633789
0.23195385932922363
0.24897050857543945
0.23099446296691895
0.2384319305419922
0.25245094299316406
0.2344646453857422
0.2422475814819336
0.23569726943969727
0.23206210136413574
0.23627805709838867
0.2856419086456299
0.3053164482116699
0.2389974594116211
0.24400115013122559
0.23311257362365723
0.23752069473266602
0.23641657829284668
0.2473130226135254
0.2523026466369629
0.26624202728271484
0.2386789321899414
0.22013521194458008
0.23354077339172363
0.23966217041015625
0.24718856811523438
0.2751891613006592
0.23209834098815918
0.24237561225891113
0.22873544692993164
0.24665141105651855
0.24586868286132812
0.23880934715270996
0.24328160285949707
0.23209214210510254
0.24225282669067383
0.23226380348205566
0.23816132545471191
0.23731613159179688
0.24188709259033203
0.2531147003173828
0.2348039150238037
0.23509979248046875
0.23537659645080566
0.2289416790008545
0.23457026481628418
0.22721576690673828
0.23613286018371582
0.2503371238708496
0.210463285446167
0.23095297813415527
0.24181175231933594
0.2459096908569336
0.2336864471435547
0.23522281646728516
0.24006152153015137
0.234147310256958
0.23990249633789062
0.25258374214172363
0.24367356300354004
0.2377021312713623
0.2356255054473877
0.2358863353729248
0.23583173751831055
0.23642492294311523
0.23325872421264648
0.23593974113464355
0.24418115615844727
0.234450101852417
0.2358841896057129
0.24717378616333008
0.24206972122192383
0.22273659706115723
0.23592400550842285
0.23214125633239746
0.2477123737335205
0.2667274475097656
0.2496955394744873
0.24970698356628418
0.24468183517456055
0.22693443298339844
0.2228858470916748
0.2345879077911377
0.23723745346069336
0.2532367706298828
0.3436715602874756
0.24926424026489258
0.24717211723327637
0.2443561553955078
0.25478601455688477
0.26878857612609863
0.2397913932800293
0.22745609283447266
0.24255657196044922
0.24963831901550293
0.2394580841064453
0.23505091667175293
0.23648524284362793
0.23112964630126953
0.2519536018371582
0.24297666549682617
0.2649519443511963
0.2275223731994629
0.27202272415161133
0.24695944786071777
0.2338428497314453
0.23601531982421875
0.23842668533325195
0.23898911476135254
0.23372197151184082
0.25296926498413086
0.23739242553710938
0.23956847190856934
0.23500323295593262
0.23449420928955078
0.24774646759033203
0.23911333084106445
0.24147582054138184
0.271465539932251
0.24850797653198242
0.24550414085388184
0.2545332908630371
0.23827648162841797
0.2409803867340088
0.23901915550231934
0.23877549171447754
0.25705862045288086
0.23636436462402344
0.23684048652648926
0.24503684043884277
0.23924779891967773
0.2377166748046875
0.23173809051513672
0.23190951347351074
0.22406601905822754
0.23384428024291992
0.23801279067993164
0.23835253715515137
0.23856425285339355
0.26131391525268555
0.23728203773498535
0.2622408866882324
0.23996376991271973
0.22114872932434082
0.22142934799194336
0.2369709014892578
0.23227667808532715
0.239471435546875
0.23500847816467285
0.2387857437133789
0.2332298755645752
0.25422120094299316
0.25028562545776367
0.2573831081390381
0.2794187068939209
0.23794770240783691
0.2338402271270752
0.23707103729248047
0.2391188144683838
0.22983050346374512
0.23482871055603027
0.21815943717956543
0.24227452278137207
0.23322224617004395
0.2426600456237793
0.22834372520446777
0.22776556015014648
0.2399897575378418
0.2386922836303711
0.24469208717346191
0.23005294799804688
0.24044251441955566
0.24019384384155273
0.24026250839233398
0.26738762855529785
0.24170732498168945
0.24184846878051758
0.23539400100708008
0.24082541465759277
0.26276183128356934
0.26193761825561523
0.23221135139465332
0.23462128639221191
0.23304247856140137
0.24411988258361816
0.24606680870056152
0.2379608154296875
0.23587608337402344
0.23325419425964355
0.23723411560058594
0.2370297908782959
0.24106192588806152
0.23415350914001465
0.2348332405090332
0.23366856575012207
0.216627836227417
0.2319345474243164
0.23512792587280273
0.23485231399536133
0.2347583770751953
0.2363271713256836
0.263869047164917
0.24294447898864746
0.2298450469970703
0.24231505393981934
0.2393052577972412
0.22852206230163574
0.24553442001342773
0.2286672592163086
0.23812127113342285
0.23571157455444336
0.2241992950439453
0.23309731483459473
0.23764657974243164
0.24603962898254395
0.264035701751709
0.22221064567565918
0.26508641242980957
0.2347087860107422
0.23384857177734375
0.2207167148590088
0.24183368682861328
0.2718381881713867
0.2601351737976074
0.2537968158721924
0.26580381393432617
0.23549437522888184
0.23998188972473145
0.2446749210357666
0.22501540184020996
0.23712754249572754
0.24921441078186035
0.24055075645446777
0.24057793617248535
0.2411656379699707
0.2336430549621582
0.24071216583251953
0.23402929306030273
0.25542545318603516
0.23378252983093262
0.23240327835083008
0.2510526180267334
0.24612689018249512
0.2571084499359131
0.2354722023010254
0.24401092529296875
0.24596214294433594
0.2539682388305664
0.22558927536010742
0.23401618003845215
0.2539801597595215
0.23591065406799316
0.2220594882965088
0.2350306510925293
0.23430514335632324
0.24535822868347168
0.21399211883544922
0.24094724655151367
0.2354264259338379
0.23319339752197266
0.2304391860961914
0.238295316696167
0.25662660598754883
0.23849701881408691
0.22730755805969238
0.3586249351501465
0.25305914878845215
0.23285460472106934
0.23701810836791992
0.22599005699157715
0.22515249252319336
0.22687315940856934
0.23439908027648926
0.23339319229125977
0.23340559005737305
0.23831391334533691
0.22777318954467773
0.229966402053833
0.25232577323913574
0.23904204368591309
0.23569798469543457
0.2248847484588623
0.23180103302001953
0.26412057876586914
0.28472208976745605
0.2371509075164795
0.23167920112609863
0.23378658294677734
0.2503654956817627
0.23127388954162598
0.23305964469909668
0.2484726905822754
0.23781609535217285
0.2416069507598877
0.2412583827972412
0.24149250984191895
0.23461461067199707
0.2336437702178955
0.22464370727539062
0.23892736434936523
0.23755979537963867
0.24079298973083496
0.24086809158325195
0.2335507869720459
0.23398876190185547
0.25235962867736816
0.22480225563049316
0.2476482391357422
0.2491927146911621
0.2941861152648926
0.2376878261566162
0.23781180381774902
0.25294017791748047
0.2473468780517578
0.23641228675842285
0.23655056953430176
0.22100090980529785
0.23927068710327148
0.22701311111450195
0.23021388053894043
0.23541498184204102
0.23086023330688477
0.24002528190612793
0.23618745803833008
0.2509946823120117
0.26099538803100586
0.2652249336242676
0.2397143840789795
0.24122881889343262
0.2329556941986084
0.26226019859313965
0.23651981353759766
0.2341325283050537
0.2509753704071045
0.25498533248901367
0.23322415351867676
0.23899555206298828
0.24008560180664062
0.23941254615783691
0.22951769828796387
0.26750850677490234
0.2580087184906006
0.24671602249145508
0.23680877685546875
0.24678802490234375
0.23358154296875
0.24943041801452637
0.2464296817779541
0.2663238048553467
0.22301745414733887
0.23290157318115234
0.2529444694519043
0.2531161308288574
0.24400949478149414
0.2374427318572998
0.22819852828979492
0.24106645584106445
0.23598098754882812
0.23816871643066406
0.2301807403564453
0.24831080436706543
0.23249363899230957
0.2352297306060791
0.2482762336730957
0.2372894287109375
0.23307347297668457
0.25035738945007324
0.23453450202941895
0.2341465950012207
0.22776365280151367
0.22338104248046875
0.22951960563659668
0.22214531898498535
0.27672839164733887
0.25337934494018555
0.24532365798950195
0.22838163375854492
0.24131178855895996
0.2619466781616211
0.23221778869628906
0.2803223133087158
0.2330150604248047
0.23957300186157227
0.23919987678527832
0.23852753639221191
0.2279646396636963
0.24196577072143555
0.24033904075622559
0.2614612579345703
0.2631824016571045
0.2422339916229248
0.23048901557922363
0.24796223640441895
0.2462940216064453
0.267256498336792
0.2755134105682373
0.2329692840576172
0.2360830307006836
0.23763227462768555
0.23464536666870117
0.249800443649292
0.23385286331176758
0.22542715072631836
0.2396552562713623
0.23392438888549805
0.23345494270324707
0.23503494262695312
0.24997806549072266
0.24059700965881348
0.24881744384765625
0.25342726707458496
0.24846553802490234
0.23841381072998047
0.21104645729064941
0.24570536613464355
0.2353074550628662
0.24410462379455566
0.22475576400756836
0.23261547088623047
0.23145198822021484
0.22451257705688477
0.23940300941467285
0.24026155471801758
0.23419809341430664
0.2373950481414795
0.23727154731750488
0.227888822555542
0.2372603416442871
0.2366189956665039
0.22540760040283203
0.250443696975708
0.2625095844268799
0.25165748596191406
0.2626519203186035
0.23706769943237305
0.2439568042755127
0.22686767578125
0.24960064888000488
0.23732447624206543
0.24194669723510742
0.2450711727142334
0.25142765045166016
0.2394251823425293
0.23513340950012207
0.23594999313354492
0.2512547969818115
0.24241018295288086
0.238997220993042
0.24399900436401367
0.24412751197814941
0.24009180068969727
0.23885154724121094
0.23598957061767578
0.24699997901916504
0.22111940383911133
0.23510074615478516
0.24743151664733887
0.23799896240234375
0.24355483055114746
0.2361922264099121
0.24353742599487305
0.2482759952545166
0.24537253379821777
0.23253273963928223
0.23585748672485352
0.2232823371887207
0.24543380737304688
0.23258018493652344
0.23737192153930664
0.22638511657714844
0.25023436546325684
0.2353193759918213
0.2451152801513672
0.22604608535766602
0.2513387203216553
0.231400728225708
0.24953484535217285
0.23049354553222656
0.231276273727417
0.24389076232910156
0.2298107147216797
0.2418668270111084
0.22646141052246094
0.24242186546325684
0.232985258102417
0.2357487678527832
0.2400226593017578
0.2353816032409668
0.22728705406188965
0.22806572914123535
0.2361149787902832
0.23885083198547363
0.23815345764160156
0.24306440353393555
0.23901748657226562
0.23593568801879883
0.24239754676818848
0.2328352928161621
0.23957133293151855
0.2337191104888916
0.23061203956604004
0.24205374717712402
0.23996210098266602
0.22735309600830078
0.2493603229522705
0.23901963233947754
0.23499703407287598
0.23423314094543457
0.2385094165802002
0.24334406852722168
0.2560544013977051
0.23296785354614258
0.23566770553588867
0.24106407165527344
0.2333536148071289
0.24053168296813965
0.23780488967895508
0.23945116996765137
0.22082257270812988
0.23909735679626465
0.25361108779907227
0.23762893676757812
0.23253607749938965
0.23382043838500977
0.23966407775878906
0.23603510856628418
0.23744750022888184
0.23199868202209473
0.2443370819091797
0.24985170364379883
0.25041747093200684
0.24422430992126465
0.23364782333374023
0.22592377662658691
0.24363327026367188
0.23813939094543457
0.23792815208435059
0.23590922355651855
0.23885726928710938
0.22550439834594727
0.24080538749694824
0.24007582664489746
