0.26927900314331055
0.2369985580444336
0.24100446701049805
0.2759692668914795
0.28499674797058105
0.27101707458496094
0.2719712257385254
0.2710080146789551
0.2338874340057373
0.22492432594299316
0.22849678993225098
0.22542953491210938
0.23556828498840332
0.23676633834838867
0.22166705131530762
0.25070667266845703
0.23965144157409668
0.2506434917449951
0.24127960205078125
0.23627567291259766
0.23894786834716797
0.2263338565826416
0.2433910369873047
0.24524712562561035
0.2592957019805908
0.24121880531311035
0.23428726196289062
0.23729515075683594
0.2348802089691162
0.23980975151062012
0.21329355239868164
0.22348737716674805
0.22880887985229492
0.22194647789001465
0.2294297218322754
0.23511838912963867
0.26098108291625977
0.28000497817993164
0.2790193557739258
0.26999926567077637
0.24201655387878418
0.22114133834838867
0.21930646896362305
0.24884843826293945
0.2685823440551758
0.2480943202972412
0.34821462631225586
0.31513524055480957
0.30900144577026367
0.3450891971588135
0.37108349800109863
0.3173949718475342
0.2796151638031006
0.32573914527893066
0.32073187828063965
0.33673834800720215
0.23613834381103516
0.24227213859558105
0.22433114051818848
0.27573156356811523
0.25353074073791504
0.23742127418518066
0.23115897178649902
0.22846770286560059
0.273876428604126
0.22858786582946777
0.23472833633422852
0.23575663566589355
0.23917865753173828
0.2370443344116211
0.24717259407043457
0.24817752838134766
0.2295825481414795
0.2362213134765625
0.23301196098327637
0.23382186889648438
0.2555391788482666
0.266263484954834
0.24218082427978516
0.2385096549987793
0.24861764907836914
0.2536585330963135
0.2607247829437256
0.22770977020263672
0.2392277717590332
0.23823308944702148
0.23039841651916504
0.24001240730285645
0.2220172882080078
0.22865080833435059
0.23128271102905273
0.23227334022521973
0.24820685386657715
0.23414158821105957
0.23559188842773438
0.23848772048950195
0.24048304557800293
0.3038451671600342
0.23032474517822266
0.23746871948242188
0.23648309707641602
0.22667551040649414
0.26314806938171387
0.22999882698059082
0.23730754852294922
0.23295092582702637
0.24094533920288086
0.2455589771270752
0.2525362968444824
0.2721114158630371
0.26810216903686523
0.2761039733886719
0.2411508560180664
0.23637771606445312
0.23844480514526367
0.23070979118347168
0.26027655601501465
0.25128769874572754
0.22728705406188965
0.24577689170837402
0.2497708797454834
0.2432091236114502
0.24622130393981934
0.23400187492370605
0.2339022159576416
0.23578810691833496
0.2357180118560791
0.26664113998413086
0.2507750988006592
0.27979445457458496
0.2319355010986328
0.2230086326599121
0.2519669532775879
0.22902798652648926
0.23299026489257812
0.2390146255493164
0.22699546813964844
0.2660369873046875
0.24703001976013184
0.28000807762145996
0.24815082550048828
0.22463679313659668
0.2508115768432617
0.24480009078979492
0.21488642692565918
0.23015236854553223
0.2333085536956787
0.2569925785064697
0.2700052261352539
0.2369215488433838
0.23897075653076172
0.24156427383422852
0.22881579399108887
0.22600150108337402
0.23101401329040527
0.23215436935424805
0.2450122833251953
0.23583388328552246
0.2239687442779541
0.2474687099456787
0.24271917343139648
0.24469470977783203
0.23566222190856934
0.21503591537475586
0.2362813949584961
0.2482297420501709
0.24026989936828613
0.22887206077575684
0.229262113571167
0.2228999137878418
0.24185657501220703
0.22484588623046875
0.23446130752563477
0.24560189247131348
0.24466443061828613
0.2656710147857666
0.22042489051818848
0.2181262969970703
0.24815654754638672
0.231001615524292
0.23428845405578613
0.24431514739990234
0.24078798294067383
0.2349717617034912
0.23398137092590332
0.2323620319366455
0.2561683654785156
0.2651512622833252
0.22036123275756836
0.2410600185394287
0.22813153266906738
0.22806692123413086
0.2341313362121582
0.23071765899658203
0.23983335494995117
0.2347850799560547
0.2428591251373291
0.23674583435058594
0.2477884292602539
0.27989792823791504
0.24293184280395508
0.23894143104553223
0.23974227905273438
0.2450087070465088
0.24801349639892578
0.23961353302001953
0.24039840698242188
0.24639582633972168
0.28095126152038574
0.2559359073638916
0.2799408435821533
0.2649421691894531
0.23722219467163086
0.260237455368042
0.24028563499450684
0.2642366886138916
0.21905851364135742
0.22531843185424805
0.22419953346252441
0.235947847366333
0.2483060359954834
0.24561238288879395
0.24162840843200684
0.24260783195495605
0.24761438369750977
0.2360832691192627
0.23507308959960938
0.23817658424377441
0.2321774959564209
0.22830438613891602
0.23040556907653809
0.23533082008361816
0.23216009140014648
0.24619746208190918
0.24382925033569336
0.24779438972473145
0.22688961029052734
0.2353665828704834
0.2481086254119873
0.2225644588470459
0.2536182403564453
0.24491453170776367
0.2248075008392334
0.24817514419555664
0.2261354923248291
0.2292923927307129
0.23452448844909668
0.2416529655456543
0.23582911491394043
0.22920727729797363
0.21521282196044922
0.264556884765625
0.24746179580688477
0.25458669662475586
0.2515594959259033
0.24147319793701172
0.2105872631072998
0.2325305938720703
0.23645329475402832
0.22592401504516602
0.2452244758605957
0.23320960998535156
0.24103999137878418
0.24754881858825684
0.2355034351348877
0.23679709434509277
0.23808622360229492
0.2089557647705078
0.2371375560760498
0.2471301555633545
0.23035502433776855
0.22809433937072754
0.23711252212524414
0.24348211288452148
0.24250531196594238
0.23155808448791504
0.2566337585449219
0.2375011444091797
0.2255384922027588
0.24553227424621582
0.22852253913879395
0.22126126289367676
0.25501441955566406
0.24804043769836426
0.2437891960144043
0.2537999153137207
0.2527945041656494
0.2580742835998535
0.23414397239685059
0.24836158752441406
0.22196483612060547
0.23823165893554688
0.2352304458618164
0.2362651824951172
0.24172258377075195
0.22379565238952637
0.22042059898376465
0.22806572914123535
0.2365717887878418
0.23770594596862793
0.23516464233398438
0.22580862045288086
0.24979162216186523
0.26578569412231445
0.2284390926361084
0.22820234298706055
0.23327064514160156
0.23026728630065918
0.2322998046875
0.33640575408935547
0.5348095893859863
0.23197579383850098
0.23943328857421875
0.23843026161193848
0.2738912105560303
0.27489161491394043
0.24986028671264648
0.2998671531677246
0.22342371940612793
0.23703241348266602
0.24173641204833984
0.23695778846740723
0.23343706130981445
0.247344970703125
0.22895097732543945
0.23638510704040527
0.23206281661987305
0.24606084823608398
0.2649967670440674
0.27103710174560547
0.22899985313415527
0.23801088333129883
0.2392420768737793
0.22984623908996582
0.2289140224456787
0.23380017280578613
0.2339022159576416
0.23051834106445312
0.24057817459106445
0.24457883834838867
0.2366185188293457
0.23552799224853516
0.2342061996459961
0.23323678970336914
0.2244720458984375
0.23387646675109863
0.22757673263549805
0.2303171157836914
0.22974514961242676
0.23276090621948242
0.2529947757720947
0.2749807834625244
0.24771952629089355
0.26467132568359375
0.20916748046875
0.23647809028625488
0.2386782169342041
0.23931550979614258
0.22203850746154785
0.23518133163452148
0.23418736457824707
0.2541797161102295
0.23515009880065918
0.22617864608764648
0.2512938976287842
0.2721397876739502
0.2223949432373047
0.26232171058654785
0.24627947807312012
0.225693941116333
0.2333357334136963
0.22516846656799316
0.24007868766784668
0.226149320602417
0.28418779373168945
0.2631833553314209
0.27322959899902344
0.25120067596435547
0.23986506462097168
0.259016752243042
0.2689473628997803
0.22996211051940918
0.24554824829101562
0.23829126358032227
0.22801733016967773
0.24599671363830566
0.24446845054626465
0.23749327659606934
0.24417352676391602
0.2299962043762207
0.24816513061523438
0.23778915405273438
0.2256925106048584
0.24722766876220703
0.24408388137817383
0.23893523216247559
0.23058557510375977
0.24899029731750488
0.29900383949279785
0.6691181659698486
0.2589545249938965
0.27399349212646484
0.24300360679626465
0.24801015853881836
0.2221999168395996
0.23755407333374023
0.2335491180419922
0.2317197322845459
0.23591279983520508
0.24229145050048828
0.24053382873535156
0.2272801399230957
0.23532843589782715
0.2449491024017334
0.24700188636779785
0.23498129844665527
0.24117684364318848
0.24017739295959473
0.23126626014709473
0.23625469207763672
0.2518584728240967
0.25811147689819336
0.27011537551879883
0.24208712577819824
0.24418115615844727
0.2751047611236572
0.2563331127166748
0.23935508728027344
0.23719096183776855
0.22734928131103516
0.23156332969665527
0.24570035934448242
0.27173638343811035
0.25644588470458984
0.24439787864685059
0.23606419563293457
0.22589993476867676
0.2399740219116211
0.24637746810913086
0.24816203117370605
0.24518370628356934
0.23418068885803223
0.22299766540527344
0.27100110054016113
0.2129955291748047
0.2399742603302002
0.24107718467712402
0.23514986038208008
0.2251436710357666
0.2225208282470703
0.2286076545715332
0.2345876693725586
0.23473405838012695
0.23201942443847656
0.25480079650878906
0.27027130126953125
0.2819840908050537
0.26195430755615234
0.25551557540893555
0.24056339263916016
0.22051119804382324
0.23676156997680664
0.23166680335998535
0.22951912879943848
0.22150921821594238
0.23226666450500488
0.226806640625
0.23442363739013672
0.2514481544494629
0.26937222480773926
0.2684333324432373
0.2484118938446045
0.2587101459503174
0.2553255558013916
0.2662980556488037
0.22514081001281738
0.25112104415893555
0.24774599075317383
0.2324843406677246
0.2326509952545166
0.24437904357910156
0.2492506504058838
0.2622494697570801
0.24132442474365234
0.23819470405578613
0.23392200469970703
0.2729957103729248
0.22900819778442383
0.23706388473510742
0.23408818244934082
0.22095441818237305
0.24201130867004395
0.274000883102417
0.27397871017456055
0.21300697326660156
0.23395657539367676
0.28231239318847656
0.23625826835632324
0.24597740173339844
0.24497318267822266
0.23524928092956543
0.246260404586792
0.31016993522644043
0.22923493385314941
0.218430757522583
0.24707317352294922
0.25628066062927246
0.235337495803833
0.2494220733642578
0.25234365463256836
0.233292818069458
0.22512602806091309
0.2382645606994629
0.24346613883972168
0.24846339225769043
0.24550557136535645
0.23646807670593262
0.24826502799987793
0.2348473072052002
0.2210860252380371
0.24338388442993164
0.22925472259521484
0.24024677276611328
0.23792338371276855
0.25633788108825684
0.24638128280639648
0.23435568809509277
0.24938178062438965
0.24435663223266602
0.23516035079956055
0.24312472343444824
0.23270821571350098
0.2466742992401123
0.24173855781555176
0.22975397109985352
0.22895526885986328
0.23366403579711914
0.24071574211120605
0.23813724517822266
0.23417925834655762
0.23318934440612793
0.21213722229003906
0.22342252731323242
0.23945021629333496
0.23151803016662598
0.2222907543182373
0.22765040397644043
0.2342529296875
0.24145960807800293
0.2413933277130127
0.26552724838256836
0.2675197124481201
0.2945277690887451
0.22614216804504395
0.23384928703308105
0.22883176803588867
0.24580979347229004
0.2377016544342041
0.23409175872802734
0.23090624809265137
0.28943419456481934
0.28739261627197266
0.2924683094024658
0.26239800453186035
0.23337721824645996
0.3204340934753418
0.23406744003295898
0.23902130126953125
0.23920893669128418
0.2283332347869873
0.23229098320007324
0.23235416412353516
0.23787975311279297
0.22304129600524902
0.26396918296813965
0.27997541427612305
0.23634982109069824
0.24081206321716309
0.2407536506652832
0.21133995056152344
0.24093055725097656
0.2279214859008789
0.240431547164917
0.2701098918914795
0.27611398696899414
0.22821044921875
0.24028229713439941
0.29247331619262695
0.42579054832458496
0.43961000442504883
0.36880016326904297
0.2559013366699219
0.22813129425048828
0.2361905574798584
0.2382066249847412
0.251009464263916
0.28300905227661133
0.2799992561340332
0.2889668941497803
0.2689967155456543
0.2750279903411865
0.24057579040527344
0.23859739303588867
0.24157404899597168
0.23907971382141113
0.2411344051361084
0.2293686866760254
0.2372438907623291
0.2514841556549072
0.2674891948699951
0.23618125915527344
0.30222058296203613
0.2351386547088623
0.2401750087738037
0.2402970790863037
0.2533869743347168
0.24434685707092285
0.22327089309692383
0.23427820205688477
0.2216658592224121
0.23267507553100586
0.3095107078552246
0.23701119422912598
0.24265098571777344
0.22857046127319336
0.23957395553588867
0.24051380157470703
0.23299193382263184
0.2350022792816162
0.24500203132629395
0.22600364685058594
0.22000718116760254
0.24300122261047363
0.2259962558746338
0.22940993309020996
0.24482512474060059
0.2377634048461914
0.21663141250610352
0.24665236473083496
0.218214750289917
0.23721790313720703
0.23721742630004883
0.2220447063446045
0.24217677116394043
0.22575831413269043
0.2478344440460205
0.23541736602783203
0.25090479850769043
0.23411798477172852
0.24197721481323242
0.2213590145111084
0.23857402801513672
0.22538495063781738
0.22284436225891113
0.23743700981140137
0.23351836204528809
0.23516011238098145
0.2537384033203125
0.25574564933776855
0.22553658485412598
0.23126792907714844
0.25827598571777344
0.23517489433288574
0.2302091121673584
0.23519372940063477
0.23082613945007324
0.23378610610961914
0.2569413185119629
0.23601031303405762
0.2238783836364746
0.22931313514709473
0.22240734100341797
0.2363417148590088
0.2481536865234375
0.24321889877319336
0.24385786056518555
0.23359060287475586
0.24065732955932617
0.25533366203308105
0.22129344940185547
0.22538995742797852
0.23605990409851074
0.2450416088104248
0.23383021354675293
0.23935246467590332
0.22929811477661133
0.23441720008850098
0.22731781005859375
0.24829435348510742
0.22843289375305176
0.2580585479736328
0.25905466079711914
0.2740447521209717
0.22597789764404297
0.2557697296142578
0.24982476234436035
0.2251753807067871
0.23892521858215332
0.24016809463500977
0.22829532623291016
0.24231290817260742
0.25331592559814453
0.23194241523742676
0.2608456611633301
0.22463607788085938
0.22835850715637207
0.24101996421813965
0.24398565292358398
0.24543309211730957
0.24296355247497559
0.25096845626831055
0.24298691749572754
0.2450416088104248
0.26546669006347656
0.2744159698486328
0.28346920013427734
0.24950790405273438
0.23839378356933594
0.22495722770690918
0.2328035831451416
0.23516201972961426
0.2321619987487793
0.23413944244384766
0.2521805763244629
0.23254704475402832
0.2768840789794922
0.2798893451690674
0.24843597412109375
0.2574288845062256
0.22709155082702637
0.24444293975830078
0.23848795890808105
0.24175238609313965
0.23486733436584473
0.23056650161743164
0.23882508277893066
0.25499868392944336
0.25086474418640137
0.25977158546447754
0.25979161262512207
0.24283313751220703
0.2373197078704834
0.23681855201721191
0.22554802894592285
0.23949956893920898
0.24716758728027344
0.23239779472351074
0.2542252540588379
0.2423701286315918
0.24796390533447266
0.237962007522583
0.24201512336730957
0.248992919921875
0.25400710105895996
0.2389967441558838
0.25696873664855957
0.24699926376342773
0.2339627742767334
0.2380046844482422
0.23448657989501953
0.252368688583374
0.26033806800842285
0.2513613700866699
0.23590707778930664
0.24291586875915527
0.24594354629516602
0.23392939567565918
0.245192289352417
0.23048162460327148
0.23859357833862305
0.25324559211730957
0.2327582836151123
0.23201346397399902
0.2573511600494385
0.23136639595031738
0.23178434371948242
0.22777557373046875
0.22181367874145508
0.23222732543945312
0.22913646697998047
0.24799466133117676
0.2374110221862793
0.2389683723449707
0.23645687103271484
0.23982572555541992
0.2427959442138672
0.22978806495666504
0.2712874412536621
0.256289005279541
0.2562980651855469
0.23533129692077637
0.30437517166137695
0.2163410186767578
0.23282670974731445
0.22700786590576172
0.21802210807800293
0.23701119422912598
0.22817778587341309
0.22226667404174805
0.2422497272491455
0.2328338623046875
0.25236058235168457
0.24473094940185547
0.2671842575073242
0.24208736419677734
0.2811248302459717
0.2411491870880127
0.2719910144805908
0.31299662590026855
0.3080117702484131
0.30498719215393066
0.3130371570587158
0.23836278915405273
0.2414557933807373
0.24291276931762695
0.23841047286987305
0.2335970401763916
0.23089075088500977
0.22771143913269043
0.27576327323913574
0.21960878372192383
0.25862932205200195
0.26662707328796387
0.23955345153808594
0.2564117908477783
0.22246980667114258
0.23740077018737793
0.23810982704162598
0.23520994186401367
0.24503207206726074
0.2510254383087158
0.22454047203063965
0.24785232543945312
0.25391459465026855
0.2539958953857422
0.24198651313781738
0.24469494819641113
0.24099159240722656
0.24898934364318848
0.24347686767578125
0.26346564292907715
0.24948406219482422
0.2367844581604004
0.24986600875854492
0.2518959045410156
0.23868823051452637
0.23931550979614258
0.23897004127502441
0.27859067916870117
0.2877652645111084
0.28983092308044434
0.2878439426422119
0.2878742218017578
0.27883362770080566
0.24187874794006348
0.24439263343811035
0.2352607250213623
0.23525428771972656
0.24817466735839844
0.296170711517334
0.3082003593444824
0.29920029640197754
0.30620884895324707
0.22588253021240234
0.22298192977905273
0.23497509956359863
0.23316359519958496
0.24938678741455078
0.27106285095214844
0.2801220417022705
0.2811260223388672
0.2511281967163086
0.22716736793518066
0.23220300674438477
0.22820544242858887
0.23652410507202148
0.24156975746154785
0.24269700050354004
0.2388317584991455
0.23267388343811035
0.24864768981933594
0.24130964279174805
0.25330519676208496
0.23712396621704102
0.24309229850769043
0.2728002071380615
0.23237967491149902
0.2259058952331543
0.23402094841003418
0.22527718544006348
0.24022579193115234
0.22914934158325195
0.24337148666381836
0.24381303787231445
0.2278909683227539
0.21889066696166992
0.25289320945739746
0.24407577514648438
0.23061442375183105
0.24194741249084473
0.24666404724121094
0.24268269538879395
0.23292899131774902
0.24381518363952637
0.22697091102600098
0.22100400924682617
0.24499845504760742
0.24799442291259766
0.2359936237335205
0.2337191104888916
0.2411344051361084
0.22600197792053223
0.23400068283081055
0.2559778690338135
0.24299144744873047
0.25301480293273926
0.23900175094604492
0.22799897193908691
0.2352893352508545
0.25597190856933594
0.25896620750427246
0.23558998107910156
0.24074053764343262
0.22998452186584473
0.24000263214111328
0.24301934242248535
0.24299931526184082
0.23049497604370117
0.22669768333435059
0.24051618576049805
0.2393016815185547
0.24889159202575684
0.24060964584350586
0.22154736518859863
0.22968602180480957
0.26932811737060547
0.23473477363586426
0.23872900009155273
0.23811554908752441
0.23199963569641113
0.24496006965637207
0.24197125434875488
0.24696946144104004
0.2360856533050537
0.23700356483459473
0.24999213218688965
0.25598955154418945
0.2610034942626953
0.22397494316101074
0.23299384117126465
0.23609304428100586
0.23497843742370605
0.26397204399108887
0.2449204921722412
0.24191641807556152
0.23607230186462402
0.2547760009765625
0.2532374858856201
0.2642543315887451
0.2703709602355957
0.28940844535827637
0.2934072017669678
0.24146151542663574
0.23217535018920898
0.23547625541687012
0.2308793067932129
0.2259981632232666
0.23398423194885254
0.2619664669036865
0.24300074577331543
0.24501299858093262
0.23217368125915527
0.25055885314941406
0.25077366828918457
0.24081110954284668
0.2737414836883545
0.26886630058288574
0.2598888874053955
0.7174127101898193
0.2307758331298828
0.2200770378112793
0.22556209564208984
0.23563218116760254
0.2279367446899414
0.22590970993041992
0.22542548179626465
0.2605745792388916
0.261577844619751
0.2605772018432617
0.2485044002532959
0.2519373893737793
0.24085450172424316
0.23490595817565918
0.22854304313659668
0.22612786293029785
0.2243664264678955
0.2393643856048584
0.2813534736633301
0.2311239242553711
0.23527264595031738
0.23137593269348145
0.24014735221862793
0.23316407203674316
0.23385906219482422
0.23589515686035156
0.23424172401428223
0.22852301597595215
0.26599669456481934
0.26700663566589355
0.22900867462158203
0.27496933937072754
0.27700257301330566
0.21833062171936035
0.24613428115844727
0.24811673164367676
0.23505783081054688
0.23320984840393066
0.24743080139160156
0.22528958320617676
0.22770929336547852
0.23939752578735352
0.23040509223937988
0.23034977912902832
0.24252796173095703
0.24050498008728027
0.21850228309631348
0.23074102401733398
0.24624896049499512
0.25301384925842285
0.25101184844970703
0.22893261909484863
0.2238166332244873
0.23119425773620605
0.2232673168182373
0.22607016563415527
0.22306561470031738
0.22685742378234863
0.3254704475402832
0.33063673973083496
0.35846948623657227
0.22746610641479492
0.39046573638916016
0.30646181106567383
0.3276963233947754
0.23772740364074707
0.23065757751464844
0.22040081024169922
0.23679113388061523
0.25379347801208496
0.2677769660949707
0.25179433822631836
0.22855448722839355
0.23293185234069824
0.24302053451538086
0.2404327392578125
0.22494745254516602
0.2362229824066162
0.23473334312438965
0.2517106533050537
0.22417187690734863
0.23421454429626465
0.23525524139404297
0.24849843978881836
0.23961353302001953
0.2314896583557129
0.23343610763549805
0.2389979362487793
0.23601341247558594
0.2388746738433838
0.241851806640625
0.22559499740600586
0.23563241958618164
0.23174571990966797
0.2487034797668457
0.23864102363586426
0.2308661937713623
0.2408313751220703
0.23804759979248047
0.2380504608154297
0.2350764274597168
0.2560722827911377
0.2219991683959961
0.2312636375427246
0.24162578582763672
0.23406457901000977
0.253018856048584
0.208540678024292
0.23715853691101074
0.22527623176574707
0.2431201934814453
0.2501065731048584
0.23543858528137207
0.23368048667907715
0.2416524887084961
0.2545154094696045
0.2553737163543701
0.2412879467010498
0.2610011100769043
0.2589445114135742
0.22310829162597656
0.23522472381591797
0.2312626838684082
0.24125361442565918
0.24803638458251953
0.2570381164550781
0.24123024940490723
0.2373182773590088
0.2633347511291504
0.23627042770385742
0.23578333854675293
0.232802152633667
0.23653411865234375
0.23002409934997559
0.24167799949645996
0.249650239944458
0.218519926071167
0.22552943229675293
0.23172521591186523
0.24472951889038086
0.2717888355255127
0.3198404312133789
0.24967193603515625
0.2326502799987793
0.22056818008422852
0.23413395881652832
0.24626541137695312
0.22462081909179688
0.2495589256286621
0.21612310409545898
0.22811150550842285
0.2451021671295166
0.24164438247680664
0.24227428436279297
0.23829007148742676
0.23076915740966797
0.2228860855102539
0.2353971004486084
0.24098777770996094
0.24608421325683594
0.25908708572387695
0.23406195640563965
0.23711538314819336
0.24026799201965332
0.24221253395080566
0.2182636260986328
0.23929667472839355
0.23426461219787598
0.2536606788635254
0.23065829277038574
0.22590255737304688
0.2266228199005127
0.23676490783691406
0.24053144454956055
0.24241232872009277
0.21394586563110352
0.23616337776184082
0.2152252197265625
0.2367229461669922
0.2445821762084961
0.27937889099121094
0.23431921005249023
0.23371553421020508
0.26809263229370117
0.2691631317138672
0.254152774810791
0.2861630916595459
0.25115251541137695
0.2501254081726074
0.23238492012023926
0.23782682418823242
0.2447669506072998
0.26733875274658203
0.272320032119751
0.2350454330444336
0.22678065299987793
0.2517735958099365
0.23980045318603516
0.22376751899719238
0.24195384979248047
0.22996854782104492
0.2721993923187256
0.28218579292297363
0.24119210243225098
0.24396777153015137
0.2530057430267334
0.24774384498596191
0.238724946975708
0.2270820140838623
0.22303986549377441
0.22907400131225586
0.2213904857635498
0.22376179695129395
0.22787261009216309
0.24282264709472656
0.2546813488006592
0.2615220546722412
0.22426366806030273
0.23406481742858887
0.24688959121704102
0.26090574264526367
0.2689800262451172
0.22260332107543945
0.23564577102661133
0.25864219665527344
0.22861552238464355
0.296156644821167
0.23630142211914062
0.23441529273986816
0.24145030975341797
0.22587370872497559
0.22308683395385742
0.23599028587341309
0.2615542411804199
0.2645564079284668
0.24255847930908203
0.23185944557189941
0.23488998413085938
0.22867631912231445
0.24185514450073242
0.26392602920532227
0.28493404388427734
0.23230838775634766
0.24115204811096191
0.2520127296447754
0.23499822616577148
0.2480003833770752
0.2339777946472168
0.23698878288269043
0.23774981498718262
0.23503470420837402
0.23483705520629883
0.22697949409484863
0.23505640029907227
0.2221660614013672
0.23929882049560547
0.24437379837036133
0.23187041282653809
0.22298264503479004
0.2385249137878418
0.23270249366760254
0.24228310585021973
0.23234033584594727
0.26626086235046387
0.24224615097045898
0.22845244407653809
0.2304236888885498
0.2322859764099121
0.2252507209777832
0.23348498344421387
0.24716424942016602
0.2673065662384033
0.23186206817626953
0.2397313117980957
0.24116206169128418
0.2249774932861328
0.23799371719360352
0.23271870613098145
0.24968934059143066
0.2469346523284912
0.22751712799072266
0.24750065803527832
0.22905611991882324
0.23526763916015625
0.23432588577270508
0.23981404304504395
0.21462440490722656
0.24450039863586426
0.24647283554077148
0.23494744300842285
0.23925185203552246
0.23823952674865723
0.23504137992858887
0.235917329788208
0.25723743438720703
0.2211744785308838
0.3443334102630615
0.22051787376403809
0.22748827934265137
0.22870206832885742
0.2295851707458496
0.22812151908874512
0.2366189956665039
0.23655056953430176
0.24255752563476562
0.24143052101135254
0.22724175453186035
0.2450733184814453
0.2832472324371338
0.2432112693786621
0.25324487686157227
0.23343467712402344
0.23947501182556152
0.23702096939086914
0.22219157218933105
0.23429512977600098
0.24933862686157227
0.24934744834899902
0.2553071975708008
0.22658061981201172
0.23655414581298828
0.2788729667663574
0.24607563018798828
0.22051286697387695
0.23388266563415527
0.25075817108154297
0.25574231147766113
0.23533177375793457
0.2391059398651123
0.243180513381958
0.22684860229492188
0.24194049835205078
0.23591852188110352
0.23320722579956055
0.229888916015625
0.23051810264587402
0.23964500427246094
0.2557346820831299
0.24477291107177734
0.26676511764526367
0.22878193855285645
0.22678399085998535
0.225966215133667
0.24193882942199707
0.23302698135375977
0.24442839622497559
0.2235245704650879
0.2584526538848877
0.2459864616394043
0.28763651847839355
0.2389512062072754
0.3116753101348877
0.23136186599731445
0.23844408988952637
0.2355186939239502
0.23043322563171387
0.22023963928222656
0.2379755973815918
0.24042177200317383
0.23947548866271973
0.23847031593322754
0.2394413948059082
0.23712849617004395
0.21929264068603516
0.2522571086883545
0.2219560146331787
0.23286795616149902
0.24562907218933105
0.2366018295288086
0.2120041847229004
0.2419295310974121
0.23601174354553223
0.24518609046936035
0.3152003288269043
0.23032689094543457
0.2472832202911377
0.22928357124328613
0.23522186279296875
0.22011518478393555
0.23614859580993652
0.22989845275878906
0.23000454902648926
0.23597335815429688
0.22464990615844727
0.22980260848999023
0.2486584186553955
0.21676421165466309
0.2449932098388672
0.21999478340148926
0.2320103645324707
0.23421812057495117
0.38704538345336914
0.41188526153564453
0.2730419635772705
0.3090989589691162
0.2861759662628174
0.39769697189331055
0.3736460208892822
0.36765456199645996
0.23261404037475586
0.22703957557678223
0.22844481468200684
0.24932098388671875
0.23751378059387207
0.22273468971252441
0.25727295875549316
0.26328110694885254
0.27834010124206543
0.23464703559875488
0.24381017684936523
0.23844647407531738
0.22800111770629883
0.246917724609375
0.2419750690460205
0.24538516998291016
0.2433938980102539
0.24051117897033691
0.21643996238708496
0.24053382873535156
0.2481389045715332
0.2460482120513916
0.2680394649505615
0.24315595626831055
0.24854779243469238
0.22305727005004883
0.22489547729492188
0.23537898063659668
0.22864699363708496
0.2309741973876953
0.23900771141052246
0.23201870918273926
0.23796463012695312
0.24120330810546875
0.2432727813720703
0.220566987991333
0.232574462890625
0.22107219696044922
0.2529604434967041
0.24494624137878418
0.2480335235595703
0.24068665504455566
0.24075841903686523
0.2556896209716797
0.24902868270874023
0.22902631759643555
0.23378753662109375
0.22792410850524902
0.24811530113220215
0.2601161003112793
0.23603487014770508
0.2381434440612793
0.23124170303344727
0.2474808692932129
0.2345583438873291
0.222564697265625
0.22562718391418457
0.25124168395996094
0.25621676445007324
0.23620891571044922
0.24263620376586914
0.2485804557800293
0.26960086822509766
0.23111605644226074
0.24875879287719727
0.22581005096435547
0.2378215789794922
0.23656606674194336
0.2436208724975586
0.24249696731567383
0.22333073616027832
0.2270340919494629
0.2398207187652588
0.23634624481201172
0.23166704177856445
0.23938703536987305
0.2713439464569092
0.24090361595153809
0.261366605758667
0.24090218544006348
0.21902060508728027
0.2377774715423584
0.23607182502746582
0.22933697700500488
0.2521219253540039
0.22113275527954102
0.23706817626953125
0.2350447177886963
0.2233295440673828
0.23158836364746094
0.2650339603424072
0.2520172595977783
0.23165321350097656
0.2789731025695801
0.2239537239074707
0.2406463623046875
0.24672508239746094
0.2366044521331787
0.24184608459472656
0.2599148750305176
0.23496174812316895
0.25001096725463867
0.2519369125366211
0.22100615501403809
0.2415459156036377
0.23937225341796875
0.2473742961883545
0.2514345645904541
0.25443363189697266
0.2540621757507324
0.2560558319091797
0.27019476890563965
0.2370471954345703
0.22803306579589844
0.2570810317993164
0.26108288764953613
0.23888492584228516
0.23996901512145996
0.22655868530273438
0.2377326488494873
0.2627742290496826
0.26970529556274414
0.23568487167358398
0.2223987579345703
0.23906373977661133
0.22606325149536133
0.23673224449157715
0.22496724128723145
0.2291111946105957
0.23018503189086914
0.2321631908416748
0.22320008277893066
0.24660348892211914
0.24755001068115234
0.21521830558776855
0.23301911354064941
0.22962665557861328
0.25460124015808105
0.2586243152618408
0.22867035865783691
0.2402493953704834
0.24417805671691895
0.23292756080627441
0.2308337688446045
0.24131512641906738
0.23102355003356934
0.24099349975585938
0.2289900779724121
0.22996115684509277
0.23798680305480957
0.22325968742370605
0.2493741512298584
0.23635149002075195
0.23227524757385254
0.22472071647644043
0.23657584190368652
0.23204445838928223
0.23412013053894043
0.2291736602783203
0.2211763858795166
0.2261815071105957
0.236555814743042
0.24376845359802246
0.22776031494140625
0.2459864616394043
0.2480149269104004
0.24909234046936035
0.2276160717010498
0.24297404289245605
0.24502921104431152
0.2409648895263672
0.27101922035217285
0.2540755271911621
0.26297521591186523
0.27198314666748047
0.25398898124694824
0.2539975643157959
0.27095699310302734
0.22259879112243652
0.239976167678833
0.25489234924316406
0.2589588165283203
0.23949146270751953
0.24048233032226562
0.23575472831726074
0.2473750114440918
0.24836349487304688
0.23339581489562988
0.24283528327941895
0.2328341007232666
0.2280104160308838
0.23893094062805176
0.22363781929016113
0.23473238945007324
0.2364180088043213
0.24038910865783691
0.21071195602416992
0.22189545631408691
0.22771883010864258
0.24779582023620605
0.23885393142700195
0.24687576293945312
0.23892688751220703
0.24515414237976074
0.24818682670593262
0.24329781532287598
0.23926901817321777
0.24280261993408203
0.2547736167907715
0.2427809238433838
0.22070837020874023
0.25020670890808105
0.26218438148498535
0.25516748428344727
0.27516937255859375
0.2191603183746338
0.23304176330566406
0.22771644592285156
0.2342827320098877
0.3466172218322754
0.3163454532623291
0.34881043434143066
0.3338308334350586
0.2704024314880371
0.2290048599243164
0.21647429466247559
0.24120640754699707
0.23912549018859863
0.2415299415588379
0.22137737274169922
0.25502705574035645
0.2560391426086426
0.26202869415283203
0.22701811790466309
0.2270183563232422
0.23721957206726074
0.24231791496276855
0.23890161514282227
0.2449169158935547
0.24239301681518555
0.23752927780151367
0.23951959609985352
0.28900885581970215
0.2968027591705322
0.31246137619018555
0.2780284881591797
0.276958703994751
0.27300596237182617
0.2609992027282715
0.23534822463989258
0.23856234550476074
0.23423504829406738
0.2244584560394287
0.22740554809570312
0.22494006156921387
0.2491765022277832
0.21975350379943848
0.23775029182434082
0.24176979064941406
0.23873329162597656
0.23466086387634277
0.24387383460998535
0.23886704444885254
0.24113893508911133
0.23416543006896973
0.2325446605682373
0.22086048126220703
0.2323164939880371
0.2565755844116211
0.24857020378112793
0.2475724220275879
0.2337496280670166
0.23417878150939941
0.24306917190551758
0.24405264854431152
0.23017382621765137
0.23420071601867676
0.24345803260803223
0.22754859924316406
0.2344515323638916
0.21371769905090332
0.22962141036987305
0.23658490180969238
0.24271488189697266
0.24175238609313965
0.23984885215759277
0.23930931091308594
0.24107956886291504
0.22177338600158691
0.22500205039978027
0.23799943923950195
0.2659950256347656
0.26400184631347656
0.28101086616516113
0.256990909576416
0.23097801208496094
0.22525286674499512
0.21634936332702637
0.24739718437194824
0.23305153846740723
0.24771595001220703
0.2667124271392822
0.23471856117248535
0.22988390922546387
0.25409913063049316
0.223097562789917
0.23102402687072754
0.21851181983947754
0.219041109085083
0.2384932041168213
0.23503732681274414
0.22287392616271973
0.22330427169799805
0.2498018741607666
0.24979233741760254
0.22457480430603027
0.24557971954345703
0.2435166835784912
0.2558915615081787
0.23795676231384277
0.21712470054626465
0.23232722282409668
0.22038578987121582
0.22368955612182617
0.23548460006713867
0.23558902740478516
0.23403286933898926
0.23679208755493164
0.22776579856872559
0.26305103302001953
0.24604511260986328
0.23795723915100098
0.22296738624572754
0.2259979248046875
0.2380053997039795
0.28736186027526855
0.2823765277862549
0.2923750877380371
0.2803659439086914
0.2609827518463135
0.2649548053741455
0.2678976058959961
0.23823070526123047
0.23830103874206543
0.23334383964538574
0.2403392791748047
0.2359461784362793
0.23524045944213867
0.24415922164916992
0.23622560501098633
0.22713851928710938
0.2370607852935791
0.29084348678588867
0.35263514518737793
0.33248043060302734
0.26848340034484863
0.2507026195526123
0.26171112060546875
0.23917746543884277
0.2531578540802002
0.25516653060913086
0.26517438888549805
0.2512392997741699
0.23404383659362793
0.24005341529846191
0.2500729560852051
0.24723052978515625
0.2522621154785156
0.23921513557434082
0.2132110595703125
0.2523331642150879
0.2332150936126709
0.2239220142364502
0.2452073097229004
0.23092293739318848
0.24289989471435547
0.23561310768127441
0.23850488662719727
0.2559776306152344
0.2269895076751709
0.25899505615234375
0.23500347137451172
0.23134422302246094
0.23606443405151367
0.2420179843902588
0.23013687133789062
0.22620701789855957
0.22320127487182617
0.22604060173034668
0.23507428169250488
0.22900867462158203
0.23602938652038574
0.2418973445892334
0.23286843299865723
0.26564598083496094
0.2626471519470215
0.2656886577606201
0.22652339935302734
0.2287302017211914
0.2487635612487793
0.2163231372833252
0.22835016250610352
0.2288501262664795
0.225996732711792
0.22790312767028809
0.2310037612915039
0.2189950942993164
0.23991990089416504
0.24947738647460938
0.23357868194580078
0.24457597732543945
0.2280116081237793
0.23655200004577637
0.2407240867614746
0.24070000648498535
0.23463940620422363
0.2232823371887207
0.2351822853088379
0.25177431106567383
0.2587442398071289
0.24774169921875
0.22444581985473633
0.22604751586914062
0.22650790214538574
0.23247957229614258
0.2401726245880127
0.24439191818237305
0.23792290687561035
0.24480581283569336
0.25382566452026367
0.23882675170898438
0.22908520698547363
0.2381129264831543
0.22520923614501953
0.22369742393493652
0.21915006637573242
0.2476489543914795
0.23867511749267578
0.23985028266906738
0.23483514785766602
0.2228069305419922
0.23114466667175293
0.24617218971252441
0.25617432594299316
0.2441864013671875
0.22550559043884277
0.24000930786132812
0.23499250411987305
0.22399234771728516
0.22697734832763672
0.25873756408691406
0.26473450660705566
0.2437901496887207
0.23546624183654785
0.22971653938293457
0.2249770164489746
0.23518753051757812
0.22720122337341309
0.2321791648864746
0.2699728012084961
0.2253739833831787
0.2427845001220703
0.2387678623199463
0.2397139072418213
0.22284555435180664
0.22700095176696777
0.22876358032226562
0.24490141868591309
0.22195649147033691
0.2228538990020752
0.24039793014526367
0.22944998741149902
0.22594404220581055
0.2299971580505371
0.23885464668273926
0.2419295310974121
0.2439718246459961
0.24300718307495117
0.23560452461242676
0.2441387176513672
0.22879600524902344
0.2978067398071289
0.23781490325927734
0.24606609344482422
0.2520449161529541
0.2301921844482422
0.23115324974060059
0.240433931350708
0.2304220199584961
0.29630446434020996
0.23791074752807617
0.22185921669006348
0.230698823928833
0.22532892227172852
0.23855137825012207
0.23071599006652832
0.22798943519592285
0.231858491897583
0.22562885284423828
0.2308652400970459
0.2388143539428711
0.22912001609802246
0.23508071899414062
0.22192144393920898
0.23102426528930664
0.25808000564575195
0.24042248725891113
0.234649658203125
0.22963976860046387
0.2403261661529541
0.22519516944885254
0.24111175537109375
0.2427222728729248
0.23501253128051758
0.21804022789001465
0.22813653945922852
0.2328200340270996
0.22976946830749512
0.23325777053833008
0.22926664352416992
0.23558282852172852
0.25392651557922363
0.23102402687072754
0.24587202072143555
0.22776269912719727
0.22802972793579102
0.24625182151794434
0.23766803741455078
0.23267006874084473
0.2235114574432373
0.2415156364440918
0.22706103324890137
0.22399449348449707
0.2344069480895996
0.2382521629333496
0.22299551963806152
0.22499728202819824
0.23293066024780273
0.24106311798095703
0.24610280990600586
0.2544515132904053
0.22996950149536133
0.27320003509521484
0.2670152187347412
0.2670152187347412
0.26100802421569824
0.2501332759857178
0.2672388553619385
0.24030160903930664
0.22974419593811035
0.24372220039367676
0.2378685474395752
0.2429492473602295
0.2315073013305664
0.2366781234741211
0.23296856880187988
0.2361586093902588
0.2511157989501953
0.22944331169128418
0.24312353134155273
0.24201273918151855
0.22988128662109375
0.23247051239013672
0.23375439643859863
0.21100687980651855
0.23517584800720215
0.22956085205078125
0.24436259269714355
0.23556852340698242
0.2376251220703125
0.23264217376708984
0.2356431484222412
0.2569742202758789
0.24395179748535156
0.2459549903869629
0.23920106887817383
0.22434186935424805
0.22160863876342773
0.23574542999267578
0.23165655136108398
0.20578646659851074
0.23883700370788574
0.24388504028320312
0.22931933403015137
0.2443251609802246
0.23564505577087402
0.21128344535827637
0.23661208152770996
0.2252516746520996
0.23129725456237793
0.2256617546081543
0.24153828620910645
0.23313570022583008
0.2640841007232666
0.2481522560119629
0.24327826499938965
0.22097373008728027
0.2402515411376953
0.2340695858001709
0.25199151039123535
0.23391962051391602
0.22998809814453125
0.24497151374816895
0.24100160598754883
0.2440013885498047
0.23999762535095215
0.23200035095214844
0.2366960048675537
0.24472427368164062
0.24836277961730957
0.23636889457702637
0.2439556121826172
0.2549631595611572
0.24000000953674316
0.25357604026794434
0.26160717010498047
0.22757840156555176
0.2475275993347168
0.24357104301452637
0.23469328880310059
0.23253464698791504
0.23417401313781738
0.24033498764038086
0.24744486808776855
0.2364814281463623
0.2256932258605957
0.22834467887878418
0.24975228309631348
0.2222585678100586
0.24324750900268555
0.22501349449157715
0.23999500274658203
0.23496508598327637
0.24597883224487305
0.2530093193054199
0.22605037689208984
0.23201656341552734
0.23552441596984863
0.21727252006530762
0.23438334465026855
0.2248086929321289
0.24088597297668457
0.24590039253234863
0.25182247161865234
0.22879481315612793
0.23438096046447754
0.23388266563415527
0.23551225662231445
0.24463796615600586
0.25464534759521484
0.23038196563720703
0.24418425559997559
0.24617838859558105
0.23107385635375977
0.24799489974975586
0.22390103340148926
0.23288273811340332
0.23583531379699707
0.2559993267059326
0.3361959457397461
0.2521233558654785
0.2281191349029541
0.2362070083618164
0.2360985279083252
0.22810053825378418
0.23398041725158691
0.2370128631591797
0.2512185573577881
0.23091864585876465
0.2418501377105713
0.24397993087768555
0.23200368881225586
0.24512600898742676
0.2644932270050049
0.27747225761413574
0.2584366798400879
0.23647665977478027
0.2278764247894287
0.23490262031555176
0.24236059188842773
0.23028564453125
0.22826623916625977
0.2593050003051758
0.26723527908325195
0.24201679229736328
0.2249927520751953
0.23694348335266113
0.2499525547027588
0.2239975929260254
0.226182222366333
0.22229266166687012
0.23929381370544434
0.23758363723754883
0.2655825614929199
0.28362107276916504
0.29460597038269043
0.2388286590576172
0.2283780574798584
0.23158955574035645
0.2340409755706787
0.24909138679504395
0.25621604919433594
0.24724125862121582
0.2253274917602539
0.23136019706726074
0.24634909629821777
0.23186612129211426
0.22454166412353516
0.23774337768554688
0.2425544261932373
0.24773287773132324
0.24100661277770996
0.22481441497802734
0.22273612022399902
0.23460698127746582
0.23369646072387695
0.25270676612854004
0.24174261093139648
0.2314295768737793
0.2339458465576172
0.23856425285339355
0.2411806583404541
0.25313234329223633
0.22236204147338867
0.21832799911499023
0.23630928993225098
0.23891448974609375
0.24121451377868652
0.2471005916595459
0.22898030281066895
0.23385977745056152
0.23138022422790527
0.2565319538116455
0.2416987419128418
0.24547290802001953
0.24742460250854492
0.23651647567749023
0.2511730194091797
0.2624235153198242
0.3304131031036377
0.267411470413208
0.25235795974731445
0.23199701309204102
0.21572494506835938
0.22907638549804688
0.24810099601745605
0.25209641456604004
0.23911714553833008
0.2411057949066162
0.22449183464050293
0.23754382133483887
0.22404146194458008
0.45415472984313965
0.2618224620819092
0.2558557987213135
0.2547149658203125
0.26264524459838867
0.2656588554382324
0.2360069751739502
0.22485017776489258
0.22595953941345215
0.23600101470947266
0.25600099563598633
0.22902584075927734
0.23400425910949707
0.23801088333129883
0.2270040512084961
0.21699857711791992
0.2357311248779297
0.24415254592895508
0.24619460105895996
0.2288038730621338
0.24282431602478027
0.23454046249389648
0.23352980613708496
0.22907304763793945
0.2160663604736328
0.23238062858581543
0.2365264892578125
0.23088645935058594
0.23796820640563965
0.24180889129638672
0.2573356628417969
0.26032233238220215
0.4649827480316162
0.4620180130004883
0.5068223476409912
0.4069817066192627
0.3469834327697754
0.24205708503723145
0.2400531768798828
0.23726820945739746
0.23720312118530273
0.2530972957611084
0.25064754486083984
0.2405834197998047
0.253375768661499
0.2295396327972412
0.25179147720336914
0.2510662078857422
0.24419116973876953
0.25390052795410156
0.23287630081176758
0.24487972259521484
0.2160956859588623
0.24445247650146484
0.250842809677124
0.2549312114715576
0.24383139610290527
0.24195027351379395
0.22600269317626953
0.32566404342651367
0.23234200477600098
0.2234201431274414
0.23699688911437988
0.24297189712524414
0.24094772338867188
0.22193241119384766
0.23401761054992676
0.2496652603149414
0.26867198944091797
0.25465846061706543
0.26267337799072266
0.2343769073486328
0.24740290641784668
0.22974109649658203
0.23648858070373535
0.22503924369812012
0.22789216041564941
0.24799084663391113
0.24937057495117188
0.2873084545135498
0.2763657569885254
0.2763528823852539
0.2386302947998047
0.22763633728027344
0.25648927688598633
0.25346994400024414
0.24068379402160645
0.23504853248596191
0.23087334632873535
0.23362207412719727
0.2318115234375
0.21838068962097168
0.2504551410675049
0.2174241542816162
0.23510503768920898
0.23607373237609863
0.2424485683441162
0.242567777633667
0.23711705207824707
0.22806811332702637
0.24602723121643066
0.23493361473083496
0.23796820640563965
0.2190873622894287
0.2249464988708496
0.24096465110778809
0.24283623695373535
0.23657441139221191
0.23723673820495605
0.24829316139221191
0.23227643966674805
0.2314128875732422
0.23113417625427246
0.2191464900970459
0.2461566925048828
0.24413371086120605
0.24509334564208984
0.22464466094970703
0.23349595069885254
0.23506951332092285
0.24202418327331543
0.26822805404663086
0.2752232551574707
0.2862231731414795
0.23985981941223145
0.2358541488647461
0.22057008743286133
0.2536442279815674
0.2426455020904541
0.23524093627929688
0.23575043678283691
0.27089452743530273
0.20527386665344238
0.2201216220855713
0.2336881160736084
0.24554085731506348
0.22653985023498535
0.23627591133117676
0.23838448524475098
0.23523473739624023
0.23511123657226562
0.24205994606018066
0.2341172695159912
0.2539536952972412
0.25098395347595215
0.24097228050231934
0.24201250076293945
0.24201345443725586
0.2189955711364746
0.2505307197570801
0.2559037208557129
0.2480332851409912
0.24402451515197754
0.22461152076721191
0.2486574649810791
0.23811745643615723
0.23550033569335938
0.2374720573425293
0.23961782455444336
0.25929689407348633
0.27030229568481445
0.25130128860473633
0.23003077507019043
0.23799514770507812
0.2269916534423828
0.23804163932800293
0.23099279403686523
0.23610782623291016
0.22263884544372559
0.24863696098327637
0.25762486457824707
0.2298908233642578
0.24100899696350098
0.24411296844482422
0.2229783535003662
0.24594688415527344
0.23417282104492188
0.22399139404296875
0.25425052642822266
0.22342801094055176
0.23121976852416992
0.24228858947753906
0.24513959884643555
0.2261357307434082
0.24399805068969727
0.2330174446105957
0.24322295188903809
0.24217462539672852
0.23323702812194824
0.23804259300231934
0.24098992347717285
0.2610025405883789
0.23500537872314453
0.2370011806488037
0.23799824714660645
0.23194241523742676
0.2449948787689209
0.25303053855895996
0.2659764289855957
0.2389984130859375
0.31394243240356445
0.2333214282989502
0.23930573463439941
0.2338426113128662
0.22501873970031738
0.23264479637145996
0.23418974876403809
0.2254331111907959
0.22751069068908691
0.2352428436279297
0.24518537521362305
0.22812366485595703
0.23789095878601074
0.23614764213562012
0.2390282154083252
0.23648643493652344
0.24852705001831055
0.25654077529907227
0.2570457458496094
0.2479095458984375
0.2469339370727539
0.2342545986175537
0.2244400978088379
0.24338674545288086
0.24838781356811523
0.23527097702026367
0.22323369979858398
0.23623394966125488
0.22526049613952637
0.22727751731872559
0.23712420463562012
0.22711801528930664
0.23063921928405762
0.23895049095153809
0.23515534400939941
0.24108314514160156
0.23405790328979492
0.23428106307983398
0.2533257007598877
0.2424759864807129
0.24457311630249023
0.26058173179626465
0.22805452346801758
0.23522591590881348
0.24022984504699707
0.25580406188964844
0.2718470096588135
0.2738678455352783
0.2398214340209961
0.2332322597503662
0.22930312156677246
0.23636794090270996
0.23837518692016602
0.2362079620361328
0.2628905773162842
0.26690149307250977
0.261063814163208
0.23905730247497559
0.23158836364746094
0.2375195026397705
0.23560214042663574
0.25559163093566895
0.2555711269378662
0.3231513500213623
0.31032228469848633
0.29795122146606445
0.27699971199035645
0.2889883518218994
0.3409714698791504
0.25409412384033203
0.23577404022216797
0.2579989433288574
0.2370929718017578
0.24307513236999512
0.23792362213134766
0.33307623863220215
0.23399639129638672
0.22498106956481934
0.21512985229492188
0.23268342018127441
0.2357625961303711
0.2503385543823242
0.24640727043151855
0.24737262725830078
0.24640727043151855
0.24466276168823242
0.26068711280822754
0.24367284774780273
0.24891972541809082
0.2550041675567627
0.2340102195739746
0.2549760341644287
0.22993135452270508
0.2199103832244873
0.2745199203491211
0.27854204177856445
0.23696160316467285
0.23626947402954102
0.23126649856567383
0.24138402938842773
0.25037169456481934
0.23121333122253418
0.23585128784179688
0.2500152587890625
0.22445440292358398
0.2253737449645996
0.22595715522766113
0.23711776733398438
0.21891427040100098
0.23717665672302246
0.22316622734069824
0.22817206382751465
0.23770785331726074
0.2324075698852539
0.23333454132080078
0.23658251762390137
0.22505450248718262
0.24901366233825684
0.24103116989135742
0.22804474830627441
0.23798036575317383
0.23199939727783203
0.23699402809143066
0.22326326370239258
0.2385714054107666
0.21315741539001465
0.22934746742248535
0.2341463565826416
0.2516319751739502
0.2476193904876709
0.2426156997680664
0.2656378746032715
0.23040151596069336
0.22976064682006836
0.21874189376831055
0.22966694831848145
0.24080491065979004
0.2369384765625
0.25588083267211914
0.23352837562561035
0.24206900596618652
0.23846983909606934
0.22946977615356445
0.2364645004272461
0.23798346519470215
0.2189953327178955
0.22500324249267578
0.24395489692687988
0.2440178394317627
0.2363595962524414
0.23814988136291504
0.22487187385559082
0.22604131698608398
0.2413029670715332
0.23835086822509766
0.23598098754882812
0.2660226821899414
0.215895414352417
0.2611122131347656
0.24309945106506348
0.25810742378234863
0.22900104522705078
0.2623295783996582
0.2322673797607422
0.28029870986938477
0.2552666664123535
0.24328207969665527
0.23600149154663086
0.2600090503692627
0.24598431587219238
0.25299620628356934
0.2310624122619629
0.23012495040893555
0.2602262496948242
0.27820467948913574
0.23785972595214844
0.23303651809692383
0.23537254333496094
0.22827696800231934
0.2442924976348877
0.21945428848266602
0.24355459213256836
0.25753045082092285
0.2366952896118164
0.25325632095336914
0.262500524520874
0.2684197425842285
0.22935247421264648
0.27529263496398926
0.2383866310119629
0.2311701774597168
0.23231267929077148
0.2434830665588379
0.22803640365600586
0.24718642234802246
0.24518179893493652
0.23218989372253418
0.24355149269104004
0.24251270294189453
0.23540544509887695
0.22940778732299805
0.2284834384918213
0.24027562141418457
0.23021745681762695
0.25224757194519043
0.2653963565826416
0.24138689041137695
0.23415160179138184
0.24999117851257324
0.24898481369018555
0.2419729232788086
0.24615740776062012
0.2359020709991455
0.23595714569091797
0.23603558540344238
0.23401427268981934
0.25699901580810547
0.23853182792663574
0.24700260162353516
0.2530202865600586
0.23200345039367676
0.21954679489135742
0.23686695098876953
0.24484920501708984
0.23135757446289062
0.2368941307067871
0.22281241416931152
0.2371816635131836
0.28346705436706543
0.23714184761047363
0.25615954399108887
0.23151850700378418
0.24206852912902832
0.24805140495300293
0.22298216819763184
0.225006103515625
0.24130821228027344
0.2503020763397217
0.23240041732788086
0.22783374786376953
0.24932122230529785
0.2247323989868164
0.2290363311767578
0.23239755630493164
0.24315214157104492
0.23326802253723145
0.2465512752532959
0.23104572296142578
0.23576140403747559
0.38620758056640625
0.22936701774597168
0.236419677734375
0.216355562210083
0.2275855541229248
0.23720526695251465
0.2591369152069092
0.2612121105194092
0.23413896560668945
0.2526204586029053
0.23775386810302734
0.2378368377685547
0.24107646942138672
0.2440357208251953
0.24021053314208984
0.23465681076049805
0.23845434188842773
0.22981619834899902
0.2417447566986084
0.22832655906677246
0.23259925842285156
0.21250677108764648
0.23127484321594238
0.23358464241027832
0.2204885482788086
0.23707294464111328
0.2599925994873047
0.24800491333007812
0.24094891548156738
0.23297691345214844
0.2559983730316162
0.25899386405944824
0.24700236320495605
0.23697233200073242
0.23299360275268555
0.23459386825561523
0.23163342475891113
0.22954130172729492
0.24230527877807617
0.23227238655090332
0.2302417755126953
0.24126124382019043
0.23517155647277832
0.22196125984191895
0.22403168678283691
0.22120165824890137
0.2337331771850586
0.22882699966430664
0.2296156883239746
0.24343323707580566
0.219832181930542
0.24761176109313965
0.2626461982727051
0.24161958694458008
0.22460222244262695
0.23459410667419434
0.23468804359436035
0.23392510414123535
0.23099374771118164
0.238969087600708
0.23101401329040527
0.22401165962219238
0.24006032943725586
0.2371826171875
0.2374284267425537
0.2818624973297119
0.2858574390411377
0.2859005928039551
0.2326958179473877
0.28967976570129395
0.23624920845031738
0.2154402732849121
0.25044822692871094
0.24342060089111328
0.2482137680053711
0.23886680603027344
0.24072647094726562
0.24020075798034668
0.24019360542297363
0.24650788307189941
0.2327709197998047
0.23032116889953613
0.23331737518310547
0.22588443756103516
0.2322690486907959
0.22343921661376953
0.23439431190490723
0.22929692268371582
0.2355821132659912
0.2234196662902832
0.24233770370483398
0.2484574317932129
0.23555541038513184
0.24184370040893555
0.23597431182861328
0.22484636306762695
0.23891592025756836
0.21785378456115723
0.2400062084197998
0.27199673652648926
0.26496458053588867
0.2619822025299072
0.2383432388305664
0.2369978427886963
0.24695706367492676
0.26296067237854004
0.24902653694152832
0.22601938247680664
0.22801566123962402
0.24700379371643066
0.2329697608947754
0.2300281524658203
0.29397106170654297
0.2521367073059082
0.2691667079925537
0.26814985275268555
0.23198533058166504
0.23395967483520508
0.23500490188598633
0.2358243465423584
0.23580169677734375
0.23189663887023926
0.22319245338439941
0.2512385845184326
0.273296594619751
0.3203864097595215
0.321382999420166
0.30936408042907715
0.25429534912109375
0.2823374271392822
0.2595024108886719
0.24251389503479004
0.24751639366149902
0.24308085441589355
0.2339165210723877
0.23052763938903809
0.22106647491455078
0.2493751049041748
0.25203442573547363
0.22201132774353027
0.23900580406188965
0.29603147506713867
0.2430267333984375
0.21999216079711914
0.24634599685668945
0.2424769401550293
0.25676584243774414
0.27976393699645996
0.2777669429779053
0.2647519111633301
0.30278515815734863
0.26837944984436035
0.25425267219543457
0.269270658493042
0.23272252082824707
0.22301745414733887
0.24462604522705078
0.2346973419189453
0.25599050521850586
0.30210328102111816
0.23160719871520996
0.24857878684997559
0.23166942596435547
0.24218273162841797
0.24913763999938965
0.24995946884155273
0.23100733757019043
0.23102974891662598
0.24569416046142578
0.24773216247558594
0.23378920555114746
0.2507796287536621
0.291766881942749
0.27679920196533203
0.26178407669067383
0.2598085403442383
0.2495284080505371
0.22886252403259277
0.2205045223236084
0.2335515022277832
0.22511887550354004
0.22391724586486816
0.25403380393981934
0.24499893188476562
0.24796819686889648
0.22200226783752441
0.24100041389465332
0.23200416564941406
0.23799967765808105
0.23114323616027832
0.23997998237609863
0.22147774696350098
0.23943042755126953
0.22640752792358398
0.23618602752685547
0.2386474609375
0.22515320777893066
0.21912789344787598
0.24010181427001953
0.23799753189086914
0.2600059509277344
0.2382488250732422
0.23766756057739258
0.2598271369934082
0.26677775382995605
0.2577517032623291
0.2640554904937744
0.28711414337158203
0.2328658103942871
0.24093151092529297
0.2543368339538574
0.2573392391204834
0.2392711639404297
0.2650442123413086
0.27005934715270996
0.2890510559082031
0.23604774475097656
0.2222728729248047
0.24471282958984375
0.24640941619873047
0.24242424964904785
0.22942781448364258
0.24654412269592285
0.24087166786193848
0.252885103225708
0.23398637771606445
0.24000096321105957
0.24297690391540527
0.24201035499572754
0.24703335762023926
0.25896739959716797
0.24587011337280273
0.23186254501342773
0.22933506965637207
0.24019765853881836
0.22826457023620605
0.22020721435546875
0.23405861854553223
0.23583102226257324
0.2478320598602295
0.23279309272766113
0.24585938453674316
0.23786568641662598
0.22963857650756836
0.2379918098449707
0.25548529624938965
0.2565462589263916
0.24653077125549316
0.2505533695220947
0.24151086807250977
0.22798538208007812
0.2284393310546875
0.22965764999389648
0.23060870170593262
0.22965025901794434
0.2341136932373047
0.23696088790893555
0.24046921730041504
0.2362515926361084
0.2242422103881836
0.2348647117614746
0.22887468338012695
0.23278236389160156
0.23292827606201172
0.21488261222839355
0.2406144142150879
0.23263955116271973
0.2419736385345459
0.2520136833190918
0.22099065780639648
0.2572000026702881
0.2651500701904297
0.27015066146850586
0.2160956859588623
0.23479366302490234
0.23168468475341797
0.26282835006713867
0.25588250160217285
0.31801748275756836
0.3010435104370117
0.30304408073425293
0.3540523052215576
0.27806687355041504
0.34814906120300293
0.22718167304992676
0.22432374954223633
0.265472412109375
0.2514340877532959
0.27649855613708496
0.24750328063964844
0.22802186012268066
0.24201726913452148
0.22591471672058105
0.2367875576019287
0.22630620002746582
0.2412405014038086
0.2373054027557373
0.2529332637786865
0.23648476600646973
0.21646714210510254
0.23219871520996094
0.23970603942871094
0.2347731590270996
0.2547602653503418
0.2567317485809326
0.2337796688079834
0.23682212829589844
0.24178552627563477
0.24712061882019043
0.24140286445617676
0.23918557167053223
0.2890133857727051
0.297992467880249
0.27306103706359863
0.31000733375549316
0.25698232650756836
0.22921514511108398
0.23520445823669434
0.26253771781921387
0.26555514335632324
0.22451448440551758
0.27156519889831543
0.26055431365966797
0.2755622863769531
0.2432694435119629
0.22301125526428223
0.21996808052062988
0.23105120658874512
0.2349410057067871
0.22404265403747559
0.23961520195007324
0.23161625862121582
0.5970041751861572
0.2545623779296875
0.2405986785888672
0.24759268760681152
0.24551033973693848
0.24886488914489746
0.24898481369018555
0.22295117378234863
0.26799631118774414
0.2699756622314453
0.24599218368530273
0.23198843002319336
0.24797630310058594
0.23801302909851074
0.23706340789794922
0.21799588203430176
0.21896147727966309
0.2564582824707031
0.25846004486083984
0.2554593086242676
0.22841095924377441
0.22935700416564941
0.23553133010864258
0.22696423530578613
0.24606633186340332
0.2190394401550293
0.2179725170135498
0.23700809478759766
0.2435610294342041
0.25054168701171875
0.2235119342803955
0.24018287658691406
0.25403451919555664
0.23022055625915527
0.2331843376159668
0.2389531135559082
0.22593164443969727
0.2280888557434082
0.21053600311279297
0.23655223846435547
0.22597360610961914
0.32305240631103516
0.31229567527770996
0.41733622550964355
0.3983194828033447
0.4373044967651367
0.39435243606567383
0.3252532482147217
0.26753687858581543
0.2443985939025879
0.24788475036621094
0.2553997039794922
0.2573812007904053
0.25138211250305176
0.2714095115661621
0.22964024543762207
0.25058531761169434
0.2369849681854248
0.24203276634216309
0.22726154327392578
0.22723889350891113
0.23311185836791992
0.23218655586242676
0.2283799648284912
0.2909703254699707
0.23558306694030762
0.23148560523986816
0.24481773376464844
0.2478041648864746
0.2419290542602539
0.24708175659179688
0.2347414493560791
0.23173236846923828
0.23200654983520508
0.23728609085083008
0.2377943992614746
0.23694062232971191
0.24512815475463867
0.2460012435913086
0.23108291625976562
0.2330319881439209
0.2558894157409668
0.23493027687072754
0.24453473091125488
0.23641610145568848
0.23999381065368652
0.23633956909179688
0.23320221900939941
0.23996376991271973
