0.24862146377563477
0.24267864227294922
0.24885129928588867
0.25877809524536133
0.24986553192138672
0.23378610610961914
0.22293305397033691
0.24693918228149414
0.24123358726501465
0.23815512657165527
0.2346053123474121
0.21355271339416504
0.22706961631774902
0.22427153587341309
0.29591989517211914
0.23722577095031738
0.23304510116577148
0.2290935516357422
0.23155689239501953
0.23447513580322266
0.2204301357269287
0.24460887908935547
0.23117542266845703
0.24100542068481445
0.2380518913269043
0.23499298095703125
0.23716163635253906
0.234297513961792
0.24027729034423828
0.2470686435699463
0.228193998336792
0.23075556755065918
0.23303604125976562
0.23643779754638672
0.24301552772521973
0.23671603202819824
0.23594069480895996
0.23419857025146484
0.23940801620483398
0.23000359535217285
0.22287297248840332
0.23527026176452637
0.22732949256896973
0.24272489547729492
0.2285928726196289
0.23056817054748535
0.2360975742340088
0.22143006324768066
0.2345588207244873
0.2711327075958252
0.31017494201660156
0.23780155181884766
0.23935437202453613
0.2522118091583252
0.26116204261779785
0.22383427619934082
0.24106431007385254
0.21889948844909668
0.2267591953277588
0.23454999923706055
0.2570769786834717
0.2780873775482178
0.24438691139221191
0.24536538124084473
0.2383739948272705
0.2453773021697998
0.2315380573272705
0.23951506614685059
0.23177719116210938
0.22582435607910156
0.24126553535461426
0.2438497543334961
0.2472400665283203
0.2532496452331543
0.23233509063720703
0.23571419715881348
0.2278435230255127
0.2408599853515625
0.2392103672027588
0.2265641689300537
0.23784637451171875
0.2384037971496582
0.22877287864685059
0.24799418449401855
0.2352294921875
0.23787760734558105
0.2361915111541748
0.24666166305541992
0.23568105697631836
0.23046231269836426
0.24170446395874023
0.24063992500305176
0.2304060459136963
0.23992919921875
0.23436379432678223
0.2424018383026123
0.2525193691253662
0.24245476722717285
0.23717570304870605
0.2441699504852295
0.2491600513458252
0.2414233684539795
0.23645472526550293
0.23381423950195312
0.2400803565979004
0.23604273796081543
0.23357915878295898
0.24519014358520508
0.25299835205078125
0.24399113655090332
0.26397132873535156
0.24379420280456543
0.23836684226989746
0.24816203117370605
0.2400367259979248
0.22349047660827637
0.23863863945007324
0.23743534088134766
0.25104689598083496
0.2427539825439453
0.23769378662109375
0.22426271438598633
0.26299571990966797
0.2515602111816406
0.24853229522705078
0.23537445068359375
0.23538517951965332
0.23401355743408203
0.23370909690856934
0.22125840187072754
0.2473738193511963
0.24142050743103027
0.25606322288513184
0.251387357711792
0.2633931636810303
0.24845004081726074
0.2623722553253174
0.228379487991333
0.23997998237609863
0.2442760467529297
0.23332810401916504
0.23258709907531738
0.23500609397888184
0.23627567291259766
0.2409672737121582
0.2756977081298828
0.30078935623168945
0.2399132251739502
0.2413485050201416
0.2305622100830078
0.24151849746704102
0.24641990661621094
0.2285149097442627
0.229217529296875
0.24051284790039062
0.24015593528747559
0.24127674102783203
0.23753118515014648
0.23112797737121582
0.25109076499938965
0.23808813095092773
0.3064146041870117
0.23910236358642578
0.2452235221862793
0.23732781410217285
0.24723219871520996
0.23298168182373047
0.22708892822265625
0.24118256568908691
0.2217540740966797
0.24042487144470215
0.2299652099609375
0.2372419834136963
0.2304527759552002
0.24531936645507812
0.23705601692199707
0.2394707202911377
0.2370619773864746
0.22801733016967773
0.23884868621826172
0.23212623596191406
0.23610186576843262
0.23844695091247559
0.2559223175048828
0.2549116611480713
0.2529025077819824
0.2338094711303711
0.23986411094665527
0.2329871654510498
0.26397085189819336
0.2321159839630127
0.22467780113220215
0.23574018478393555
0.2447800636291504
0.24208950996398926
0.23053216934204102
0.24264812469482422
0.24659180641174316
0.2286691665649414
0.24416613578796387
0.23796772956848145
0.24100136756896973
0.23400020599365234
0.22764992713928223
0.23668551445007324
0.22871136665344238
0.23521018028259277
0.23166728019714355
0.23271703720092773
0.2393641471862793
0.2414255142211914
0.23641300201416016
0.22394132614135742
0.23976492881774902
0.2372148036956787
0.23519349098205566
0.2373499870300293
0.22651219367980957
0.23574376106262207
0.24617910385131836
0.2511932849884033
0.24497175216674805
0.22952628135681152
0.2424623966217041
0.23043060302734375
0.22727560997009277
0.23633337020874023
0.24318194389343262
0.23195266723632812
0.23781752586364746
0.2557668685913086
0.2255704402923584
0.23971891403198242
0.24202442169189453
0.22271180152893066
0.23203206062316895
0.23139262199401855
0.2467656135559082
0.25437283515930176
0.2768218517303467
0.27712273597717285
0.2289440631866455
0.2525970935821533
0.24989962577819824
0.26589250564575195
0.25012707710266113
0.2551255226135254
0.2546682357788086
0.22022700309753418
0.22499704360961914
0.2500011920928955
0.24085521697998047
0.23952126502990723
0.24310922622680664
0.23617792129516602
0.24557256698608398
0.23758506774902344
0.23650789260864258
0.24248957633972168
0.23857355117797852
0.23918843269348145
0.23981666564941406
0.2717278003692627
0.22201180458068848
0.2400343418121338
0.22400140762329102
0.2364792823791504
0.23367047309875488
0.23964667320251465
0.23331594467163086
0.2438831329345703
0.2383878231048584
0.24618077278137207
0.24182367324829102
0.24100971221923828
0.23704266548156738
0.23584389686584473
0.22195887565612793
0.23490381240844727
0.2832787036895752
0.30161142349243164
0.2483992576599121
0.22731781005859375
0.24681830406188965
0.24144411087036133
0.23603105545043945
0.23328328132629395
0.22644281387329102
0.24841690063476562
0.23559141159057617
0.3883638381958008
0.3402903079986572
0.3524036407470703
0.33430910110473633
0.24216222763061523
0.22865009307861328
0.23628711700439453
0.2370128631591797
0.23898077011108398
0.24490809440612793
0.24894142150878906
0.2389974594116211
0.2280716896057129
0.23618435859680176
0.23398375511169434
0.2559535503387451
0.22084617614746094
0.22431468963623047
0.238800048828125
0.2309708595275879
0.22472620010375977
0.24184608459472656
0.22906112670898438
0.23439431190490723
0.23777389526367188
0.2774932384490967
0.23699426651000977
0.2643263339996338
0.23622918128967285
0.24100518226623535
0.26097655296325684
0.2589907646179199
0.25299763679504395
0.2422788143157959
0.24210810661315918
0.2441408634185791
0.22998905181884766
0.2500882148742676
0.234846830368042
0.23627686500549316
0.24619817733764648
0.24720525741577148
0.23862648010253906
0.24098777770996094
0.25240182876586914
0.26177358627319336
0.23331236839294434
0.2264087200164795
0.23836588859558105
0.2377634048461914
0.23270726203918457
0.24376511573791504
0.25498056411743164
0.2469627857208252
0.24271202087402344
0.24250459671020508
0.27853822708129883
0.302872896194458
0.24846816062927246
0.27114224433898926
0.23902249336242676
0.24314188957214355
0.2421891689300537
0.22961783409118652
0.23796963691711426
0.22215914726257324
0.23842692375183105
0.23678994178771973
0.23740410804748535
0.23054122924804688
0.23844408988952637
0.2754065990447998
0.235274076461792
0.23549151420593262
0.233001708984375
0.2429800033569336
0.25499773025512695
0.23587918281555176
0.299119234085083
0.2310163974761963
0.22564697265625
0.22869181632995605
0.2337055206298828
0.2217862606048584
0.24384617805480957
0.24150395393371582
0.23483657836914062
0.23583579063415527
0.23494315147399902
0.23305892944335938
0.23516511917114258
0.22926974296569824
0.22463774681091309
0.2306537628173828
0.2341623306274414
0.23498010635375977
0.2376096248626709
0.22966814041137695
0.23199796676635742
0.23564887046813965
0.2849748134613037
0.2909586429595947
0.2416701316833496
0.24891328811645508
0.23723816871643066
0.24602317810058594
0.23923134803771973
0.23488879203796387
0.2337656021118164
0.23448562622070312
0.23724031448364258
0.2942643165588379
0.24594593048095703
0.24814534187316895
0.25797557830810547
0.23655462265014648
0.23466038703918457
0.23082733154296875
0.23594236373901367
0.25591373443603516
0.24617767333984375
0.23725032806396484
0.24799299240112305
0.22553467750549316
0.23775863647460938
0.23111915588378906
0.23732566833496094
0.23952174186706543
0.2554309368133545
0.2345123291015625
0.22671198844909668
0.3343195915222168
0.22983908653259277
0.22951269149780273
0.23362112045288086
0.2290816307067871
0.24908971786499023
0.2228550910949707
0.23401522636413574
0.23846149444580078
0.25449085235595703
0.24596095085144043
0.2420189380645752
0.24903178215026855
0.2248976230621338
0.23785734176635742
0.25872159004211426
0.24419641494750977
0.24323248863220215
0.2391674518585205
0.24338912963867188
0.2360067367553711
0.2369823455810547
0.23597049713134766
0.2232072353363037
0.2511775493621826
0.2518918514251709
0.24288296699523926
0.24267101287841797
0.24584412574768066
0.25882411003112793
0.2339155673980713
0.23833155632019043
0.22981524467468262
0.2296733856201172
0.25882863998413086
0.2333059310913086
0.23642373085021973
0.2366180419921875
0.22973179817199707
0.2308652400970459
0.23032140731811523
0.23697400093078613
0.24279260635375977
0.2405257225036621
0.23696565628051758
0.2374439239501953
0.258411169052124
0.24436044692993164
0.2383592128753662
0.25217342376708984
0.25313687324523926
0.2611207962036133
0.2521541118621826
0.26809239387512207
0.24316835403442383
0.24594330787658691
0.23924779891967773
0.24508357048034668
0.24701356887817383
0.24400019645690918
0.23615717887878418
0.24429750442504883
0.23600268363952637
0.23492050170898438
0.2458193302154541
0.2458784580230713
0.25254178047180176
0.2645280361175537
0.2436532974243164
0.23821592330932617
0.2286691665649414
0.2366936206817627
0.23903346061706543
0.24363350868225098
0.241438627243042
0.23745465278625488
0.2533688545227051
0.245589017868042
0.2922508716583252
0.23052048683166504
0.2366795539855957
0.23837924003601074
0.24238109588623047
0.26401424407958984
0.23100590705871582
0.24399995803833008
0.23415136337280273
0.24225997924804688
0.28435659408569336
0.2833092212677002
0.2397921085357666
0.2395644187927246
0.24344348907470703
0.23532438278198242
0.23192882537841797
0.23993468284606934
0.2227470874786377
0.24593091011047363
0.2521023750305176
0.23560357093811035
0.24150896072387695
0.24546432495117188
0.23401093482971191
0.23702645301818848
0.2381746768951416
0.23830842971801758
0.22157001495361328
0.3846869468688965
0.2298872470855713
0.25032544136047363
0.23189687728881836
0.24143338203430176
0.24999666213989258
0.23064470291137695
0.2339327335357666
0.24007272720336914
0.2479264736175537
0.22304701805114746
0.24106836318969727
0.2444467544555664
0.23634958267211914
0.24114704132080078
0.24814295768737793
0.25214600563049316
0.2217113971710205
0.23560237884521484
0.2577478885650635
0.24678349494934082
0.24023866653442383
0.2325139045715332
0.23510074615478516
0.23682618141174316
0.23231816291809082
0.271099328994751
0.23114824295043945
0.23565030097961426
0.23689699172973633
0.23464226722717285
0.2273693084716797
0.2296161651611328
0.23132109642028809
0.28294920921325684
0.2320084571838379
0.24277305603027344
0.26174116134643555
0.25323963165283203
0.24659967422485352
0.23709368705749512
0.23423433303833008
0.23093914985656738
0.24501657485961914
0.22925376892089844
0.23110151290893555
0.2301640510559082
0.22893548011779785
0.24300575256347656
0.2494211196899414
0.2483534812927246
0.23938536643981934
0.2394886016845703
0.2287156581878662
0.2309856414794922
0.23888683319091797
0.23551654815673828
0.23809385299682617
0.22473835945129395
0.24480533599853516
0.23502039909362793
0.23909425735473633
0.23501825332641602
0.22593045234680176
0.2520744800567627
0.23350214958190918
0.23766160011291504
0.2446911334991455
0.23360061645507812
0.2380080223083496
0.23431968688964844
0.23033952713012695
0.23600077629089355
0.23684930801391602
0.22880315780639648
0.22820067405700684
0.24090147018432617
0.237839937210083
0.25351715087890625
0.23628878593444824
0.2540006637573242
0.25900697708129883
0.2392253875732422
0.23518967628479004
0.23936891555786133
0.24933648109436035
0.24524378776550293
0.24742460250854492
0.22325992584228516
0.24117755889892578
0.23985767364501953
0.23370981216430664
0.24193930625915527
0.23705220222473145
0.24910569190979004
0.24323654174804688
0.24154186248779297
0.26151061058044434
0.2344529628753662
0.23175668716430664
0.23670649528503418
0.23548030853271484
0.2509446144104004
0.24050235748291016
0.2435626983642578
0.23155546188354492
0.23206734657287598
0.293165922164917
0.24080872535705566
0.24015378952026367
0.291914701461792
0.24709606170654297
0.24504566192626953
0.33110833168029785
0.24170565605163574
0.24221539497375488
0.24028468132019043
0.2397465705871582
0.24529814720153809
0.23775482177734375
0.2496204376220703
0.2394697666168213
0.2344069480895996
0.2488858699798584
0.2754337787628174
0.26958727836608887
0.2480006217956543
0.24031972885131836
0.23974084854125977
0.2357010841369629
0.23588204383850098
0.2408294677734375
0.23513460159301758
0.24396562576293945
0.27893972396850586
0.2390117645263672
0.23875093460083008
0.23345732688903809
0.25356197357177734
0.22930073738098145
0.23781251907348633
0.23253536224365234
0.23201870918273926
0.23627829551696777
0.22452950477600098
0.2343595027923584
0.24086856842041016
0.2346019744873047
0.23216032981872559
0.22893977165222168
0.2369391918182373
0.24277424812316895
0.24419307708740234
0.24658656120300293
0.23466205596923828
0.24393630027770996
0.23737859725952148
0.317333459854126
0.2892727851867676
0.3409733772277832
0.22255873680114746
0.24210643768310547
0.2356119155883789
0.24750971794128418
0.23651528358459473
0.23676633834838867
0.2202129364013672
0.2347126007080078
0.2346956729888916
0.2397463321685791
0.22233915328979492
0.24327373504638672
0.23549437522888184
0.24480271339416504
0.23781228065490723
0.24119305610656738
0.23681020736694336
0.26036906242370605
0.2823758125305176
0.24215340614318848
0.2521078586578369
0.2533390522003174
0.21690702438354492
0.22875642776489258
0.26199889183044434
0.2740190029144287
0.2680020332336426
0.24672436714172363
0.2347421646118164
0.23522138595581055
0.2430098056793213
0.23896527290344238
0.23206138610839844
0.24155354499816895
0.23434972763061523
0.2333841323852539
0.23208236694335938
0.2380824089050293
0.23844313621520996
0.22958111763000488
0.2506065368652344
0.23633432388305664
0.24066996574401855
0.2379922866821289
0.2382822036743164
0.23052597045898438
0.24152469635009766
0.2359151840209961
0.2464587688446045
0.24562573432922363
0.24464058876037598
0.23295116424560547
0.23808026313781738
0.24158143997192383
0.23901033401489258
0.2382373809814453
0.24122905731201172
0.2280569076538086
0.25031256675720215
0.23255252838134766
0.23685240745544434
0.23282313346862793
0.2557663917541504
0.23555231094360352
0.2447984218597412
0.2328493595123291
0.23856258392333984
0.23742198944091797
0.2359297275543213
0.2380213737487793
0.2857832908630371
0.22504520416259766
0.2380075454711914
0.24100399017333984
0.23482394218444824
0.23713088035583496
0.231980562210083
0.23386812210083008
0.23691868782043457
0.22815871238708496
0.2411823272705078
0.37477707862854004
0.25347399711608887
0.23775935173034668
0.24100923538208008
0.2361147403717041
0.24776840209960938
0.239776611328125
0.23357701301574707
0.2402205467224121
0.23311066627502441
0.23332762718200684
0.23017072677612305
0.239548921585083
0.27570104598999023
0.25003480911254883
0.26532959938049316
0.22916054725646973
0.22865867614746094
0.24085116386413574
0.23594355583190918
0.23220038414001465
0.22500038146972656
0.2422184944152832
0.2417607307434082
0.23868274688720703
0.23570656776428223
0.23554563522338867
0.2454242706298828
0.24358677864074707
0.23202967643737793
0.24280190467834473
0.24096083641052246
0.21347284317016602
0.24204373359680176
0.21875572204589844
0.24042844772338867
0.2899293899536133
0.23056459426879883
0.23426103591918945
0.24690485000610352
0.2349867820739746
0.25029802322387695
0.24039340019226074
0.25620508193969727
0.24536418914794922
0.2273845672607422
0.2535128593444824
0.2623634338378906
0.23615407943725586
0.23625755310058594
0.25721096992492676
0.2433485984802246
0.23000001907348633
0.21397805213928223
0.2359790802001953
0.2281656265258789
0.24068665504455566
0.25142860412597656
0.25142860412597656
0.2272183895111084
0.24432063102722168
0.23919343948364258
0.2430860996246338
0.24626755714416504
0.22992467880249023
0.2444920539855957
0.23484158515930176
0.23598647117614746
0.24599385261535645
0.24824118614196777
0.22130060195922852
0.24842548370361328
0.2542688846588135
0.2653379440307617
0.2473137378692627
0.2651207447052002
0.23516345024108887
0.23093008995056152
0.24399089813232422
0.27722764015197754
0.252089262008667
0.233839750289917
0.23757266998291016
0.24016523361206055
0.23497271537780762
0.2307415008544922
0.22980856895446777
0.2304060459136963
0.23049426078796387
0.24641156196594238
0.23756861686706543
0.23369050025939941
0.23098063468933105
0.3396482467651367
0.26920604705810547
0.32419872283935547
0.2941746711730957
0.29400205612182617
0.27403855323791504
0.31913113594055176
0.2798888683319092
0.4368124008178711
0.2733590602874756
0.26734137535095215
0.38480472564697266
0.29479217529296875
0.33172178268432617
0.42232823371887207
0.413424015045166
0.3438427448272705
0.33992719650268555
0.2890775203704834
0.4212150573730469
0.2938871383666992
0.2667427062988281
0.36933279037475586
0.3987741470336914
0.40982937812805176
0.3144659996032715
0.41436004638671875
0.24173498153686523
0.2777867317199707
0.24952197074890137
0.3144805431365967
0.3124864101409912
0.4313969612121582
0.3005492687225342
0.3124861717224121
0.29990625381469727
0.41278696060180664
0.34216737747192383
0.4101111888885498
0.24203109741210938
0.28759169578552246
0.41736817359924316
0.42929649353027344
0.24396991729736328
0.39536309242248535
0.46639227867126465
0.3263115882873535
0.3043222427368164
0.32526397705078125
0.29355549812316895
0.27849769592285156
0.3671610355377197
3.3232216835021973
0.2746009826660156
0.2817389965057373
0.39073657989501953
0.2819664478302002
0.30106639862060547
0.439739465713501
0.4147496223449707
0.46773314476013184
0.41298508644104004
0.30335092544555664
0.4043755531311035
0.3556954860687256
0.3343052864074707
0.2832834720611572
0.358701229095459
0.322429895401001
0.371412992477417
0.2505531311035156
0.3977172374725342
0.3106987476348877
0.2896616458892822
0.2781357765197754
3.3073554039001465
0.3368699550628662
0.2427823543548584
0.27193474769592285
0.37703561782836914
0.35504984855651855
0.4260525703430176
0.3666200637817383
0.3536703586578369
0.31087327003479004
0.3448026180267334
0.2707488536834717
0.34892702102661133
0.3377256393432617
0.34235501289367676
0.35402798652648926
0.45820045471191406
0.29408931732177734
0.31769394874572754
0.28470325469970703
0.351654052734375
0.27738404273986816
0.29498982429504395
0.39388155937194824
0.3660397529602051
0.29265499114990234
0.43683767318725586
0.4497652053833008
0.238250732421875
0.28338027000427246
0.42044544219970703
0.24495530128479004
0.3066370487213135
0.3645663261413574
0.4435255527496338
0.4425344467163086
0.3830256462097168
0.28654909133911133
0.3238186836242676
0.39060211181640625
0.3027033805847168
0.3157031536102295
0.26404261589050293
0.38010740280151367
0.29210400581359863
0.24024200439453125
0.40505433082580566
0.24312758445739746
3.3958773612976074
0.2624785900115967
0.32195043563842773
0.2636399269104004
0.28530168533325195
0.24248266220092773
0.3002169132232666
0.2357618808746338
0.25621533393859863
0.4122617244720459
0.40643978118896484
0.30896925926208496
0.3101212978363037
0.44557881355285645
0.26400208473205566
0.392974853515625
0.30346226692199707
0.35840559005737305
0.35294485092163086
0.4411652088165283
0.28879618644714355
0.24884867668151855
0.2639188766479492
0.3652682304382324
0.38814210891723633
0.25609803199768066
0.37590885162353516
0.4380030632019043
0.319746732711792
0.3234691619873047
0.25842976570129395
0.45027637481689453
0.4090576171875
0.24627304077148438
0.2637512683868408
0.3069188594818115
0.3408188819885254
0.4149947166442871
0.37204670906066895
0.4301788806915283
0.4201183319091797
0.43025851249694824
0.3908970355987549
0.26513123512268066
0.45496416091918945
0.2473430633544922
0.24059438705444336
0.2896566390991211
0.2437131404876709
0.3217127323150635
0.24292683601379395
0.3122580051422119
0.44594764709472656
0.23341870307922363
0.46124863624572754
0.4583115577697754
0.3002967834472656
0.37445068359375
0.4030189514160156
0.39999985694885254
0.29472994804382324
0.4276583194732666
0.2954099178314209
0.298459529876709
0.38652586936950684
0.405536413192749
0.3048737049102783
0.4095890522003174
0.2873072624206543
0.4517519474029541
0.36243104934692383
0.4280354976654053
0.246657133102417
0.29368138313293457
0.23227906227111816
0.2702500820159912
0.2837505340576172
0.23395872116088867
0.26249027252197266
0.3287806510925293
0.4254322052001953
0.41253113746643066
0.32766032218933105
0.36417078971862793
0.37740254402160645
0.25961732864379883
0.2357771396636963
0.24300098419189453
0.2930021286010742
0.3445863723754883
0.5215694904327393
0.3866145610809326
0.4292330741882324
0.4453086853027344
0.32902956008911133
0.3578982353210449
0.40508580207824707
3.308138847351074
0.4686434268951416
0.40150022506713867
0.45057153701782227
0.3776097297668457
3.2713513374328613
3.337646245956421
0.2952141761779785
0.446533203125
0.328369140625
0.3694581985473633
0.375319242477417
0.2498469352722168
0.30353260040283203
0.24883270263671875
0.24781131744384766
3.329580307006836
3.3431386947631836
0.484299898147583
0.36020708084106445
0.29526638984680176
0.30423450469970703
0.32526421546936035
3.4585189819335938
0.280148983001709
0.3466520309448242
0.339616060256958
0.25003552436828613
0.28530311584472656
0.31635189056396484
0.3057847023010254
0.4640686511993408
0.45873570442199707
0.3254992961883545
0.2539334297180176
0.4346935749053955
0.28808069229125977
0.35451292991638184
0.33350634574890137
0.2746734619140625
0.32006192207336426
0.2522721290588379
0.3742063045501709
0.32953572273254395
3.357296943664551
0.34578895568847656
0.263049840927124
0.2481520175933838
0.3973097801208496
0.3259437084197998
0.3404848575592041
0.4019629955291748
0.43863892555236816
0.3126564025878906
0.4026927947998047
0.24773263931274414
0.48401927947998047
0.41986918449401855
0.34322500228881836
0.29816770553588867
0.43839383125305176
0.4794604778289795
0.2851428985595703
3.4162561893463135
0.3249392509460449
0.26164722442626953
0.44960832595825195
0.42481112480163574
0.33397340774536133
0.2889711856842041
0.5391600131988525
3.2288260459899902
0.26724934577941895
0.3967618942260742
0.2930006980895996
0.31684017181396484
0.4056830406188965
0.3982226848602295
0.2407379150390625
0.3870854377746582
0.2966318130493164
0.33032822608947754
0.33653807640075684
0.33457374572753906
0.42446017265319824
0.41455936431884766
0.31694698333740234
0.35530996322631836
0.43744540214538574
0.2716996669769287
0.2826974391937256
3.3311820030212402
0.36841869354248047
0.3256802558898926
0.23762154579162598
0.2735438346862793
0.26456546783447266
0.336061954498291
0.4037744998931885
0.24261951446533203
3.361921548843384
0.42013001441955566
0.3404653072357178
0.28734350204467773
0.37904977798461914
0.3079948425292969
0.4342522621154785
0.32752370834350586
0.3105330467224121
9.306616067886353
0.3769192695617676
9.3635835647583
0.24448537826538086
0.4504666328430176
0.29906177520751953
9.316526174545288
0.33292269706726074
0.3648662567138672
0.33118104934692383
0.2413785457611084
0.30328845977783203
0.39179158210754395
0.2721414566040039
0.4184136390686035
0.25212645530700684
0.44027066230773926
0.3897674083709717
0.3344919681549072
0.35202741622924805
0.27712345123291016
0.26412487030029297
0.33657169342041016
0.39448022842407227
0.3136894702911377
0.410015344619751
0.3879420757293701
0.37302088737487793
0.28723907470703125
0.26787400245666504
0.254791259765625
0.3019576072692871
0.3104829788208008
0.41568541526794434
0.3986704349517822
0.5764002799987793
0.7876875400543213
0.49107909202575684
0.6470568180084229
0.7289080619812012
3.4752907752990723
0.4106900691986084
0.3639957904815674
0.3237287998199463
0.24175691604614258
0.2681107521057129
0.45479822158813477
0.39487361907958984
0.41593408584594727
0.4205343723297119
0.4305305480957031
0.4158918857574463
0.40988683700561523
0.26865124702453613
0.29474949836730957
0.3894517421722412
0.27318549156188965
0.279325008392334
0.31057024002075195
3.2515156269073486
0.2923121452331543
0.3742966651916504
0.2822690010070801
0.25203776359558105
0.33025598526000977
0.23755478858947754
0.4084794521331787
0.3399658203125
0.44677162170410156
0.3842740058898926
0.26026082038879395
0.3012657165527344
26.793943166732788
0.38941431045532227
0.37732934951782227
0.2575986385345459
0.802448034286499
0.7049033641815186
0.5530304908752441
1.3118417263031006
0.8727083206176758
0.8766732215881348
0.6134805679321289
0.8414287567138672
1.2517204284667969
1.2616848945617676
0.762840747833252
0.36640191078186035
0.7108042240142822
1.0395960807800293
0.5914835929870605
0.3558840751647949
0.472949743270874
0.41883301734924316
0.30257344245910645
0.2504441738128662
0.26020193099975586
0.266646146774292
0.3483726978302002
0.42510080337524414
0.33158063888549805
0.3385436534881592
0.4095122814178467
0.3846430778503418
0.4560070037841797
0.32701754570007324
0.40050315856933594
0.2952592372894287
0.2521815299987793
0.2831599712371826
0.355588436126709
0.36164307594299316
0.3984181880950928
3.273604393005371
0.2837977409362793
0.3038928508758545
0.4591503143310547
0.31998300552368164
0.3894197940826416
0.27535152435302734
0.30286407470703125
0.3078751564025879
0.3915712833404541
0.3416719436645508
0.31777215003967285
0.3941669464111328
0.42799878120422363
0.38699960708618164
0.29541945457458496
0.3049290180206299
0.3260648250579834
0.4530816078186035
0.29404115676879883
0.25916552543640137
0.395890474319458
0.2359931468963623
0.3764824867248535
0.4126012325286865
0.35988664627075195
0.32297301292419434
0.279512882232666
0.2859687805175781
3.2629332542419434
0.3229646682739258
0.2496347427368164
0.33875393867492676
0.2685427665710449
0.2739887237548828
0.38309264183044434
0.30678367614746094
3.3340036869049072
0.326552152633667
0.25325441360473633
0.31142711639404297
0.34444212913513184
0.26400208473205566
0.2660341262817383
0.35439133644104004
0.4149026870727539
0.37557029724121094
0.4585564136505127
0.3390946388244629
0.27683472633361816
0.4295978546142578
0.3731815814971924
0.3214240074157715
0.3264005184173584
0.334381103515625
0.39636826515197754
3.4208831787109375
0.25867795944213867
0.31105899810791016
0.36404848098754883
0.2506852149963379
0.2850472927093506
0.2349250316619873
0.24360394477844238
3.2392070293426514
0.25251317024230957
0.2344825267791748
0.24953317642211914
0.23515701293945312
0.24459075927734375
0.23638248443603516
0.23403692245483398
0.23406124114990234
0.24502778053283691
0.24308323860168457
0.24406814575195312
0.2209017276763916
0.23610591888427734
0.23503518104553223
0.22712278366088867
0.22652888298034668
0.24769139289855957
0.22865819931030273
0.2288830280303955
0.23928475379943848
0.23244428634643555
0.23143863677978516
0.2385725975036621
0.22656583786010742
0.2385861873626709
0.24854111671447754
0.22998523712158203
0.2350010871887207
0.2330002784729004
0.24909639358520508
0.24012517929077148
0.24109935760498047
0.22500371932983398
0.24334979057312012
0.2483067512512207
0.23988604545593262
0.2679471969604492
0.23864173889160156
0.2315692901611328
0.22956204414367676
0.23369312286376953
0.24356555938720703
0.23823785781860352
0.22727465629577637
0.25008511543273926
0.2375950813293457
0.2314167022705078
0.22143912315368652
0.23074769973754883
0.25668859481811523
0.23531866073608398
0.23711514472961426
0.2358090877532959
0.239424467086792
0.2404346466064453
0.2339918613433838
0.23136663436889648
0.24554944038391113
0.25068211555480957
0.23265910148620605
0.2298886775970459
0.22794747352600098
0.27349305152893066
0.2604684829711914
0.24336695671081543
0.2718777656555176
0.2919931411743164
0.2373349666595459
0.24596524238586426
0.24006009101867676
0.23203039169311523
0.2366175651550293
0.24288058280944824
0.23392462730407715
0.24901032447814941
0.24673771858215332
0.23816776275634766
0.2265937328338623
0.22728919982910156
0.23196625709533691
0.24205350875854492
0.23440814018249512
0.239271879196167
0.2321920394897461
0.24120140075683594
0.23500657081604004
0.23956608772277832
0.22890210151672363
0.22962665557861328
0.24813532829284668
0.2651383876800537
0.2444908618927002
0.2379775047302246
0.2389986515045166
0.23609709739685059
0.23296499252319336
0.2378852367401123
0.2316269874572754
0.21945738792419434
0.2354905605316162
0.2434852123260498
0.23485898971557617
0.2608494758605957
0.2678239345550537
0.23867177963256836
0.38097596168518066
0.40200018882751465
0.37067437171936035
0.23943233489990234
0.2386620044708252
0.2333059310913086
0.23637604713439941
0.2397165298461914
0.24342679977416992
0.24518465995788574
0.23027992248535156
0.26004528999328613
0.2489452362060547
0.26906704902648926
0.3080475330352783
0.23819899559020996
0.2617805004119873
0.23333382606506348
0.2393949031829834
0.23128843307495117
0.2297062873840332
0.24444103240966797
0.23539471626281738
0.23227953910827637
0.23612308502197266
0.2345118522644043
