0.007887840270996094
0.007977008819580078
0.007951974868774414
0.0069997310638427734
0.007041215896606445
0.006999015808105469
0.005963325500488281
0.011943817138671875
0.009023189544677734
0.006949901580810547
0.01989126205444336
0.020874738693237305
0.013034343719482422
0.012016534805297852
0.011993885040283203
0.011418342590332031
0.009996652603149414
0.007998466491699219
0.005980730056762695
0.005931377410888672
0.006804466247558594
0.020014047622680664
0.012866020202636719
0.007021427154541016
0.00785970687866211
0.0068585872650146484
0.008977890014648438
0.009032487869262695
0.006885051727294922
0.008008718490600586
0.012978792190551758
0.012018680572509766
0.007999181747436523
0.008011817932128906
0.009006261825561523
0.009997129440307617
0.008999109268188477
0.006989717483520508
0.007884740829467773
0.008009195327758789
0.008856534957885742
0.007984161376953125
0.008940458297729492
0.006926536560058594
0.00733494758605957
0.00835728645324707
0.013935327529907227
0.015008687973022461
0.018851518630981445
0.01904749870300293
0.029626131057739258
0.026981115341186523
0.01400303840637207
0.016002893447875977
0.014005899429321289
0.008038997650146484
0.007857322692871094
0.007982492446899414
0.008861303329467773
0.010010719299316406
0.008975028991699219
0.008851051330566406
0.008895635604858398
0.008933067321777344
0.023963451385498047
0.030962705612182617
0.02102375030517578
0.009913444519042969
0.012049436569213867
0.022015810012817383
0.022995471954345703
0.026997804641723633
0.01092219352722168
0.009990215301513672
0.013008594512939453
0.016993999481201172
0.018010616302490234
0.019998788833618164
0.009851694107055664
0.012901067733764648
0.009858846664428711
0.010816335678100586
0.010999202728271484
0.009854555130004883
0.0229952335357666
0.008010149002075195
0.013931035995483398
0.012999296188354492
0.011003971099853516
0.01300358772277832
0.013032913208007812
0.023492097854614258
0.02599620819091797
0.02100372314453125
0.009986639022827148
0.009995460510253906
0.009304046630859375
0.009003162384033203
0.007923126220703125
0.007856369018554688
0.00969696044921875
0.02504730224609375
0.008969545364379883
0.011019706726074219
0.010925769805908203
0.010993719100952148
0.007938861846923828
0.008889913558959961
0.00703120231628418
0.014299392700195312
0.01528024673461914
0.008005380630493164
0.008011102676391602
0.00788259506225586
0.009002923965454102
0.007880926132202148
0.007855892181396484
0.011003255844116211
0.010991096496582031
0.009965658187866211
0.006852149963378906
0.013951778411865234
0.029083967208862305
0.02599954605102539
0.012909412384033203
0.023997783660888672
0.014987945556640625
0.014853477478027344
0.02485942840576172
0.018965721130371094
0.014850378036499023
0.016862154006958008
0.017004966735839844
0.009992599487304688
0.07796931266784668
0.009970664978027344
0.009981870651245117
0.01100015640258789
0.008806705474853516
0.008857250213623047
0.00792551040649414
0.015034198760986328
0.015012502670288086
0.013890266418457031
0.012940645217895508
0.011018991470336914
0.01000356674194336
0.01302027702331543
0.012999296188354492
0.012821674346923828
0.013001441955566406
0.009345054626464844
0.008812904357910156
0.008939981460571289
0.009002208709716797
0.008003473281860352
0.007993459701538086
0.00998687744140625
0.00792074203491211
0.00776982307434082
0.01496434211730957
0.016965866088867188
0.010972976684570312
0.010972738265991211
0.011971473693847656
0.011974096298217773
0.007791996002197266
0.011960268020629883
0.013015985488891602
0.00793766975402832
0.012871503829956055
0.012020587921142578
0.007999181747436523
0.008023977279663086
0.007990598678588867
0.009033918380737305
0.008904695510864258
0.008003473281860352
0.014831304550170898
0.008849382400512695
0.010008811950683594
0.023890972137451172
0.023986339569091797
0.011902570724487305
0.018889904022216797
0.01799941062927246
0.008996725082397461
0.008988380432128906
0.008916854858398438
0.008855104446411133
0.009021759033203125
0.007922887802124023
0.008818864822387695
0.009983062744140625
0.007861852645874023
0.012820243835449219
0.008921623229980469
0.014002561569213867
0.01198887825012207
0.04187417030334473
0.00886225700378418
0.008009672164916992
0.008819341659545898
0.010001897811889648
0.008812904357910156
0.016035795211791992
0.009902238845825195
0.014854907989501953
0.01500248908996582
0.009862661361694336
0.011984109878540039
0.01001739501953125
0.008377790451049805
0.00900411605834961
0.008986949920654297
0.008811235427856445
0.007982492446899414
0.008998870849609375
0.008790969848632812
0.0099029541015625
0.011284589767456055
0.006979227066040039
0.008843421936035156
0.02298879623413086
0.017821073532104492
0.009919881820678711
0.03099226951599121
0.020983219146728516
0.012955904006958008
0.008820056915283203
0.008991241455078125
0.008015632629394531
0.012003660202026367
0.008918046951293945
0.008865594863891602
0.0098114013671875
0.006855010986328125
0.008994102478027344
0.02100205421447754
0.020998001098632812
0.010859966278076172
0.00993800163269043
0.00998544692993164
0.008931159973144531
0.00886678695678711
0.008850574493408203
0.008845090866088867
0.011012554168701172
0.008002519607543945
0.008287668228149414
0.00897073745727539
0.0079345703125
0.007932186126708984
0.011944293975830078
0.012980461120605469
0.00893092155456543
0.023011207580566406
0.008934259414672852
0.009938955307006836
0.010013580322265625
0.01099848747253418
0.008979082107543945
0.010004997253417969
0.008817434310913086
0.007999658584594727
0.008987665176391602
0.027821779251098633
0.012993097305297852
0.023950815200805664
0.01483774185180664
0.01502227783203125
0.015965938568115234
0.008857011795043945
0.009821414947509766
0.008860349655151367
0.009038209915161133
0.013964414596557617
0.009035110473632812
0.007930994033813477
0.008349180221557617
0.009003162384033203
0.010817527770996094
0.01382303237915039
0.010018587112426758
0.007808208465576172
0.007963895797729492
0.008821487426757812
0.011980772018432617
0.008966445922851562
0.010965347290039062
0.010005474090576172
0.00995945930480957
0.009979009628295898
0.009966850280761719
0.007897138595581055
0.008828163146972656
0.024842023849487305
0.019977092742919922
0.01693558692932129
0.01703667640686035
0.008820295333862305
0.024013042449951172
0.018906354904174805
0.03199005126953125
0.030554771423339844
0.02298426628112793
0.018994569778442383
0.01000070571899414
0.011989116668701172
0.007823944091796875
0.007995843887329102
0.023047208786010742
0.023825645446777344
0.016979217529296875
0.01800084114074707
0.010988950729370117
0.011001110076904297
0.010966777801513672
0.01100468635559082
0.010970115661621094
0.013001441955566406
0.010973691940307617
0.008001089096069336
0.008000373840332031
0.008871078491210938
0.014995574951171875
0.012995004653930664
0.008034944534301758
0.008826017379760742
0.008939743041992188
0.017955780029296875
0.009992361068725586
0.009033441543579102
0.007910966873168945
0.029848814010620117
0.03184938430786133
0.01099395751953125
0.010823965072631836
0.007922887802124023
0.008931398391723633
0.009027481079101562
0.008814334869384766
0.009817123413085938
0.008942842483520508
0.024864673614501953
0.013850688934326172
0.008902549743652344
0.01700305938720703
0.020006895065307617
0.009374141693115234
0.011976957321166992
0.02603292465209961
0.01993703842163086
0.014990091323852539
0.01499485969543457
0.008862972259521484
0.00985860824584961
0.009912967681884766
0.008975505828857422
0.010955333709716797
0.010004520416259766
0.008822441101074219
0.013818979263305664
0.013000726699829102
0.008813142776489258
0.008937835693359375
0.024983882904052734
0.013891458511352539
0.014001846313476562
0.009822368621826172
0.008384466171264648
0.007996797561645508
0.009929180145263672
0.015999794006347656
0.01201176643371582
0.01101827621459961
0.010992050170898438
0.013005971908569336
0.008000612258911133
0.007817268371582031
0.009002685546875
0.008992433547973633
0.007863998413085938
0.00900888442993164
0.011020660400390625
0.012000799179077148
0.00993800163269043
0.011001825332641602
0.008970499038696289
0.019475936889648438
0.013874292373657227
0.017955303192138672
0.011992454528808594
0.00885772705078125
0.011986017227172852
0.00998067855834961
0.007018566131591797
0.008939504623413086
0.008861303329467773
0.007932662963867188
0.010002851486206055
0.009783267974853516
0.010869741439819336
0.03397226333618164
0.03798103332519531
0.017992258071899414
0.009996175765991211
0.014001846313476562
0.016002893447875977
0.008017778396606445
0.00793600082397461
0.012975454330444336
0.014005422592163086
0.014002799987792969
0.006956338882446289
0.008003473281860352
0.008812427520751953
0.008996009826660156
0.007849693298339844
0.010004758834838867
0.009989738464355469
0.011014223098754883
0.012017488479614258
0.009983062744140625
0.009979963302612305
0.013862133026123047
0.03199195861816406
0.03298068046569824
0.01093435287475586
0.008813142776489258
0.01000213623046875
0.013545036315917969
0.009980916976928711
0.010908842086791992
0.008028030395507812
0.01387333869934082
0.01399540901184082
0.009926319122314453
0.009815454483032227
0.009960174560546875
0.008857250213623047
0.008000373840332031
0.012925863265991211
0.010991096496582031
0.008974790573120117
0.014944076538085938
0.008006811141967773
0.008967876434326172
0.010003089904785156
0.009999752044677734
0.011974573135375977
0.009971857070922852
0.010968923568725586
0.010012626647949219
0.012902259826660156
0.012823104858398438
0.008871793746948242
0.009841203689575195
0.008794546127319336
0.009819507598876953
0.009858369827270508
0.008812904357910156
0.010005474090576172
0.010021209716796875
0.025789976119995117
0.012912273406982422
0.011940956115722656
0.01386260986328125
0.022829532623291016
0.0158236026763916
0.015985727310180664
0.013980865478515625
0.01000356674194336
0.009983539581298828
0.009355545043945312
0.007822990417480469
0.008984565734863281
0.014961481094360352
0.01094818115234375
0.03488445281982422
0.04000282287597656
0.012005329132080078
0.011904239654541016
0.012005090713500977
0.013003110885620117
0.014984846115112305
0.007871627807617188
0.025803804397583008
0.0260009765625
0.010934114456176758
0.012996673583984375
0.013002395629882812
0.00796961784362793
0.012990236282348633
0.013015508651733398
0.008945703506469727
0.02384662628173828
0.014028072357177734
0.009003639221191406
0.008801937103271484
0.021819114685058594
0.013913393020629883
0.012899398803710938
0.02491140365600586
0.01386260986328125
0.00997304916381836
0.01096963882446289
0.021857261657714844
0.011983633041381836
0.011883020401000977
0.008857011795043945
0.008975982666015625
0.008915901184082031
0.01386260986328125
0.012017250061035156
0.007850885391235352
0.009007453918457031
0.008930444717407227
0.009003400802612305
0.010975837707519531
0.013464212417602539
0.008857250213623047
0.008996963500976562
0.015972137451171875
0.008951902389526367
0.008854150772094727
0.011896133422851562
0.013898849487304688
0.010019779205322266
0.007820844650268555
0.007920503616333008
0.00878596305847168
0.01096200942993164
0.009968280792236328
0.013933658599853516
0.007922172546386719
0.012988567352294922
0.011063814163208008
0.009768247604370117
0.008004188537597656
0.010004758834838867
0.015540838241577148
0.007820606231689453
0.010005712509155273
0.008999109268188477
0.009857177734375
0.007807731628417969
0.00882101058959961
0.008947134017944336
0.013016223907470703
0.012004375457763672
0.00997018814086914
0.010005950927734375
0.008018016815185547
0.00885152816772461
0.00854635238647461
0.010046005249023438
0.011821985244750977
0.011018991470336914
0.009987354278564453
0.008922576904296875
0.010845184326171875
0.008881330490112305
0.010970830917358398
0.010001659393310547
0.010987520217895508
0.010979890823364258
0.008970022201538086
0.008996963500976562
0.008787870407104492
0.008001565933227539
0.00884699821472168
0.007988691329956055
0.008853673934936523
0.008976459503173828
0.01605844497680664
0.017006874084472656
0.01000070571899414
0.011970758438110352
0.01096653938293457
0.012003183364868164
0.013996124267578125
0.009006023406982422
0.010025739669799805
0.009006977081298828
0.022851943969726562
0.014476299285888672
0.02497243881225586
0.02199840545654297
0.010821104049682617
0.026956558227539062
0.010820150375366211
0.009000062942504883
0.010012388229370117
0.007901191711425781
0.032813310623168945
0.02998638153076172
0.015002965927124023
0.007954597473144531
0.009819984436035156
0.008821964263916016
0.008824825286865234
0.007837772369384766
0.019898176193237305
0.021094560623168945
0.012989521026611328
0.011850595474243164
0.014998674392700195
0.010979890823364258
0.009929895401000977
0.009939193725585938
0.013032674789428711
0.01293182373046875
0.015090703964233398
0.021943092346191406
0.02798771858215332
0.007853984832763672
0.008023738861083984
0.01901555061340332
0.012844324111938477
0.011907339096069336
0.012010574340820312
0.009938478469848633
0.01100778579711914
0.011019468307495117
0.008800983428955078
0.007926225662231445
0.00782465934753418
0.007965087890625
0.007905721664428711
0.008928775787353516
0.008030414581298828
0.00800180435180664
0.009851694107055664
0.007989645004272461
0.00794672966003418
0.007859945297241211
0.007895231246948242
0.007021665573120117
0.007851362228393555
0.009970903396606445
0.00884866714477539
0.008980512619018555
0.006861448287963867
0.014777660369873047
0.016861438751220703
0.018785715103149414
0.01984572410583496
0.012002706527709961
0.010994434356689453
0.0069391727447509766
0.009017467498779297
0.011993169784545898
0.008291959762573242
0.00886845588684082
0.009869575500488281
0.008025169372558594
0.00881505012512207
0.009923934936523438
0.007850170135498047
0.007987022399902344
0.007931232452392578
0.01094198226928711
0.013006925582885742
0.013996601104736328
0.011034488677978516
0.007300615310668945
0.009988069534301758
0.015947580337524414
0.022091150283813477
0.02193593978881836
0.025936126708984375
0.01000213623046875
0.02388143539428711
0.014858484268188477
0.013999700546264648
0.007905244827270508
0.007932186126708984
0.022867202758789062
0.01379084587097168
0.01200556755065918
0.007944822311401367
0.012811899185180664
0.01197504997253418
0.01195526123046875
0.009969472885131836
0.007988214492797852
0.008816957473754883
0.009359121322631836
0.00789499282836914
0.008821964263916016
0.007848978042602539
0.007813453674316406
0.007941007614135742
0.008970022201538086
0.011018991470336914
0.01196599006652832
0.010993719100952148
0.013011693954467773
0.015027999877929688
0.014830589294433594
0.014902114868164062
0.0178678035736084
0.017013072967529297
0.008980274200439453
0.009834766387939453
0.008826017379760742
0.008007287979125977
0.01093292236328125
0.014007329940795898
0.013006210327148438
0.01799774169921875
0.016988277435302734
0.0992438793182373
0.022868871688842773
0.013062000274658203
0.00784921646118164
0.029835224151611328
0.03399801254272461
0.009990453720092773
0.01702737808227539
0.017057418823242188
0.010971784591674805
0.009972810745239258
0.01003575325012207
0.008007526397705078
0.011028766632080078
0.013785600662231445
0.012827157974243164
0.009001493453979492
0.01598644256591797
0.016989946365356445
0.010819196701049805
0.010468482971191406
0.010840177536010742
0.00997018814086914
0.007928133010864258
0.00792241096496582
0.008997917175292969
0.007841110229492188
0.014029979705810547
0.008775711059570312
0.008052825927734375
0.008812904357910156
0.007926225662231445
0.008842706680297852
0.012011528015136719
0.013061046600341797
0.026048660278320312
0.013823986053466797
0.009987115859985352
0.011962890625
0.018826007843017578
0.01600050926208496
0.016992807388305664
0.014856576919555664
0.01582050323486328
0.0140228271484375
0.009977102279663086
0.009965658187866211
0.00901031494140625
0.010004997253417969
0.009027242660522461
0.010820388793945312
0.008999824523925781
0.010017633438110352
0.010898351669311523
0.008016109466552734
0.008862733840942383
0.007927656173706055
0.008859872817993164
0.023859262466430664
0.013868093490600586
0.015000104904174805
0.010940790176391602
0.010033607482910156
0.008960247039794922
0.007995367050170898
0.009914636611938477
0.009810924530029297
0.008977413177490234
0.008002758026123047
0.007842540740966797
0.010993242263793945
0.007996559143066406
0.009868383407592773
0.007945775985717773
0.009019613265991211
0.008825540542602539
0.008975028991699219
0.007823705673217773
0.007915735244750977
0.009978294372558594
0.01097869873046875
0.008900165557861328
0.008815288543701172
0.009925365447998047
0.007818460464477539
0.010003328323364258
0.009005308151245117
0.00899362564086914
0.008983850479125977
0.00799703598022461
0.007925033569335938
0.008002042770385742
0.009001493453979492
0.007938146591186523
0.00981760025024414
0.008375406265258789
0.008831977844238281
0.01181483268737793
0.013848066329956055
0.011008262634277344
0.021852970123291016
0.015824079513549805
0.012944936752319336
0.011926889419555664
0.010994911193847656
0.013000965118408203
0.012001752853393555
0.008810997009277344
0.00904083251953125
0.009022712707519531
0.008960723876953125
0.00694584846496582
0.02489018440246582
0.017990589141845703
0.013959169387817383
0.011973142623901367
0.014010906219482422
0.013995647430419922
0.009937524795532227
0.007961034774780273
0.011010169982910156
0.007982969284057617
0.010877132415771484
0.011004924774169922
0.010984659194946289
0.010971546173095703
0.008974790573120117
0.009982824325561523
0.007929086685180664
0.011000633239746094
0.009042739868164062
0.007807254791259766
0.008326530456542969
0.02086782455444336
0.02099442481994629
0.012979507446289062
0.02592182159423828
0.015001058578491211
0.017001867294311523
0.013993501663208008
0.010980367660522461
0.008986473083496094
0.012001991271972656
0.011001110076904297
0.009991645812988281
0.00795602798461914
0.008817911148071289
0.00793910026550293
0.009979963302612305
0.00885772705078125
0.010041475296020508
0.008985280990600586
0.00892496109008789
0.009273767471313477
0.008986711502075195
0.013941764831542969
0.01401066780090332
0.011986017227172852
0.012865781784057617
0.014978885650634766
0.009827375411987305
0.016943693161010742
0.013991594314575195
0.009816646575927734
0.012877702713012695
0.014034271240234375
0.0088043212890625
0.010003328323364258
0.008812189102172852
0.010027170181274414
0.007935523986816406
0.009038209915161133
0.007854461669921875
0.007920026779174805
0.007926702499389648
0.008981704711914062
0.007035970687866211
0.008818626403808594
0.010936260223388672
0.008867025375366211
0.010912895202636719
0.01097726821899414
0.008014202117919922
0.012827634811401367
0.012987136840820312
0.012816667556762695
0.013818740844726562
0.014010429382324219
0.029119491577148438
0.022996187210083008
0.016971111297607422
0.010883569717407227
0.011882305145263672
0.023996829986572266
0.01997542381286621
0.01399540901184082
0.012966394424438477
0.011959314346313477
0.010009050369262695
0.008949756622314453
0.007845163345336914
0.020998477935791016
0.01898670196533203
0.010018587112426758
0.007902383804321289
0.00985097885131836
0.009000301361083984
0.008842229843139648
0.012819766998291016
0.010994434356689453
0.009998083114624023
0.02277684211730957
0.021044015884399414
0.01192784309387207
0.011914968490600586
0.014009475708007812
0.011002302169799805
0.01086878776550293
0.01097869873046875
0.0089874267578125
0.008991003036499023
0.007924795150756836
0.007963418960571289
0.008814096450805664
0.01204371452331543
0.011991024017333984
0.011003255844116211
0.012001991271972656
0.009997844696044922
0.007813692092895508
0.008004903793334961
0.008861303329467773
0.00980234146118164
0.010001420974731445
0.009021520614624023
0.007863759994506836
0.01000523567199707
0.010902166366577148
0.007984161376953125
0.009995698928833008
0.01099252700805664
0.008912801742553711
0.012562036514282227
0.027886629104614258
0.023996829986572266
0.01190948486328125
0.00981903076171875
0.008816719055175781
0.009853124618530273
0.008792400360107422
0.007786989212036133
0.007982730865478516
0.007820606231689453
0.011917352676391602
0.013017654418945312
0.008889913558959961
0.007814168930053711
0.014827966690063477
0.013833284378051758
0.012892723083496094
0.011945247650146484
0.01101827621459961
0.008943557739257812
0.008941650390625
0.00791478157043457
0.008003950119018555
0.008922576904296875
0.011034488677978516
0.010026931762695312
0.015012025833129883
0.01396632194519043
0.010030508041381836
0.007988929748535156
0.00999593734741211
0.008995771408081055
0.007916927337646484
0.00895547866821289
0.009045839309692383
0.008864402770996094
0.014975547790527344
0.015999555587768555
0.011980295181274414
0.007938385009765625
0.010895967483520508
0.010000467300415039
0.008022069931030273
0.007773637771606445
0.007788658142089844
0.007815837860107422
0.01598834991455078
0.019009113311767578
0.009982585906982422
0.007945060729980469
0.009969949722290039
0.008851766586303711
0.009018421173095703
0.010966777801513672
0.012010812759399414
0.010019063949584961
0.00800466537475586
0.009282112121582031
0.00901484489440918
0.009805440902709961
0.01194000244140625
0.012050390243530273
0.019807815551757812
0.020000219345092773
0.022060155868530273
0.020979881286621094
0.007915735244750977
0.01583123207092285
0.024001598358154297
0.02599191665649414
0.008922100067138672
0.006956577301025391
0.007934331893920898
0.00782155990600586
0.007857322692871094
0.02298259735107422
0.011943817138671875
0.011865854263305664
0.009967803955078125
0.009972810745239258
0.010936498641967773
0.009975910186767578
0.008997917175292969
0.00801539421081543
0.007852792739868164
0.014856815338134766
0.01606583595275879
0.009009122848510742
0.007928609848022461
0.009001016616821289
0.011890411376953125
0.011004209518432617
0.01099395751953125
0.00886392593383789
0.010900259017944336
0.012001276016235352
0.009863138198852539
0.008015155792236328
0.01089334487915039
0.009006977081298828
0.008893728256225586
0.007929086685180664
0.008949756622314453
0.008867979049682617
0.009021520614624023
0.009966373443603516
0.007932424545288086
0.008968830108642578
0.008916616439819336
0.008857250213623047
0.008996009826660156
0.010001182556152344
0.007928848266601562
0.007035732269287109
0.00699615478515625
0.008856058120727539
0.007819652557373047
0.009968042373657227
0.009341239929199219
0.010329484939575195
0.00804281234741211
0.008981466293334961
0.013821840286254883
0.016992807388305664
0.01300191879272461
0.01201772689819336
0.01294565200805664
0.00881505012512207
0.008971691131591797
0.00691533088684082
0.008812189102172852
0.0070040225982666016
0.011998414993286133
0.010997772216796875
0.007988929748535156
0.014920711517333984
0.014000892639160156
0.013972282409667969
0.01383662223815918
0.012993335723876953
0.01302480697631836
0.022047042846679688
0.012825489044189453
0.013020753860473633
0.009842872619628906
0.00799417495727539
0.008983135223388672
0.008929967880249023
0.008933305740356445
0.009964227676391602
0.011925697326660156
0.009026050567626953
0.008000373840332031
0.008373737335205078
0.008833169937133789
0.008317947387695312
0.00885772705078125
0.009341001510620117
0.010959625244140625
0.016002178192138672
0.009388923645019531
0.008917808532714844
0.008830070495605469
0.009989500045776367
0.012935638427734375
0.012001276016235352
0.010004043579101562
0.010986089706420898
0.012019157409667969
0.010986804962158203
0.007984161376953125
0.0069921016693115234
0.00701141357421875
0.007997751235961914
0.00891733169555664
0.007829904556274414
0.008004188537597656
0.010973453521728516
0.008968591690063477
0.009953975677490234
0.016813039779663086
0.01899552345275879
0.00784158706665039
0.0070056915283203125
0.009000539779663086
0.00792241096496582
0.00782012939453125
0.008819818496704102
0.015001535415649414
0.022045612335205078
0.023838281631469727
0.023978710174560547
0.009994983673095703
0.011016368865966797
0.009045124053955078
0.008996248245239258
0.009975910186767578
0.011001348495483398
0.010017871856689453
0.011819601058959961
0.009968042373657227
0.008851289749145508
0.0068607330322265625
0.02282547950744629
0.024066925048828125
0.03201007843017578
0.021944761276245117
0.01500248908996582
0.016004323959350586
0.01001429557800293
0.013996362686157227
0.009933710098266602
0.00786447525024414
0.022038936614990234
0.02397918701171875
0.012936592102050781
0.013865947723388672
0.017869234085083008
0.015993356704711914
0.016988515853881836
0.00899052619934082
0.008025407791137695
0.007372140884399414
0.013987541198730469
0.014051675796508789
0.013849496841430664
0.016997337341308594
0.009890317916870117
0.008870840072631836
0.009951114654541016
0.022868633270263672
0.01798558235168457
0.008851289749145508
0.02488398551940918
0.012849807739257812
0.009894371032714844
0.012000322341918945
0.017888545989990234
0.015994787216186523
0.010864734649658203
0.007985830307006836
0.009009599685668945
0.008940458297729492
0.007990121841430664
0.007932662963867188
0.007950067520141602
0.00931239128112793
0.008996009826660156
0.0089569091796875
0.009003400802612305
0.01399850845336914
0.01400303840637207
0.008965015411376953
0.009993553161621094
0.007815361022949219
0.018864870071411133
0.024938106536865234
0.015804290771484375
0.022853851318359375
0.025036096572875977
0.0164182186126709
0.01698899269104004
0.01100468635559082
0.008791446685791016
0.008308649063110352
0.010012626647949219
0.01281285285949707
0.01192021369934082
0.013032674789428711
0.008832216262817383
0.008951902389526367
0.00997614860534668
0.009918451309204102
0.012805461883544922
0.011937141418457031
0.008986949920654297
0.00901937484741211
0.007996559143066406
0.013972997665405273
0.016823768615722656
0.022014141082763672
0.014945507049560547
0.009351730346679688
0.008027315139770508
0.008801460266113281
0.008333683013916016
0.008924245834350586
0.008861303329467773
0.00885915756225586
0.019962787628173828
0.00899052619934082
0.00885772705078125
0.011807441711425781
0.008008241653442383
0.010002374649047852
0.00902104377746582
0.030987977981567383
0.010999679565429688
0.013003826141357422
0.009002447128295898
0.013048648834228516
0.013997793197631836
0.01499319076538086
0.009015798568725586
0.008857488632202148
0.008962869644165039
0.008798599243164062
0.010025262832641602
0.009981393814086914
0.011008977890014648
0.02384328842163086
0.016989946365356445
0.015863656997680664
0.02496194839477539
0.01595902442932129
0.009351253509521484
0.009044885635375977
0.024014711380004883
0.02279210090637207
0.01196908950805664
0.013844728469848633
0.015996694564819336
0.016008377075195312
0.008974790573120117
0.010968685150146484
0.01000213623046875
0.011009693145751953
0.01098942756652832
0.024906396865844727
0.038977861404418945
0.039986610412597656
0.008969306945800781
0.007998943328857422
0.008931636810302734
0.009005308151245117
0.008823871612548828
0.026934385299682617
0.009001970291137695
0.0139923095703125
0.00989985466003418
0.00991201400756836
0.008844375610351562
0.011870145797729492
0.013002157211303711
0.007938623428344727
0.00903177261352539
0.007853269577026367
0.008858442306518555
0.0069196224212646484
0.008798360824584961
0.007828235626220703
0.011029958724975586
0.008902549743652344
0.00797128677368164
0.015821218490600586
0.010382890701293945
0.013860464096069336
0.012970924377441406
0.010999202728271484
0.010036468505859375
0.017854928970336914
0.011004924774169922
0.00899958610534668
0.00882101058959961
0.007951736450195312
0.009007692337036133
0.008965015411376953
0.009994745254516602
0.006906986236572266
0.009969711303710938
0.007806301116943359
0.013815879821777344
0.017035722732543945
0.01100468635559082
0.00886845588684082
0.023851394653320312
0.008845806121826172
0.010999679565429688
0.007939577102661133
0.008970260620117188
0.008004903793334961
0.011022806167602539
0.010962247848510742
0.025086641311645508
0.02103877067565918
0.017896175384521484
0.012042999267578125
0.023838281631469727
0.008792877197265625
0.010012149810791016
0.009810447692871094
0.009999275207519531
0.007930994033813477
0.008947610855102539
0.011993885040283203
0.010010719299316406
0.008966922760009766
0.013787031173706055
0.023880958557128906
0.015012264251708984
0.014998435974121094
0.008822917938232422
0.012827634811401367
0.016003131866455078
0.017004728317260742
0.01495051383972168
0.008911848068237305
0.008929014205932617
0.012818574905395508
0.0090484619140625
0.011976003646850586
0.008991718292236328
0.015805959701538086
0.012996912002563477
0.007933616638183594
0.00900411605834961
0.008932113647460938
0.007817745208740234
0.0078029632568359375
0.008799552917480469
0.007969856262207031
0.008002519607543945
0.007933855056762695
0.008826255798339844
0.009024620056152344
0.010966777801513672
0.009983301162719727
0.031038284301757812
0.009955644607543945
0.00794839859008789
0.007953882217407227
0.00835418701171875
0.009957551956176758
0.008002996444702148
0.009990215301513672
0.008819580078125
0.013998270034790039
0.010984182357788086
0.012273550033569336
0.006905555725097656
0.008994817733764648
0.007852792739868164
0.007853984832763672
0.007992982864379883
0.007981061935424805
0.00786733627319336
0.0083770751953125
0.007845640182495117
0.00795292854309082
0.009064674377441406
0.008011102676391602
0.008999109268188477
0.008972883224487305
0.013928413391113281
0.012990713119506836
0.007934093475341797
0.006848573684692383
0.00692439079284668
0.007931947708129883
0.007855892181396484
0.008025407791137695
0.030011892318725586
0.026980876922607422
0.013942480087280273
0.011914253234863281
0.011013269424438477
0.02502918243408203
0.013006210327148438
0.011018514633178711
0.010996341705322266
0.010972023010253906
0.013022422790527344
0.011974573135375977
0.023888826370239258
0.011965513229370117
0.00898885726928711
0.02184319496154785
0.008859872817993164
0.008868217468261719
0.009966135025024414
0.01100301742553711
0.012002706527709961
0.009902000427246094
0.008980035781860352
0.008999109268188477
0.008989810943603516
0.007938861846923828
0.010932207107543945
0.013014078140258789
0.00885915756225586
0.00986623764038086
0.00791478157043457
0.008865594863891602
0.009875774383544922
0.009015083312988281
0.008965492248535156
0.013981103897094727
0.01804041862487793
0.013950824737548828
0.008929252624511719
0.009038448333740234
0.017893314361572266
0.01784968376159668
0.015069246292114258
0.01484823226928711
0.028881072998046875
0.03200864791870117
0.02598857879638672
0.017994403839111328
0.007816553115844727
0.008810758590698242
0.008971214294433594
0.0078122615814208984
0.008991479873657227
0.009860754013061523
0.007810354232788086
0.013033151626586914
0.01099848747253418
0.009994983673095703
0.007818460464477539
0.007937431335449219
0.007944822311401367
0.01104736328125
0.011894941329956055
0.010818004608154297
0.009964942932128906
0.01201319694519043
0.012994050979614258
0.00890803337097168
0.008925199508666992
0.007807731628417969
0.01605057716369629
0.008818864822387695
0.009731769561767578
0.008937597274780273
0.010025501251220703
0.008818626403808594
0.011985063552856445
0.010991096496582031
0.008859395980834961
0.010968446731567383
0.024881362915039062
0.022863149642944336
0.02297496795654297
0.017012596130371094
0.008886575698852539
0.00898122787475586
0.008816719055175781
0.012001991271972656
0.009019136428833008
0.008855581283569336
0.007946014404296875
0.015932321548461914
0.017004966735839844
0.010011434555053711
0.009962320327758789
0.015039682388305664
0.022075414657592773
0.013972997665405273
0.014811515808105469
0.013028621673583984
0.016007661819458008
0.00800013542175293
0.007939815521240234
0.007862091064453125
0.009033441543579102
0.006887674331665039
0.008857011795043945
0.008821964263916016
0.01499795913696289
0.018937110900878906
0.009999752044677734
0.01202082633972168
0.010979652404785156
0.009993314743041992
0.010014533996582031
0.006855010986328125
0.007853984832763672
0.00785517692565918
0.007858514785766602
0.018884658813476562
0.019999980926513672
0.013471364974975586
0.01384425163269043
0.0089263916015625
0.01240396499633789
0.013865232467651367
0.013004302978515625
0.012824296951293945
0.011920452117919922
0.013006210327148438
0.008917570114135742
0.007853984832763672
0.008042573928833008
0.015009641647338867
0.010857343673706055
0.012824535369873047
0.0107879638671875
0.00997304916381836
0.019970178604125977
0.01703190803527832
0.01100015640258789
0.009975433349609375
0.017949342727661133
0.019976139068603516
0.011000633239746094
0.007860660552978516
0.009867429733276367
0.024999380111694336
0.013968467712402344
0.008817434310913086
0.008967161178588867
0.009973526000976562
0.011963129043579102
0.009979486465454102
0.007791042327880859
0.008922576904296875
0.007776975631713867
0.009305715560913086
0.00935673713684082
0.0200502872467041
0.019797801971435547
0.025040149688720703
0.026001691818237305
0.013829946517944336
0.025849342346191406
0.03984260559082031
0.009994745254516602
0.007909059524536133
0.007795572280883789
0.007855892181396484
0.013030529022216797
0.007815837860107422
0.0076329708099365234
0.007851600646972656
0.011856555938720703
0.009991168975830078
0.008858680725097656
0.008859395980834961
0.00900411605834961
0.006805896759033203
0.009003639221191406
0.007990360260009766
0.008802175521850586
0.008001089096069336
0.007851123809814453
0.007934808731079102
0.009981870651245117
0.008415460586547852
0.008817195892333984
0.00881648063659668
0.00896763801574707
0.013961076736450195
0.014990568161010742
0.009967803955078125
0.011029243469238281
0.023011445999145508
0.01902031898498535
0.014906883239746094
0.014010906219482422
0.00881052017211914
0.009814739227294922
0.009018421173095703
0.007989168167114258
0.007844686508178711
0.008988142013549805
0.010028600692749023
0.010039567947387695
0.008835077285766602
0.01893925666809082
0.008982181549072266
0.009817361831665039
0.02396535873413086
0.021025419235229492
0.017026662826538086
0.018006324768066406
0.013866662979125977
0.021059751510620117
0.015040397644042969
0.014850854873657227
0.013063907623291016
0.009990930557250977
0.014034032821655273
0.016005754470825195
0.01603221893310547
0.011953592300415039
0.008939981460571289
0.008333921432495117
0.006921291351318359
0.009924888610839844
0.008941173553466797
0.01004648208618164
0.007868051528930664
0.008816003799438477
0.007807016372680664
0.008989334106445312
0.008852720260620117
0.009001731872558594
0.013999462127685547
0.014007568359375
0.009964704513549805
0.00792837142944336
0.009289264678955078
0.011811017990112305
0.012826681137084961
0.008819580078125
0.007028102874755859
0.010006904602050781
0.007987737655639648
0.008974075317382812
0.009970664978027344
0.012964248657226562
0.01397085189819336
0.015951871871948242
0.015017271041870117
0.008863210678100586
0.00989389419555664
0.010975837707519531
0.008855342864990234
0.011998891830444336
0.010991334915161133
0.007816314697265625
0.008998870849609375
0.013866662979125977
0.013972282409667969
0.015000581741333008
0.009819507598876953
0.00883340835571289
0.00900125503540039
0.009945154190063477
0.009864330291748047
0.009006500244140625
0.010949134826660156
0.009992837905883789
0.006926298141479492
0.007861137390136719
0.012753009796142578
0.03396868705749512
0.03996849060058594
0.023996591567993164
0.010010957717895508
0.008925199508666992
0.009975194931030273
0.009989023208618164
0.013962507247924805
0.008856773376464844
0.009945392608642578
0.009000539779663086
0.008863687515258789
0.009001016616821289
0.008006811141967773
0.007924318313598633
0.008849859237670898
0.008960723876953125
0.007935047149658203
0.012988805770874023
0.013041496276855469
0.014004945755004883
0.011957406997680664
0.012001514434814453
0.009818315505981445
0.009037494659423828
0.010021686553955078
0.022946834564208984
0.008928537368774414
0.00896453857421875
0.008969306945800781
0.015947341918945312
0.017001628875732422
0.013946056365966797
0.013962745666503906
0.014033317565917969
0.009007692337036133
0.00703120231628418
0.008000850677490234
0.009861469268798828
0.012003660202026367
0.00898289680480957
0.009855985641479492
0.007975101470947266
0.009020566940307617
0.011005163192749023
0.007996797561645508
0.007997512817382812
0.010000944137573242
0.012015342712402344
0.0078084468841552734
0.007958650588989258
0.008318901062011719
0.008051872253417969
0.00800633430480957
0.007848501205444336
0.008788585662841797
0.011057376861572266
0.007816076278686523
0.007866859436035156
0.007813453674316406
0.009812355041503906
0.009003400802612305
0.013871908187866211
0.01300048828125
0.013990163803100586
0.007996082305908203
0.010860919952392578
0.007822513580322266
0.008984565734863281
0.009043455123901367
0.008867740631103516
0.007828474044799805
0.007990360260009766
0.009931802749633789
0.007914543151855469
0.01585841178894043
0.01895427703857422
0.0077762603759765625
0.008931636810302734
0.007976293563842773
0.008888721466064453
0.009809494018554688
0.012929677963256836
0.013002395629882812
0.007782459259033203
0.008811235427856445
0.00837397575378418
0.00901031494140625
0.008914470672607422
0.009967565536499023
0.007971048355102539
0.013032197952270508
0.013016223907470703
0.007784128189086914
0.007920980453491211
0.03098917007446289
0.023008346557617188
0.010997295379638672
0.013938188552856445
0.011957645416259766
0.013002395629882812
0.008989810943603516
0.008945941925048828
0.010817289352416992
0.011019468307495117
0.012000322341918945
0.012014627456665039
0.01295781135559082
0.01281428337097168
0.012998104095458984
0.009855985641479492
0.00900721549987793
0.011967658996582031
0.010870695114135742
0.013038873672485352
0.016028404235839844
0.011024236679077148
0.009968280792236328
0.009970426559448242
0.010033369064331055
0.009964227676391602
0.013969898223876953
0.015004396438598633
0.01282644271850586
0.01700139045715332
0.007985830307006836
0.00877833366394043
0.007974386215209961
0.010828256607055664
0.006849765777587891
0.01586174964904785
0.011003971099853516
0.014002561569213867
0.012474298477172852
0.010852575302124023
0.00884866714477539
0.0077724456787109375
0.007822990417480469
0.007937192916870117
0.009860992431640625
0.008857250213623047
0.009951114654541016
0.0070073604583740234
0.007014751434326172
0.008851051330566406
0.010981082916259766
0.007995367050170898
0.012010812759399414
0.013031244277954102
0.01102137565612793
0.02900099754333496
0.008996725082397461
0.025006532669067383
0.02698993682861328
0.011820793151855469
0.01396942138671875
0.011060237884521484
0.02399730682373047
0.017978906631469727
0.013990163803100586
0.0160675048828125
0.00797724723815918
0.011022329330444336
0.008065223693847656
0.007975578308105469
0.009812593460083008
0.007808685302734375
0.007815122604370117
0.008859634399414062
0.007818937301635742
0.010930776596069336
0.010998010635375977
0.012999773025512695
0.007996797561645508
0.008329391479492188
0.008003950119018555
0.0074002742767333984
0.00799870491027832
0.00886225700378418
0.00900125503540039
0.00781393051147461
0.008813619613647461
0.016973018646240234
0.009038209915161133
0.008823633193969727
0.007823467254638672
0.007939577102661133
0.011937379837036133
0.010973691940307617
0.012020349502563477
0.011813640594482422
0.011984109878540039
0.008307695388793945
0.007997989654541016
0.010925769805908203
0.011998891830444336
0.013808965682983398
0.01399683952331543
0.007791757583618164
0.013003110885620117
0.011998653411865234
0.011001825332641602
0.012923717498779297
0.011994361877441406
0.011000394821166992
0.013045072555541992
0.012995243072509766
0.014974117279052734
0.01270151138305664
0.007925748825073242
0.008985280990600586
0.009783029556274414
0.007862091064453125
0.008968830108642578
0.009814023971557617
0.00893092155456543
0.008864641189575195
0.007998466491699219
0.011905670166015625
0.017000436782836914
0.00897979736328125
0.009965181350708008
0.010975122451782227
0.011005401611328125
0.00897979736328125
0.009002208709716797
0.011778831481933594
0.010999441146850586
0.01181173324584961
0.01201486587524414
0.011005640029907227
0.01000356674194336
0.007040500640869141
0.009964227676391602
0.009906291961669922
0.007928609848022461
0.008019447326660156
0.010818958282470703
0.010995626449584961
0.008800029754638672
0.0248868465423584
0.03887343406677246
0.032006025314331055
0.02899909019470215
0.008996725082397461
0.008005142211914062
0.007961034774780273
0.007998943328857422
0.01998114585876465
0.008812189102172852
0.010824441909790039
0.010015010833740234
0.009027957916259766
0.010827064514160156
0.00983572006225586
0.00898885726928711
0.009033918380737305
0.010004758834838867
0.009009122848510742
0.010966777801513672
0.010035991668701172
0.009974002838134766
0.009986400604248047
0.009964466094970703
0.009944438934326172
0.011976242065429688
0.00999760627746582
0.011003732681274414
0.008923768997192383
0.02198314666748047
0.021999359130859375
0.019811153411865234
0.011519193649291992
0.01699995994567871
0.01399683952331543
0.007999181747436523
0.009999990463256836
0.008997678756713867
0.009996891021728516
0.015988588333129883
0.009052515029907227
0.008850574493408203
0.00785684585571289
0.010977983474731445
0.008862733840942383
0.008852481842041016
0.007990598678588867
0.008850336074829102
0.008966445922851562
0.008977413177490234
0.00785517692565918
0.01132345199584961
0.011999845504760742
0.013013839721679688
0.007857084274291992
0.007923364639282227
0.00785970687866211
0.008815765380859375
0.009810686111450195
0.008333444595336914
0.00799703598022461
0.007348537445068359
0.010979175567626953
0.008910894393920898
0.015021562576293945
0.01801896095275879
0.013983488082885742
0.012260675430297852
0.012009620666503906
0.008325338363647461
0.008815765380859375
0.011062145233154297
0.00882267951965332
0.008811473846435547
0.008985042572021484
0.008826732635498047
0.006911039352416992
0.007808685302734375
0.010005712509155273
0.013816595077514648
0.008994817733764648
0.00989532470703125
0.008869647979736328
0.01003122329711914
0.011812448501586914
0.010994195938110352
0.009005546569824219
0.008996009826660156
0.01000666618347168
0.010991096496582031
0.008938789367675781
0.010977983474731445
0.011992216110229492
0.011010885238647461
0.008807182312011719
0.011002302169799805
0.01098179817199707
0.012821435928344727
0.012005329132080078
0.007817506790161133
0.008802652359008789
0.007950305938720703
0.008821964263916016
0.00996541976928711
0.011975765228271484
0.009860038757324219
0.01397085189819336
0.012979269027709961
0.07501053810119629
0.029004573822021484
0.0069315433502197266
0.019945383071899414
0.014956474304199219
0.009003877639770508
0.01091623306274414
0.018944740295410156
0.008995532989501953
0.007985830307006836
0.009010553359985352
0.009865999221801758
0.010969400405883789
0.007899284362792969
0.011822223663330078
0.011421442031860352
0.008935213088989258
0.007855653762817383
0.009000539779663086
0.007857084274291992
0.008937358856201172
0.008948087692260742
0.007862091064453125
0.009001970291137695
0.00885629653930664
0.0079345703125
0.012002944946289062
0.009994745254516602
0.0070018768310546875
0.012832164764404297
0.009034395217895508
0.007973432540893555
0.007987499237060547
0.008002519607543945
0.007947921752929688
0.008998632431030273
0.008854389190673828
0.008987903594970703
0.006845951080322266
0.013969898223876953
0.01699662208557129
0.009003639221191406
0.010999679565429688
0.01095271110534668
0.010021448135375977
0.009995698928833008
0.013995170593261719
0.016997814178466797
0.014995574951171875
0.008027315139770508
0.012539386749267578
0.014540910720825195
0.00785684585571289
0.007861137390136719
0.009966135025024414
0.017989635467529297
0.02197742462158203
0.020003080368041992
0.009994745254516602
0.007311582565307617
0.008015155792236328
0.008857965469360352
0.009995698928833008
0.007779598236083984
0.010020256042480469
0.008852958679199219
0.008002042770385742
0.008040428161621094
0.009028196334838867
0.007057666778564453
0.00793600082397461
0.010973215103149414
0.008811712265014648
0.007965564727783203
0.016813039779663086
0.018955469131469727
0.008814573287963867
0.009060382843017578
0.008666276931762695
0.008917808532714844
0.007970571517944336
0.007993221282958984
0.0218203067779541
0.008973836898803711
0.009942293167114258
0.014999628067016602
0.015993833541870117
0.007930755615234375
0.007806062698364258
0.008002996444702148
0.0069925785064697266
0.008814811706542969
0.00884556770324707
0.007925748825073242
0.008018255233764648
0.010804414749145508
0.01101231575012207
0.009963512420654297
0.010979890823364258
0.00998687744140625
0.007829904556274414
0.008864402770996094
0.007856607437133789
0.009816884994506836
0.008004426956176758
0.007968425750732422
0.00782465934753418
0.008963346481323242
0.01202535629272461
0.009994983673095703
0.009029865264892578
0.008996248245239258
0.01100778579711914
0.007950544357299805
0.008908510208129883
0.012029886245727539
0.01400136947631836
0.008987903594970703
0.008963346481323242
0.009943723678588867
0.018812179565429688
0.021028518676757812
0.01403498649597168
0.01282954216003418
0.008854389190673828
0.008996963500976562
0.011821508407592773
0.011003732681274414
0.010997295379638672
0.02782607078552246
0.017996549606323242
0.01494908332824707
0.008028507232666016
0.01499176025390625
0.015982866287231445
0.008947610855102539
0.009015321731567383
0.012010574340820312
0.008018016815185547
0.01002359390258789
0.011002540588378906
0.0083160400390625
0.009027242660522461
0.008991241455078125
0.01702427864074707
0.015990734100341797
0.019955873489379883
0.011036872863769531
0.011014223098754883
0.01298975944519043
0.00801396369934082
0.008982419967651367
0.01999950408935547
0.023000240325927734
0.020012617111206055
0.008938312530517578
0.008823156356811523
0.020934343338012695
0.008075714111328125
0.008932352066040039
0.009332656860351562
0.01093149185180664
0.016979217529296875
0.01500082015991211
0.010003089904785156
0.011816024780273438
0.010979413986206055
0.010013103485107422
0.008814096450805664
0.012007951736450195
0.013986349105834961
0.015009164810180664
0.011999368667602539
0.008038520812988281
0.00829315185546875
0.008996248245239258
0.00786280632019043
0.00886225700378418
0.008081197738647461
0.009844779968261719
0.008982419967651367
0.00786590576171875
0.007914543151855469
0.007868528366088867
0.010994434356689453
0.007923364639282227
0.01598811149597168
0.008972644805908203
0.011003732681274414
0.008918523788452148
0.012039422988891602
0.010038137435913086
0.010044574737548828
0.01303243637084961
0.023906946182250977
0.014957666397094727
0.010944128036499023
0.009001493453979492
0.010370254516601562
0.00932168960571289
0.01499485969543457
0.010001182556152344
0.014993906021118164
0.013009786605834961
0.007855892181396484
0.00881648063659668
0.02283954620361328
0.02695178985595703
0.01290583610534668
0.012920856475830078
0.007927179336547852
0.013936519622802734
0.01604294776916504
0.008012056350708008
0.00786280632019043
0.013009071350097656
0.009050607681274414
0.010994911193847656
0.010001420974731445
0.009992361068725586
0.00900411605834961
0.009978294372558594
0.007993459701538086
0.014002561569213867
0.032901763916015625
0.03597450256347656
0.025980472564697266
0.020982980728149414
0.009970426559448242
0.006933927536010742
0.010969161987304688
0.009965181350708008
0.00900411605834961
0.00781702995300293
0.020723581314086914
0.021054506301879883
0.011904001235961914
0.007809638977050781
0.01686263084411621
0.01783132553100586
0.011003494262695312
0.010997533798217773
0.013997077941894531
0.008800745010375977
0.009819984436035156
0.010000467300415039
0.013073205947875977
0.012006759643554688
0.009807109832763672
0.008003711700439453
0.009035587310791016
0.009003639221191406
0.008007526397705078
0.0169675350189209
0.033948421478271484
0.03194308280944824
0.009905099868774414
0.010002851486206055
0.009997129440307617
0.01885366439819336
0.017992734909057617
0.009000539779663086
0.012001752853393555
0.01000833511352539
0.008998394012451172
0.011131763458251953
0.02798771858215332
0.0339815616607666
0.010894536972045898
0.014972686767578125
0.009801149368286133
0.015961647033691406
0.01200103759765625
0.010769128799438477
0.009005069732666016
0.014827966690063477
0.014825820922851562
0.009999513626098633
0.009908914566040039
0.01592230796813965
0.017946481704711914
0.008819580078125
0.010827302932739258
0.009001016616821289
0.011039257049560547
0.008990764617919922
0.009323358535766602
0.008986234664916992
0.011972904205322266
0.013997554779052734
0.00680851936340332
0.008860111236572266
0.007962942123413086
0.0068531036376953125
0.009656906127929688
0.008845806121826172
0.01100921630859375
0.008295536041259766
0.01186680793762207
0.011995315551757812
0.011830329895019531
0.009975433349609375
0.010993003845214844
0.008861541748046875
0.00891566276550293
0.008000850677490234
0.00892782211303711
0.007932662963867188
0.00801706314086914
0.008811712265014648
0.008821964263916016
0.010986089706420898
0.00898599624633789
0.008023738861083984
0.011006593704223633
0.008861303329467773
0.00787210464477539
0.02303910255432129
0.013854265213012695
0.014863967895507812
0.015984773635864258
0.014933347702026367
0.014843940734863281
0.014034509658813477
0.0160219669342041
0.015031099319458008
0.008948326110839844
0.008996009826660156
0.009921073913574219
0.00997018814086914
0.017950057983398438
0.017006397247314453
0.011989116668701172
0.010986089706420898
0.010982513427734375
0.008890390396118164
0.010001182556152344
0.007997274398803711
0.009003162384033203
0.008993148803710938
0.008408784866333008
0.007813453674316406
0.009041786193847656
0.00781393051147461
0.013918876647949219
0.014952659606933594
0.010011672973632812
0.013846874237060547
0.012854337692260742
0.011873483657836914
0.013027667999267578
0.012988567352294922
0.01586008071899414
0.017049074172973633
0.016031503677368164
0.02000594139099121
0.018998384475708008
0.010825157165527344
0.00916290283203125
0.015937089920043945
0.008992671966552734
0.00997161865234375
0.009998559951782227
0.015983104705810547
0.01701974868774414
0.012004613876342773
0.011967182159423828
0.01281881332397461
0.007983207702636719
0.01352238655090332
0.010004520416259766
0.008945465087890625
0.01297760009765625
0.011039257049560547
0.0078084468841552734
0.007965326309204102
0.00996851921081543
0.010005474090576172
0.02083897590637207
0.014973640441894531
0.01000833511352539
0.010831356048583984
0.010959386825561523
0.010788917541503906
0.01002645492553711
0.009868860244750977
0.009935855865478516
0.007818460464477539
0.007822275161743164
0.007803916931152344
0.008919477462768555
0.009807825088500977
0.012999296188354492
0.013962745666503906
0.014016866683959961
0.010987520217895508
0.009004831314086914
0.00893092155456543
0.009964227676391602
0.009819507598876953
0.00894021987915039
0.009855270385742188
0.021999359130859375
0.020003557205200195
0.009047746658325195
0.01000356674194336
0.0088653564453125
0.007965087890625
0.009864568710327148
0.022854089736938477
0.0250089168548584
0.01498556137084961
0.008965492248535156
0.008871793746948242
0.011033296585083008
0.009862899780273438
0.009856939315795898
0.0139617919921875
0.014998674392700195
0.011003494262695312
0.0090484619140625
0.008028030395507812
0.010005712509155273
0.00793600082397461
0.00701451301574707
0.008853912353515625
0.007926702499389648
0.008995532989501953
0.02499985694885254
0.0149688720703125
0.010870218276977539
0.009864091873168945
0.00786137580871582
0.01090860366821289
0.010993242263793945
0.012857437133789062
0.013004779815673828
0.01186990737915039
0.012954950332641602
0.011008977890014648
0.008848190307617188
0.008830547332763672
0.008051156997680664
0.010994672775268555
0.008934736251831055
0.007950544357299805
0.008856534957885742
0.009012699127197266
0.013997554779052734
0.01703953742980957
0.012999296188354492
0.014906644821166992
0.015014410018920898
0.014980792999267578
0.013861894607543945
0.013852357864379883
0.013882637023925781
0.010995864868164062
0.007811546325683594
0.009853839874267578
0.008879899978637695
0.007932901382446289
0.008985757827758789
0.00887608528137207
0.008971452713012695
0.008965730667114258
0.028856754302978516
0.02899169921875
0.014860153198242188
0.024036169052124023
0.022017717361450195
0.016045808792114258
0.007855653762817383
0.010861396789550781
0.011000633239746094
0.011994600296020508
0.014306068420410156
0.013981342315673828
0.014017581939697266
0.009973526000976562
0.010967493057250977
0.013007402420043945
0.011970996856689453
0.01098012924194336
0.010990381240844727
0.01229548454284668
0.009019851684570312
0.008855104446411133
0.007868051528930664
0.008054018020629883
0.011347055435180664
0.011417388916015625
0.012980937957763672
0.008982419967651367
0.009964704513549805
0.010850191116333008
0.012989997863769531
0.008963346481323242
0.009853124618530273
0.008818626403808594
0.019809246063232422
0.01999497413635254
0.007941961288452148
0.00891423225402832
0.0088653564453125
0.008972406387329102
0.009968280792236328
0.009973526000976562
0.013972282409667969
0.011967182159423828
0.008973121643066406
0.010995864868164062
0.010995149612426758
0.011972188949584961
0.008042573928833008
0.010009765625
0.009876012802124023
0.020979642868041992
0.024866104125976562
0.0130157470703125
0.011934280395507812
0.010002374649047852
0.008964061737060547
0.013865232467651367
0.016824007034301758
0.013999700546264648
0.009994268417358398
0.010991573333740234
0.008824825286865234
0.007807016372680664
0.02199697494506836
0.027002573013305664
0.017012596130371094
0.017995357513427734
0.012926340103149414
0.021944284439086914
0.00891566276550293
0.02100968360900879
0.008965730667114258
0.008772611618041992
0.008921384811401367
0.009004592895507812
0.010967493057250977
0.00784921646118164
0.008982181549072266
0.034423828125
0.0354619026184082
0.03848886489868164
0.008819818496704102
0.00985407829284668
0.010987520217895508
0.012984752655029297
0.009979963302612305
0.012011289596557617
0.009043216705322266
0.009845256805419922
0.007921218872070312
0.008810281753540039
0.008028745651245117
0.006926298141479492
0.008375883102416992
0.012817144393920898
0.010991811752319336
0.008820772171020508
0.009999990463256836
0.007803440093994141
0.006811857223510742
0.01985478401184082
0.018996477127075195
0.008790254592895508
0.009004354476928711
0.010030984878540039
0.01099085807800293
0.007920980453491211
0.00797891616821289
0.00881195068359375
0.011826753616333008
0.01000213623046875
0.00899505615234375
0.02400827407836914
0.02498602867126465
0.010909318923950195
0.010908126831054688
0.024970293045043945
0.03298640251159668
0.030968904495239258
0.007863521575927734
0.009003877639770508
0.008885383605957031
0.009037971496582031
0.006924867630004883
0.008987903594970703
0.01992630958557129
0.013462066650390625
0.00992894172668457
0.014918088912963867
0.0159912109375
0.009849309921264648
0.010866641998291016
0.01100468635559082
0.0110015869140625
0.008008003234863281
0.007817983627319336
0.007822990417480469
0.007926225662231445
0.009816408157348633
0.009963750839233398
0.011011600494384766
0.01093602180480957
0.009999513626098633
0.010910511016845703
0.009040117263793945
0.008826255798339844
0.008927345275878906
0.009334087371826172
0.012824058532714844
0.012006998062133789
0.008838415145874023
0.010820627212524414
0.010014772415161133
0.009024620056152344
0.009468317031860352
0.020789623260498047
0.01797628402709961
0.011996030807495117
0.008069515228271484
0.014832019805908203
0.024004459381103516
0.016846895217895508
0.015017032623291016
0.01595306396484375
0.00934600830078125
0.008040189743041992
0.01395559310913086
0.012013673782348633
0.009969234466552734
0.008978605270385742
0.010980844497680664
0.009006261825561523
0.00900888442993164
0.017925739288330078
0.02201533317565918
0.011810779571533203
0.007822036743164062
0.007848978042602539
0.008009910583496094
0.007881879806518555
0.010004043579101562
0.007988929748535156
0.011967658996582031
0.010996341705322266
0.008916139602661133
0.015001535415649414
0.01798081398010254
0.016010284423828125
0.007863521575927734
0.008828878402709961
0.007855892181396484
0.012850284576416016
0.013006448745727539
0.008850336074829102
0.023989200592041016
0.014982461929321289
0.03294110298156738
0.010969400405883789
0.01300358772277832
0.008895158767700195
0.008002519607543945
0.00786447525024414
0.007987022399902344
0.012000560760498047
0.010997295379638672
0.0069272518157958984
0.008932352066040039
0.00785064697265625
0.007851362228393555
0.02699756622314453
0.026012897491455078
0.017933368682861328
0.019941091537475586
0.011004924774169922
0.008976459503173828
0.013069629669189453
0.012933731079101562
0.014869928359985352
0.014002323150634766
0.011004924774169922
0.0080108642578125
0.008008241653442383
0.007890939712524414
0.0069768428802490234
0.011785268783569336
0.012988805770874023
0.008823156356811523
0.008930444717407227
0.007798671722412109
0.007941246032714844
0.007986783981323242
0.0130157470703125
0.012000799179077148
0.010007381439208984
0.007822275161743164
0.008788108825683594
0.007816076278686523
0.007812023162841797
0.019832372665405273
0.016943931579589844
0.009977340698242188
0.013913393020629883
0.016953468322753906
0.012872695922851562
0.01586174964904785
0.01286768913269043
0.0138702392578125
0.011970281600952148
0.021868467330932617
0.022866010665893555
0.013018369674682617
0.02301621437072754
0.024738550186157227
0.014823675155639648
0.010973691940307617
0.012905597686767578
0.014945745468139648
0.011973142623901367
0.009005308151245117
0.00887441635131836
0.008781909942626953
0.007934093475341797
0.022960662841796875
0.011972427368164062
0.008000850677490234
0.009822368621826172
0.009002208709716797
0.008847236633300781
0.00998997688293457
0.013822078704833984
0.013817310333251953
0.017003774642944336
0.009002208709716797
0.008860588073730469
0.009034395217895508
0.008813142776489258
0.008788824081420898
0.008986473083496094
0.007984161376953125
0.007970571517944336
0.008974075317382812
0.007863044738769531
0.008812427520751953
0.00881814956665039
0.010003805160522461
0.01002645492553711
0.009005546569824219
0.011997222900390625
0.01100015640258789
0.00882720947265625
0.008831024169921875
0.010857343673706055
0.011003255844116211
0.008863449096679688
0.009862184524536133
0.013859033584594727
0.012989521026611328
0.00900721549987793
0.009966373443603516
0.007904052734375
0.007865190505981445
0.01384282112121582
0.013431310653686523
0.015012502670288086
0.01699209213256836
0.008862018585205078
0.020994186401367188
0.01999664306640625
0.012861490249633789
0.013004779815673828
0.022888898849487305
0.02397632598876953
0.020985126495361328
0.00800013542175293
0.010965108871459961
0.008962392807006836
0.01097249984741211
0.009977340698242188
0.022861242294311523
0.020987987518310547
0.009858131408691406
0.009868144989013672
0.009973526000976562
0.032553672790527344
0.03366899490356445
0.023967266082763672
0.014943838119506836
0.014836549758911133
0.01296377182006836
0.00982046127319336
0.009969472885131836
0.008990764617919922
0.00800013542175293
0.008996725082397461
0.008974552154541016
0.021835803985595703
0.03093433380126953
0.024996519088745117
0.015002012252807617
0.008997440338134766
0.009987354278564453
0.009992599487304688
0.012005805969238281
0.013937711715698242
0.011916875839233398
0.02502298355102539
0.015818119049072266
0.010984420776367188
0.007976770401000977
0.013000011444091797
0.011997461318969727
0.007995367050170898
0.012005090713500977
0.009827136993408203
0.008996725082397461
0.00879216194152832
0.008985280990600586
0.008812427520751953
0.008931398391723633
0.007930755615234375
0.010008096694946289
0.00704503059387207
0.007930755615234375
0.007824420928955078
0.00999760627746582
0.008818864822387695
0.008863449096679688
0.009974956512451172
0.00834035873413086
0.007782459259033203
0.014932394027709961
0.008967161178588867
0.010903120040893555
0.007938385009765625
0.00998544692993164
0.011017322540283203
0.010993719100952148
0.007999181747436523
0.007859945297241211
0.009000062942504883
0.007935047149658203
0.008860111236572266
0.008852005004882812
0.007841825485229492
0.012967109680175781
0.01092076301574707
0.009909391403198242
0.007997989654541016
0.008014678955078125
0.007862091064453125
0.007875442504882812
0.008014440536499023
0.007939815521240234
0.008392333984375
0.009856224060058594
0.010010719299316406
0.01001119613647461
0.009896278381347656
0.008959770202636719
0.01390695571899414
0.014003992080688477
0.008855342864990234
0.008954048156738281
0.019902706146240234
0.02198338508605957
0.02088451385498047
0.01999807357788086
0.018997907638549805
0.009827136993408203
0.008951663970947266
0.009013652801513672
0.007972240447998047
0.01398468017578125
0.008963346481323242
0.011017799377441406
0.008997440338134766
0.011979341506958008
0.008971691131591797
0.008974790573120117
0.01290583610534668
0.024093151092529297
0.026986360549926758
0.026039838790893555
0.007930278778076172
0.014822006225585938
0.009825706481933594
0.008989095687866211
0.010976791381835938
0.013013124465942383
0.010991334915161133
0.00992894172668457
0.008348464965820312
0.015047788619995117
0.014816999435424805
0.015932798385620117
0.015996932983398438
0.007923603057861328
0.00899648666381836
0.011823415756225586
0.009812116622924805
0.010006189346313477
0.009980440139770508
0.009004354476928711
0.010999441146850586
0.010999202728271484
0.011011123657226562
0.01100778579711914
0.01090550422668457
0.008900642395019531
0.00802755355834961
0.01998138427734375
0.016017913818359375
0.008016109466552734
0.008723258972167969
0.010913372039794922
0.008022069931030273
0.008812904357910156
0.013855695724487305
0.014857292175292969
0.008854389190673828
0.012846708297729492
0.0279691219329834
0.012868404388427734
0.00880575180053711
0.007814407348632812
0.008001089096069336
0.008010625839233398
0.008814334869384766
0.00874781608581543
0.010970830917358398
0.008867740631103516
0.007953882217407227
0.009961843490600586
0.008011341094970703
0.02003169059753418
0.010991811752319336
0.008821249008178711
0.007858991622924805
0.007010698318481445
0.010822772979736328
0.024835824966430664
0.01895308494567871
0.010000944137573242
0.019823551177978516
0.025830984115600586
0.029941797256469727
0.014890670776367188
0.009855985641479492
0.008937597274780273
0.007822036743164062
0.009543657302856445
