0.3019998073577881
0.00798940658569336
0.007001638412475586
0.00835561752319336
0.010977745056152344
0.008002042770385742
0.009785175323486328
0.011910200119018555
0.02501845359802246
0.008817672729492188
0.008991718292236328
0.008856058120727539
0.008913040161132812
0.011979341506958008
0.008827686309814453
0.011000633239746094
0.00997018814086914
0.01685500144958496
0.01200556755065918
0.010987043380737305
0.008965492248535156
0.025818586349487305
0.00901937484741211
0.022733688354492188
0.024003267288208008
0.009847879409790039
0.012813568115234375
0.01179361343383789
0.01887655258178711
0.007973194122314453
0.01098489761352539
0.008911609649658203
0.023807525634765625
0.007995128631591797
0.022822141647338867
0.0228424072265625
0.007937192916870117
0.009778022766113281
0.025900840759277344
0.031992435455322266
0.009810209274291992
0.024882078170776367
0.008858203887939453
0.013930559158325195
0.011000871658325195
0.009856700897216797
0.01085805892944336
0.010004997253417969
0.011044025421142578
0.009348154067993164
0.009005546569824219
0.009021520614624023
0.02512526512145996
0.014853715896606445
0.008006572723388672
0.009818077087402344
0.012860774993896484
0.00802922248840332
0.010965824127197266
0.014878988265991211
0.008814811706542969
0.008790254592895508
0.008968353271484375
0.00985097885131836
0.008001565933227539
0.007929563522338867
0.009788751602172852
0.010007143020629883
0.009087800979614258
0.007934331893920898
0.009970664978027344
0.023993492126464844
0.008814096450805664
0.008794784545898438
0.018810510635375977
0.023036718368530273
0.009007692337036133
0.02402186393737793
0.00801706314086914
0.007768392562866211
0.007818937301635742
0.009861469268798828
0.01390218734741211
0.011824846267700195
0.008005380630493164
0.008971452713012695
0.024044275283813477
0.00999593734741211
0.008779525756835938
0.009867191314697266
0.00997018814086914
0.009023904800415039
0.02496957778930664
0.008292913436889648
0.008888006210327148
0.009050369262695312
0.008975505828857422
0.012854814529418945
0.009865522384643555
0.022868633270263672
0.008032560348510742
0.008006572723388672
0.012853145599365234
0.010981559753417969
0.021982669830322266
0.012039422988891602
0.008958816528320312
0.007977008819580078
0.007831573486328125
0.016907691955566406
0.009989500045776367
0.010997533798217773
0.007985591888427734
0.0078277587890625
0.014813423156738281
0.010979652404785156
0.02409219741821289
0.0078277587890625
0.025038957595825195
0.007817268371582031
0.008821964263916016
0.008915424346923828
0.0238797664642334
0.008845090866088867
0.008861064910888672
0.009996175765991211
0.029868602752685547
0.007930517196655273
0.008810281753540039
0.01194310188293457
0.013471126556396484
0.009816646575927734
0.008848428726196289
0.015811920166015625
0.008988142013549805
0.015866756439208984
0.00997304916381836
0.008020401000976562
0.010058879852294922
0.008910417556762695
0.01081228256225586
0.02410292625427246
0.009912729263305664
0.007933616638183594
0.014821767807006836
0.008768320083618164
0.010990381240844727
0.009009361267089844
0.014036417007446289
0.008965253829956055
0.023103952407836914
0.00802159309387207
0.022907257080078125
0.008818387985229492
0.009999990463256836
0.02382349967956543
0.009937763214111328
0.024008750915527344
0.00777888298034668
0.008861064910888672
0.022966861724853516
0.007997751235961914
0.008857965469360352
0.012965679168701172
0.008843660354614258
0.00793600082397461
0.008397102355957031
0.013826847076416016
0.02283644676208496
0.007781028747558594
0.010968208312988281
0.007996797561645508
0.007936477661132812
0.009965658187866211
0.009008407592773438
0.02503061294555664
0.010973691940307617
0.021831274032592773
0.011019229888916016
0.009023427963256836
0.009074926376342773
0.008934736251831055
0.024838924407958984
0.014955997467041016
0.008994579315185547
0.006917238235473633
0.008816719055175781
0.007941484451293945
0.00881814956665039
0.008931875228881836
0.009979486465454102
0.023848295211791992
0.009983301162719727
0.008998632431030273
0.00800180435180664
0.0080413818359375
0.009011983871459961
0.008350133895874023
0.021779537200927734
0.020977258682250977
0.009819269180297852
0.02498459815979004
0.015903949737548828
0.026042938232421875
0.013055086135864258
0.008903026580810547
0.008061647415161133
0.009930133819580078
0.014997243881225586
0.009926795959472656
0.010857820510864258
0.009998559951782227
0.022823333740234375
0.0089111328125
0.007816553115844727
0.0250089168548584
0.008819818496704102
0.008940458297729492
0.01000523567199707
0.009995222091674805
0.009001493453979492
0.02015209197998047
0.009810447692871094
0.008311748504638672
0.008938789367675781
0.01102447509765625
0.025012969970703125
0.016041040420532227
0.009968042373657227
0.009025335311889648
0.014864683151245117
0.008296489715576172
0.008814334869384766
0.007901430130004883
0.007934093475341797
0.007823467254638672
0.007932662963867188
0.010010004043579102
0.009859561920166016
0.0168302059173584
0.009319305419921875
0.007975101470947266
0.009001970291137695
0.009975194931030273
0.007849454879760742
0.011001110076904297
0.007814407348632812
0.008055925369262695
0.007922649383544922
0.010968685150146484
0.0228726863861084
0.008044242858886719
0.01080632209777832
0.007808685302734375
0.00797581672668457
0.011025667190551758
0.008858919143676758
0.011002302169799805
0.009803295135498047
0.013788461685180664
0.009857416152954102
0.007971525192260742
0.022997140884399414
0.007784128189086914
0.014834165573120117
0.018854379653930664
0.021807193756103516
0.00981903076171875
0.009991168975830078
0.0228271484375
0.008351325988769531
0.008781194686889648
0.009832143783569336
0.010977506637573242
0.0078122615814208984
0.02377772331237793
0.00977182388305664
0.007998943328857422
0.017531394958496094
0.02695322036743164
0.01580357551574707
0.008860588073730469
0.010973691940307617
0.009031534194946289
0.008817195892333984
0.01101994514465332
0.009993791580200195
0.007767438888549805
0.00982666015625
0.024841785430908203
0.014986276626586914
0.008819103240966797
0.008865594863891602
0.012857437133789062
0.007965803146362305
0.007816314697265625
0.008907318115234375
0.009975910186767578
0.008800745010375977
0.008809804916381836
