0.021875858306884766
0.011993169784545898
0.012859106063842773
0.012898445129394531
0.01304006576538086
0.013087034225463867
0.012067079544067383
0.012897014617919922
0.008325815200805664
0.007816791534423828
0.013952016830444336
0.00796818733215332
0.007915973663330078
0.006999015808105469
0.01581406593322754
0.007012128829956055
0.007942914962768555
0.006885528564453125
0.014992952346801758
0.006847858428955078
0.013874053955078125
0.014849662780761719
0.008858203887939453
0.02496623992919922
0.013859272003173828
0.013993501663208008
0.012868165969848633
0.010902881622314453
0.007990837097167969
0.007848262786865234
0.008813619613647461
0.024760007858276367
0.026002168655395508
0.014945030212402344
0.015022754669189453
0.008973360061645508
0.010975360870361328
0.008930683135986328
0.008990049362182617
0.009994745254516602
0.009005069732666016
0.011974096298217773
0.013795614242553711
0.013803482055664062
0.0149993896484375
0.014853954315185547
0.016849279403686523
0.009989261627197266
0.011005163192749023
0.009992837905883789
0.010024547576904297
0.010964632034301758
0.006941795349121094
0.02396702766418457
0.02098846435546875
0.011954069137573242
0.0077741146087646484
0.009023904800415039
0.009972572326660156
0.009998798370361328
0.012013912200927734
0.010992288589477539
0.008997917175292969
0.00903010368347168
0.013938188552856445
0.009813070297241211
0.024744033813476562
0.02098250389099121
0.008876562118530273
0.010001897811889648
0.008914947509765625
0.008852481842041016
0.007845640182495117
0.008798837661743164
0.007857561111450195
0.008822441101074219
0.00881814956665039
0.007898569107055664
0.008030414581298828
0.009927511215209961
0.007997512817382812
0.0077974796295166016
0.007980585098266602
0.00900125503540039
0.007822036743164062
0.013489723205566406
0.007977724075317383
0.007935047149658203
0.008999347686767578
0.008830070495605469
0.010004281997680664
0.012835502624511719
0.007987022399902344
0.0090484619140625
0.00792837142944336
0.007920503616333008
0.009992361068725586
0.007918596267700195
0.009964942932128906
0.008965492248535156
0.014095306396484375
0.012814044952392578
0.014997243881225586
0.011808633804321289
0.021970748901367188
0.012838125228881836
0.014969110488891602
0.00998687744140625
0.0070269107818603516
0.0078067779541015625
0.008820295333862305
0.008996009826660156
0.010005712509155273
0.009001731872558594
0.009997844696044922
0.01277780532836914
0.008821249008178711
0.007827281951904297
0.008939266204833984
0.11780405044555664
0.01804828643798828
0.008846759796142578
0.008855819702148438
0.023889780044555664
0.011866569519042969
0.011002302169799805
0.012851715087890625
0.013037681579589844
0.010037899017333984
0.010014533996582031
0.009877204895019531
0.009648323059082031
0.010918617248535156
0.008882999420166016
0.013996601104736328
0.012866973876953125
0.013826370239257812
0.00800776481628418
0.008980751037597656
0.008934497833251953
0.007811307907104492
0.007792949676513672
0.008979082107543945
0.013057231903076172
0.020998716354370117
0.02199840545654297
0.008835077285766602
0.008826017379760742
0.00882101058959961
0.008815526962280273
0.008937835693359375
0.007925271987915039
0.010976076126098633
0.007924318313598633
0.009855270385742188
0.011067390441894531
0.022954225540161133
0.023838043212890625
0.011787891387939453
0.016852855682373047
0.008030891418457031
0.01000523567199707
0.007852315902709961
0.014056921005249023
0.025091171264648438
0.021982908248901367
0.009001493453979492
0.01499319076538086
0.015041351318359375
0.010863065719604492
0.009999990463256836
0.009973526000976562
0.007925033569335938
0.008828163146972656
0.008812189102172852
0.007927417755126953
0.00899362564086914
0.008990764617919922
0.008911609649658203
0.00892782211303711
0.007943153381347656
0.008807897567749023
0.007862567901611328
0.007976770401000977
0.01097416877746582
0.00997018814086914
0.011999130249023438
0.009965896606445312
0.013818979263305664
0.009025096893310547
0.00786590576171875
0.008924245834350586
0.010005474090576172
0.008670568466186523
0.00885915756225586
0.008926868438720703
0.007858514785766602
0.007983684539794922
0.008823394775390625
0.007948160171508789
0.008018255233764648
0.009002685546875
0.02286672592163086
0.009003639221191406
0.012862443923950195
0.011999845504760742
0.00785207748413086
0.007967710494995117
0.00997018814086914
0.007933378219604492
0.022959232330322266
0.009829521179199219
0.022008180618286133
0.01284480094909668
0.008820295333862305
0.00800013542175293
0.009894132614135742
0.008823394775390625
0.006936788558959961
0.008853435516357422
0.007988691329956055
0.023999452590942383
0.013835430145263672
0.015980243682861328
0.006999492645263672
0.00997161865234375
0.009927988052368164
0.007965087890625
0.0077817440032958984
0.008812427520751953
0.008028984069824219
0.00835728645324707
0.00997614860534668
0.009998559951782227
0.008868217468261719
0.006982326507568359
0.007856369018554688
0.007851362228393555
0.025080204010009766
0.010985374450683594
0.01000523567199707
0.009984493255615234
0.01200246810913086
0.009345293045043945
0.009814262390136719
0.009998321533203125
0.008786439895629883
0.010965108871459961
0.00800180435180664
0.007999658584594727
0.007849454879760742
0.014477968215942383
0.015012025833129883
0.02405238151550293
0.009967565536499023
0.00886082649230957
0.00881814956665039
0.008338212966918945
0.007951498031616211
0.008992671966552734
0.009074687957763672
0.007999897003173828
0.007999181747436523
0.01098942756652832
0.009013652801513672
0.00897359848022461
0.013872861862182617
0.0140380859375
0.013855218887329102
0.008947372436523438
0.009364128112792969
0.02099776268005371
0.019998550415039062
0.007863521575927734
0.006947994232177734
0.008811473846435547
0.010009765625
0.012834548950195312
0.01395726203918457
0.011992931365966797
0.013958930969238281
0.02183246612548828
0.01682281494140625
0.015821456909179688
0.014967679977416992
0.012914180755615234
0.024030208587646484
0.008045196533203125
0.007990598678588867
0.009820222854614258
0.007912635803222656
0.007912158966064453
0.009979486465454102
0.006905317306518555
0.008931398391723633
0.010966062545776367
0.007822751998901367
0.007859945297241211
0.008995532989501953
0.009929656982421875
0.011990070343017578
0.009033679962158203
0.024020910263061523
0.013932466506958008
0.007988929748535156
0.007821083068847656
0.007931232452392578
0.008817434310913086
0.008826255798339844
0.014904499053955078
0.010023355484008789
0.010014533996582031
0.007795810699462891
0.008939981460571289
0.008785724639892578
0.012078523635864258
0.007817983627319336
0.014838695526123047
0.011996984481811523
0.007001638412475586
0.008978843688964844
0.007820367813110352
0.013536214828491211
0.008925914764404297
0.00998997688293457
0.010954618453979492
0.006928682327270508
0.00892186164855957
0.022819042205810547
0.009378433227539062
0.009992599487304688
0.009990692138671875
0.00883793830871582
0.009943962097167969
0.012005805969238281
0.010968685150146484
0.008356809616088867
0.01197361946105957
0.010995149612426758
0.011998414993286133
0.01885366439819336
0.016964435577392578
0.013858318328857422
0.013786792755126953
0.014959096908569336
0.010981082916259766
0.009970903396606445
0.00881505012512207
0.008972406387329102
0.008825063705444336
0.007933855056762695
0.010011672973632812
0.009927034378051758
0.008902788162231445
0.007997274398803711
0.007854700088500977
0.010242938995361328
0.009792089462280273
0.007935047149658203
0.009010791778564453
0.0078122615814208984
0.027831554412841797
0.008821964263916016
0.008853673934936523
0.00900411605834961
0.00782322883605957
0.007821798324584961
0.011002540588378906
0.022995710372924805
0.008861303329467773
0.007918596267700195
0.007964849472045898
0.010001659393310547
0.008491992950439453
0.014005661010742188
0.014025211334228516
0.00792241096496582
0.010008096694946289
0.013883829116821289
0.009937763214111328
0.024863004684448242
0.0077898502349853516
0.009032726287841797
0.01200246810913086
0.010857582092285156
0.007929086685180664
0.007820844650268555
0.008848905563354492
0.008814573287963867
0.008023262023925781
0.007981061935424805
0.011998891830444336
0.010988950729370117
0.012977838516235352
0.008862018585205078
0.008997201919555664
0.007859468460083008
0.008781194686889648
0.009044170379638672
0.010998725891113281
0.00791025161743164
0.008974790573120117
0.013869524002075195
0.012002706527709961
0.00999593734741211
0.009964942932128906
0.008893966674804688
0.007863521575927734
0.009037256240844727
0.006928682327270508
0.008255243301391602
0.007978200912475586
0.011980295181274414
0.008933544158935547
0.008961677551269531
0.01282954216003418
0.011953353881835938
0.007813215255737305
0.009014129638671875
0.008997440338134766
0.008975982666015625
0.00898599624633789
0.008992671966552734
0.022999286651611328
0.025996923446655273
0.01698589324951172
0.02595043182373047
0.013826370239257812
0.012989521026611328
0.012845993041992188
0.013055801391601562
0.009966611862182617
0.006974220275878906
0.007998228073120117
0.007949113845825195
0.00901031494140625
0.009042501449584961
0.007812023162841797
0.008959054946899414
0.007829666137695312
0.012004852294921875
0.014860391616821289
0.007980108261108398
0.008849382400512695
0.007954597473144531
0.008861303329467773
0.008852720260620117
0.007969141006469727
0.00831294059753418
0.010906457901000977
0.010051488876342773
0.008862018585205078
0.007947921752929688
0.009856224060058594
0.0088653564453125
0.008858442306518555
0.008976459503173828
0.008333683013916016
0.007845878601074219
0.013004541397094727
0.012010574340820312
0.010384082794189453
0.007989883422851562
0.00888967514038086
0.0069811344146728516
0.008861303329467773
0.008856534957885742
0.007825613021850586
0.00786137580871582
0.008028984069824219
0.008822441101074219
0.009015083312988281
0.010999441146850586
0.010032415390014648
0.01401066780090332
0.013969659805297852
0.013031721115112305
0.013900041580200195
0.010006189346313477
0.008976936340332031
0.008970975875854492
0.010016918182373047
0.00882101058959961
0.009062767028808594
0.008999347686767578
0.008203268051147461
0.008581161499023438
0.00879812240600586
0.011963605880737305
0.006932735443115234
0.010924816131591797
0.008932113647460938
0.007999420166015625
0.010987281799316406
0.008909225463867188
0.010936737060546875
0.010986089706420898
0.00799870491027832
0.014884233474731445
0.00897073745727539
0.009972572326660156
0.009994268417358398
0.009997129440307617
0.020092487335205078
0.012975931167602539
0.010826349258422852
0.010002851486206055
0.008993387222290039
0.009815692901611328
0.009963274002075195
0.012006998062133789
0.007862091064453125
0.01700878143310547
0.009824752807617188
0.025004148483276367
0.015000581741333008
0.007822513580322266
0.02481222152709961
0.02285909652709961
0.013922452926635742
0.016028165817260742
0.008029937744140625
0.023808002471923828
0.022950172424316406
0.014438152313232422
0.034992218017578125
0.031007051467895508
0.008358478546142578
0.013956069946289062
0.01182103157043457
0.012005090713500977
0.009824514389038086
0.023773193359375
0.017810821533203125
0.00881814956665039
0.02180790901184082
0.021000146865844727
0.008852720260620117
0.00786733627319336
0.008936882019042969
0.007822513580322266
0.015893220901489258
0.011033773422241211
0.014001846313476562
0.01096653938293457
0.014869213104248047
0.012027978897094727
0.013013362884521484
0.02283620834350586
0.012614250183105469
0.01001739501953125
0.016828298568725586
0.009874343872070312
0.010001420974731445
0.007999420166015625
0.024843454360961914
0.009972810745239258
0.011012077331542969
0.010985136032104492
0.007863283157348633
0.008244037628173828
0.008819103240966797
0.00899958610534668
0.008813619613647461
0.013827800750732422
0.014817953109741211
0.012867450714111328
0.012979507446289062
0.014815330505371094
0.020081520080566406
0.007900238037109375
0.008820056915283203
0.029836416244506836
0.028036117553710938
0.009925127029418945
0.008779764175415039
0.009973764419555664
0.011968851089477539
0.009970664978027344
0.011013984680175781
0.008987665176391602
0.007966279983520508
0.007986783981323242
0.00736236572265625
0.007858753204345703
0.00882267951965332
0.007930517196655273
0.00879979133605957
0.00890970230102539
0.008900165557861328
0.008817911148071289
0.007973432540893555
0.010002851486206055
0.008825302124023438
0.00881052017211914
0.008017301559448242
0.00881338119506836
0.008999347686767578
0.007272958755493164
0.008851051330566406
0.01299285888671875
0.008814334869384766
0.008991003036499023
0.008831024169921875
0.007981538772583008
0.006963253021240234
0.00787663459777832
0.008902549743652344
0.007857322692871094
0.008861303329467773
0.009856462478637695
0.007859230041503906
0.009799003601074219
0.009969234466552734
0.010991811752319336
0.010003805160522461
0.009830474853515625
0.007995128631591797
0.008452892303466797
0.007866859436035156
0.007788658142089844
0.022826194763183594
0.023033618927001953
0.020988941192626953
0.010972738265991211
0.015010833740234375
0.022811174392700195
0.025945186614990234
0.009973764419555664
0.012997627258300781
0.01000356674194336
0.010988473892211914
0.008925914764404297
0.008005857467651367
0.020997285842895508
0.010006904602050781
0.009909629821777344
0.011992931365966797
0.020065784454345703
0.008824586868286133
0.008817195892333984
0.009006977081298828
0.00785374641418457
0.008035421371459961
0.009782075881958008
0.007868528366088867
0.009998559951782227
0.007899761199951172
0.007934331893920898
0.008853912353515625
0.009021997451782227
0.021865129470825195
0.00899958610534668
0.010867834091186523
0.009817123413085938
0.01298069953918457
0.010970830917358398
0.011005163192749023
0.007859230041503906
0.006926536560058594
0.023866891860961914
0.021945476531982422
0.014038801193237305
0.009856462478637695
0.011003971099853516
0.007923364639282227
0.010813236236572266
0.010972738265991211
0.009956121444702148
0.009024620056152344
0.007942914962768555
0.00883626937866211
0.008845329284667969
0.007923126220703125
0.009038925170898438
0.007996082305908203
0.03275275230407715
0.00899815559387207
0.016986846923828125
0.016005754470825195
0.008785724639892578
0.008329391479492188
0.007998466491699219
0.009962797164916992
0.008969783782958984
0.01181793212890625
0.01207423210144043
0.008919715881347656
0.01984548568725586
0.02103281021118164
0.023041725158691406
0.009963512420654297
0.010969400405883789
0.007973909378051758
0.008821725845336914
0.007945060729980469
0.008872747421264648
0.008007287979125977
0.010001659393310547
0.008025407791137695
0.007864713668823242
0.01981067657470703
0.019115686416625977
0.019764423370361328
0.019838571548461914
0.012977123260498047
0.00779271125793457
0.009000778198242188
0.009058475494384766
0.007975101470947266
0.009817838668823242
0.009821414947509766
0.00903773307800293
0.010002851486206055
0.009999990463256836
0.011018514633178711
0.015814781188964844
0.008986473083496094
0.00803232192993164
0.008961915969848633
0.009337663650512695
0.009966135025024414
0.008959770202636719
0.011932611465454102
0.010995626449584961
0.023041248321533203
0.01982712745666504
0.01998305320739746
0.008816719055175781
0.014816761016845703
0.011939525604248047
0.009000539779663086
0.008838176727294922
0.008004903793334961
0.008316755294799805
0.010008096694946289
0.013968706130981445
0.008845090866088867
0.009847879409790039
0.008935689926147461
0.007943391799926758
0.0139007568359375
0.008962869644165039
0.01385188102722168
0.009001970291137695
0.009838581085205078
0.00886845588684082
0.011003255844116211
0.02500605583190918
0.009972333908081055
0.00895237922668457
0.007997274398803711
0.007887601852416992
0.013866662979125977
0.008814334869384766
0.00996708869934082
0.007895946502685547
0.01882004737854004
0.023031949996948242
0.009803533554077148
0.008950948715209961
0.007931232452392578
0.009815216064453125
0.010045766830444336
0.0100250244140625
0.01300191879272461
0.013988018035888672
0.012846946716308594
0.012832403182983398
0.009968996047973633
0.009999752044677734
0.007935523986816406
0.008962154388427734
0.007985353469848633
0.008002042770385742
0.009858846664428711
0.010048866271972656
0.008855819702148438
0.0077800750732421875
0.007801532745361328
0.02386951446533203
0.009017705917358398
0.00890970230102539
0.008997201919555664
0.009961128234863281
0.009031295776367188
0.00892782211303711
0.008998632431030273
0.00885462760925293
0.00982046127319336
0.009847164154052734
0.010971784591674805
0.03678536415100098
0.007796525955200195
0.014019012451171875
0.022916555404663086
0.014822006225585938
0.014872312545776367
0.00899505615234375
0.01001739501953125
0.013864755630493164
0.02287769317626953
0.01485443115234375
0.024014949798583984
0.01496267318725586
0.011857271194458008
0.010987281799316406
0.010968923568725586
0.008386611938476562
0.008923768997192383
0.09087967872619629
0.008935928344726562
0.00881338119506836
0.008358240127563477
0.007851839065551758
0.009969472885131836
0.008960962295532227
0.008331537246704102
0.010828971862792969
0.011968612670898438
0.01100301742553711
0.011020898818969727
0.010001897811889648
0.007966995239257812
0.00781559944152832
0.010005474090576172
0.008996248245239258
0.00791478157043457
0.007939815521240234
0.009872198104858398
0.007810115814208984
0.008792877197265625
0.007945060729980469
0.008033275604248047
0.009055137634277344
0.008986711502075195
0.009966135025024414
0.012936592102050781
0.010999917984008789
0.009027242660522461
0.016942739486694336
0.015830039978027344
0.008880138397216797
0.007992267608642578
0.012864828109741211
0.013850212097167969
0.02184009552001953
0.024058818817138672
0.027003765106201172
0.02199387550354004
0.008992910385131836
0.009006261825561523
0.007994890213012695
0.007930994033813477
0.00801706314086914
0.00943613052368164
0.010005474090576172
0.014808177947998047
0.01600193977355957
0.016992807388305664
0.011992692947387695
0.010040760040283203
0.009003639221191406
0.00901937484741211
0.009991884231567383
0.010005712509155273
0.007855892181396484
0.008854150772094727
0.008863687515258789
0.007831573486328125
0.007847785949707031
0.00898122787475586
0.061415910720825195
0.009998559951782227
0.008051633834838867
0.007830142974853516
0.00900411605834961
0.008945703506469727
0.010969400405883789
0.014008760452270508
0.017006397247314453
0.008008718490600586
0.006852865219116211
0.008819103240966797
0.008822917938232422
0.007816553115844727
0.014953136444091797
0.013998270034790039
0.008971214294433594
0.013062238693237305
0.008858203887939453
0.010332584381103516
0.008800745010375977
0.017015695571899414
0.016002178192138672
0.014876365661621094
0.02487969398498535
0.009974479675292969
0.023993730545043945
0.015958309173583984
0.013907670974731445
0.009386062622070312
0.008926630020141602
0.008001565933227539
0.009815454483032227
0.007986783981323242
0.009059667587280273
0.009963035583496094
0.009895563125610352
0.015002965927124023
0.014827489852905273
0.015514850616455078
0.009939908981323242
0.009892940521240234
0.007833480834960938
0.008005619049072266
0.010966300964355469
0.022881507873535156
0.009833335876464844
0.009006261825561523
0.010028839111328125
0.009944438934326172
0.008996248245239258
0.010947465896606445
0.009363412857055664
0.021981239318847656
0.01387166976928711
0.012808799743652344
0.023702144622802734
0.008816957473754883
0.01535487174987793
0.014020681381225586
0.007871389389038086
0.007944583892822266
0.010993003845214844
0.008849382400512695
0.00878763198852539
0.013972043991088867
0.013994932174682617
0.01000833511352539
0.018055438995361328
0.015839338302612305
0.018998384475708008
0.008855342864990234
0.009886741638183594
0.008822917938232422
0.007858991622924805
0.008322954177856445
0.007824897766113281
0.009000062942504883
0.010003089904785156
0.00785374641418457
0.013970613479614258
0.01805877685546875
0.020991802215576172
0.011298894882202148
0.010975360870361328
0.008981704711914062
0.010008096694946289
0.01194906234741211
0.009018659591674805
0.010003328323364258
0.02391648292541504
0.01799178123474121
0.017005443572998047
0.008043050765991211
0.008925676345825195
0.007822275161743164
0.007856607437133789
0.008005142211914062
0.02180314064025879
0.010940790176391602
0.01004171371459961
0.010965347290039062
0.009022235870361328
0.007939338684082031
0.006919384002685547
0.013942956924438477
0.012001276016235352
0.010018110275268555
0.008007049560546875
0.014820337295532227
0.012980461120605469
0.011013031005859375
0.00882411003112793
0.006985664367675781
0.009984254837036133
0.011916160583496094
0.013815164566040039
0.022821664810180664
0.01584792137145996
0.014967679977416992
0.006972312927246094
0.0099945068359375
0.015004396438598633
0.02298593521118164
0.017982006072998047
0.009938478469848633
0.008020639419555664
0.009835481643676758
0.008997201919555664
0.007277727127075195
0.006995439529418945
0.007931947708129883
0.007990121841430664
0.006937980651855469
0.007923126220703125
0.008817911148071289
0.010023117065429688
0.01281118392944336
0.0237882137298584
0.014968633651733398
0.013871192932128906
0.015023231506347656
0.008991718292236328
0.008301496505737305
0.010926485061645508
0.007846355438232422
0.01397252082824707
0.014045238494873047
0.008031129837036133
0.008867502212524414
0.008818626403808594
0.008999347686767578
0.024453163146972656
0.027020692825317383
0.03003668785095215
0.007922887802124023
0.007947444915771484
0.012020587921142578
0.014975547790527344
0.015999794006347656
0.013028621673583984
0.008967876434326172
0.01285552978515625
0.012850761413574219
0.01300811767578125
0.00886082649230957
0.008938312530517578
0.013016700744628906
0.013994216918945312
0.009809494018554688
0.007815361022949219
0.008033275604248047
0.0073850154876708984
0.008966445922851562
0.008965730667114258
0.008074045181274414
0.12258386611938477
0.013817548751831055
0.007853269577026367
0.011005401611328125
0.00892019271850586
0.00899648666381836
0.009969949722290039
0.021857023239135742
0.014028787612915039
0.014963388442993164
0.008891582489013672
0.008858680725097656
0.008824825286865234
0.009823083877563477
0.008854389190673828
0.012042522430419922
0.012021541595458984
0.015953540802001953
0.009988546371459961
0.013004779815673828
0.008926868438720703
0.007968425750732422
0.007992267608642578
0.009847402572631836
0.011030197143554688
0.010005950927734375
0.012833833694458008
0.014857053756713867
0.014999866485595703
0.02297186851501465
0.009318351745605469
0.008856058120727539
0.007941484451293945
0.009907007217407227
0.0180513858795166
0.011821985244750977
0.006913423538208008
0.008858680725097656
0.007825374603271484
0.008003711700439453
0.007930517196655273
0.012814998626708984
0.02083110809326172
0.016931772232055664
0.02205514907836914
0.02001643180847168
0.018953561782836914
0.017028093338012695
0.015996694564819336
0.014025688171386719
0.008776426315307617
0.009996414184570312
0.007828712463378906
0.00981283187866211
0.007978200912475586
0.010000228881835938
0.010931253433227539
0.008017301559448242
0.009000301361083984
0.011983156204223633
0.01599717140197754
0.007934808731079102
0.007979631423950195
0.009998321533203125
0.007941007614135742
0.0070133209228515625
0.008913993835449219
0.05131220817565918
0.0069272518157958984
0.009986400604248047
0.012810707092285156
0.01381993293762207
0.008775711059570312
0.010000467300415039
0.014862537384033203
0.00893712043762207
0.009004592895507812
0.009969472885131836
0.010004281997680664
0.008010387420654297
0.00785207748413086
0.008045673370361328
0.008004188537597656
0.01197361946105957
0.00900125503540039
0.010004758834838867
0.009994029998779297
0.009005069732666016
0.007856369018554688
0.009986639022827148
0.01096487045288086
0.01304006576538086
0.011985063552856445
0.013012409210205078
0.023861169815063477
0.00801539421081543
0.015000343322753906
0.013861894607543945
0.013830900192260742
0.013939380645751953
0.009810447692871094
0.008928298950195312
0.007996797561645508
0.0068171024322509766
0.008984804153442383
0.008965015411376953
0.009388923645019531
0.014817476272583008
0.009024620056152344
0.009999513626098633
0.00900411605834961
0.02396392822265625
0.00899958610534668
0.01000213623046875
0.007805585861206055
0.008026838302612305
0.009047985076904297
0.008832931518554688
0.008935213088989258
0.007993459701538086
0.009774208068847656
0.00696563720703125
0.007993221282958984
0.00799870491027832
0.008968353271484375
0.011816978454589844
0.012997627258300781
0.009855508804321289
0.007953643798828125
0.01282644271850586
0.02369523048400879
0.014866113662719727
0.007833003997802734
0.006772756576538086
0.008971214294433594
0.009974479675292969
0.011001110076904297
0.007853507995605469
0.007975101470947266
0.011816263198852539
0.011916875839233398
0.012943506240844727
0.010815143585205078
0.008996009826660156
0.007996082305908203
0.009026527404785156
0.009022712707519531
0.024963855743408203
0.01509857177734375
0.032999277114868164
0.03700447082519531
0.008966922760009766
0.010971307754516602
0.008862733840942383
0.007856130599975586
0.007850170135498047
0.007982969284057617
0.013010501861572266
0.008856773376464844
0.0308837890625
0.032956838607788086
0.01286625862121582
0.02483987808227539
0.018938302993774414
0.011976480484008789
0.010965108871459961
0.006997823715209961
0.008004188537597656
0.008305549621582031
0.008817434310913086
0.010004758834838867
0.01086115837097168
0.009931802749633789
0.00896143913269043
0.007008075714111328
0.00801229476928711
0.007998228073120117
0.008002996444702148
0.00800466537475586
0.008039236068725586
0.009963035583496094
0.009905576705932617
0.00884556770324707
0.00877833366394043
0.008818864822387695
0.008827447891235352
0.010962724685668945
0.02400040626525879
0.012967348098754883
0.024979352951049805
0.037012577056884766
0.03302621841430664
0.022980451583862305
0.008934259414672852
0.007941484451293945
0.009005308151245117
0.008815526962280273
0.00791788101196289
0.00881338119506836
0.008832216262817383
0.010971307754516602
0.008325815200805664
0.01494741439819336
0.009987831115722656
0.0109710693359375
0.026012897491455078
0.008813142776489258
0.008893489837646484
0.007946968078613281
0.023978233337402344
0.007863283157348633
0.009035348892211914
0.00790715217590332
0.009854555130004883
0.00930476188659668
0.009983062744140625
0.010995864868164062
0.011025190353393555
0.013011455535888672
0.008992671966552734
0.01582956314086914
0.06342411041259766
0.015959739685058594
0.014971017837524414
0.011007308959960938
0.0078125
0.010854482650756836
0.011000394821166992
0.007996320724487305
0.00793004035949707
0.014957189559936523
0.014999866485595703
0.007844686508178711
0.007940292358398438
0.007863998413085938
0.007970094680786133
0.008844375610351562
0.007929801940917969
0.008852958679199219
0.00995182991027832
0.00898432731628418
0.008046388626098633
0.008002042770385742
0.008005619049072266
0.009817361831665039
0.010001420974731445
0.007943391799926758
0.0080108642578125
0.008812665939331055
0.00798487663269043
0.007847070693969727
0.008857488632202148
0.010010242462158203
0.01797318458557129
0.012964487075805664
0.00881195068359375
0.008820056915283203
0.008000850677490234
0.00800466537475586
0.007857084274291992
0.007781267166137695
0.008815765380859375
0.01389765739440918
0.013855218887329102
0.015041828155517578
0.00991201400756836
0.008809804916381836
0.009980440139770508
0.01099705696105957
0.012004613876342773
0.009966850280761719
0.007810831069946289
0.008007287979125977
0.007872343063354492
0.007989168167114258
0.007848024368286133
0.008803367614746094
0.008826255798339844
0.00784611701965332
0.007962942123413086
0.008823633193969727
0.030776500701904297
0.03097987174987793
0.011031866073608398
0.008972406387329102
0.009969234466552734
0.009037494659423828
0.022815942764282227
0.024054765701293945
0.014906167984008789
0.014860391616821289
0.01384735107421875
0.013975381851196289
0.013984441757202148
0.014972209930419922
0.010904073715209961
0.007932186126708984
0.008900642395019531
0.009814739227294922
0.00893259048461914
0.009972095489501953
0.008812904357910156
0.009016990661621094
0.007957935333251953
0.010005950927734375
0.009873628616333008
0.00992584228515625
0.00899958610534668
0.00782012939453125
0.010919570922851562
0.01100015640258789
0.007968664169311523
0.01291966438293457
0.007861614227294922
0.008984565734863281
0.022811412811279297
0.00798344612121582
0.007817506790161133
0.008828163146972656
0.015994548797607422
0.00782465934753418
0.01696324348449707
0.01682758331298828
0.016102075576782227
0.017070770263671875
0.010864019393920898
0.009939193725585938
0.009031534194946289
0.007999658584594727
0.00803685188293457
0.014006376266479492
0.01500391960144043
0.009856224060058594
0.007827997207641602
0.010977029800415039
0.011003255844116211
0.008028984069824219
0.008360862731933594
0.008045434951782227
0.007797718048095703
0.02500605583190918
0.011005640029907227
0.011007308959960938
0.009004354476928711
0.008868694305419922
0.008816719055175781
0.00801706314086914
0.011003732681274414
0.007953643798828125
0.010002851486206055
0.008016586303710938
0.007806301116943359
0.008013010025024414
0.007958173751831055
0.007820844650268555
0.007906198501586914
0.00881814956665039
0.011002302169799805
0.011005163192749023
0.008044958114624023
0.013899803161621094
0.016863346099853516
0.007826566696166992
0.010996341705322266
0.01099395751953125
0.012915372848510742
0.021945953369140625
0.012973546981811523
0.013026714324951172
0.00881814956665039
0.007924318313598633
0.009806394577026367
0.008979320526123047
0.009860515594482422
0.008862972259521484
0.008819341659545898
0.008881568908691406
0.00793004035949707
0.007938146591186523
0.01203155517578125
0.014032363891601562
0.013819694519042969
0.012798309326171875
0.013033628463745117
0.008968591690063477
0.00835728645324707
0.0078122615814208984
0.023839950561523438
0.023991107940673828
0.01679062843322754
0.014886856079101562
0.02384161949157715
0.008978128433227539
0.012904644012451172
0.008817672729492188
0.008849382400512695
0.010017156600952148
0.007967233657836914
0.011976480484008789
0.011000633239746094
0.009032011032104492
0.012850522994995117
0.010984182357788086
0.023738622665405273
0.013991355895996094
0.022985219955444336
0.030818939208984375
0.03298616409301758
0.008042097091674805
0.009394645690917969
0.00794076919555664
0.010948419570922852
0.010006904602050781
0.01999211311340332
0.010979890823364258
0.011984825134277344
0.010984659194946289
0.009990930557250977
0.008823633193969727
0.008988618850708008
0.008806705474853516
0.007814168930053711
0.0070149898529052734
0.008861064910888672
0.008872747421264648
0.00794363021850586
0.008856058120727539
0.00800633430480957
0.011011123657226562
0.011000871658325195
0.012003660202026367
0.012860536575317383
0.008926153182983398
0.009968280792236328
0.012850761413574219
0.013003826141357422
0.009967327117919922
0.009900331497192383
0.012815713882446289
0.012966394424438477
0.01485586166381836
0.009053230285644531
0.007850170135498047
0.009467840194702148
0.011832714080810547
0.010975122451782227
0.019803762435913086
0.023017168045043945
0.02582550048828125
0.007997989654541016
0.007934808731079102
0.014922142028808594
