0.006815195083618164
0.0070154666900634766
0.006880760192871094
0.02187323570251465
0.019856691360473633
0.018052101135253906
0.008856058120727539
0.006999492645263672
0.019824981689453125
0.008821249008178711
0.007792949676513672
0.01197052001953125
0.014870166778564453
0.009857654571533203
0.02371954917907715
0.023813247680664062
0.011974811553955078
0.01899552345275879
0.017795324325561523
0.014810562133789062
0.010006189346313477
0.008972644805908203
0.009968280792236328
0.00985264778137207
0.007857322692871094
0.008980989456176758
0.009810686111450195
0.010039091110229492
0.022964954376220703
0.009983062744140625
0.010002613067626953
0.008942842483520508
0.008866310119628906
0.01095271110534668
0.015034914016723633
0.008809089660644531
0.008813858032226562
0.00996541976928711
0.009994983673095703
0.011854410171508789
0.008005619049072266
0.007861852645874023
0.007982730865478516
0.008011341094970703
0.025956153869628906
0.013868093490600586
0.011964797973632812
0.007932662963867188
0.008158445358276367
0.01085805892944336
0.008977651596069336
0.01203465461730957
0.00902414321899414
0.007997512817382812
0.009933233261108398
0.007816553115844727
0.007809638977050781
0.007977485656738281
0.008878469467163086
0.010039806365966797
0.008924484252929688
0.008921623229980469
0.01992654800415039
0.01903247833251953
0.019821643829345703
0.010971546173095703
0.014062166213989258
0.013004779815673828
0.008818626403808594
0.009367942810058594
0.009811639785766602
0.008867263793945312
0.010959386825561523
0.01097249984741211
0.011007070541381836
0.011003971099853516
0.008004188537597656
0.016855955123901367
0.01002192497253418
0.00800013542175293
0.024816513061523438
0.02101874351501465
0.008365631103515625
0.00940561294555664
0.025851726531982422
0.012828588485717773
0.007798910140991211
0.012842178344726562
0.012847900390625
0.009819746017456055
0.014831781387329102
0.009012222290039062
0.009020566940307617
0.008014917373657227
0.011974573135375977
0.017010211944580078
0.008823633193969727
0.008823394775390625
0.012832403182983398
0.015057563781738281
0.008968830108642578
0.007816076278686523
0.009812116622924805
0.007853507995605469
0.007819175720214844
0.00985264778137207
0.008859872817993164
0.007864236831665039
0.012977361679077148
0.00997304916381836
0.00985097885131836
0.01001286506652832
0.011002063751220703
0.008932828903198242
0.008817434310913086
0.02485370635986328
0.015898466110229492
0.008048057556152344
0.007987022399902344
0.00797724723815918
0.007822751998901367
0.007002830505371094
0.012888669967651367
0.01283121109008789
0.007978677749633789
0.008936643600463867
0.013040781021118164
0.02594161033630371
0.022994518280029297
0.012006998062133789
0.0079803466796875
0.009991168975830078
0.008323431015014648
0.006857872009277344
0.00980830192565918
0.007791280746459961
0.011856794357299805
0.0077838897705078125
0.017816781997680664
0.0078089237213134766
0.006845712661743164
0.007998943328857422
0.022739410400390625
0.011005163192749023
0.024051666259765625
0.022994518280029297
0.008815526962280273
0.00882267951965332
0.008855581283569336
0.00885915756225586
0.023875951766967773
0.010972738265991211
0.010001659393310547
0.008023500442504883
0.007773876190185547
0.013013124465942383
0.008311986923217773
0.006981849670410156
0.02303004264831543
0.02388310432434082
0.010001420974731445
0.008075714111328125
0.007945060729980469
0.007847309112548828
0.028840065002441406
0.02399301528930664
0.012950897216796875
0.022863388061523438
0.007910490036010742
0.007914066314697266
0.009849786758422852
0.008040428161621094
0.011966228485107422
0.008823394775390625
0.008810997009277344
0.013976335525512695
0.014046192169189453
0.00893259048461914
0.007293701171875
0.009853601455688477
0.011992931365966797
0.009970664978027344
0.020807504653930664
0.009008646011352539
0.02288532257080078
0.010974645614624023
0.008321285247802734
0.007820606231689453
0.008806467056274414
0.008823394775390625
0.012997627258300781
0.012009382247924805
0.010967254638671875
0.022031784057617188
0.017011404037475586
0.016870498657226562
0.009818792343139648
0.007810115814208984
0.010043144226074219
0.011854410171508789
0.01001739501953125
0.010947704315185547
0.013904094696044922
0.008823156356811523
0.00840902328491211
0.008804798126220703
0.008812189102172852
0.007936239242553711
0.008069276809692383
0.011003255844116211
0.021856069564819336
0.008997201919555664
0.02489495277404785
0.02382636070251465
0.02301025390625
0.007920026779174805
0.01101374626159668
0.012001991271972656
0.011979818344116211
0.007812976837158203
0.00798940658569336
0.00900411605834961
0.01598668098449707
0.008896112442016602
0.015841245651245117
0.026854276657104492
0.016936779022216797
0.008811235427856445
0.025054931640625
0.009000301361083984
0.00795888900756836
0.009994983673095703
0.006981611251831055
0.008867979049682617
0.009002208709716797
0.01000213623046875
0.011029958724975586
0.023013830184936523
0.008965015411376953
0.024026870727539062
0.016848087310791016
0.017949342727661133
0.018634796142578125
0.007996082305908203
0.023981332778930664
0.011003732681274414
0.009837627410888672
0.02196669578552246
0.013823509216308594
0.010973691940307617
0.014860153198242188
0.014966249465942383
0.007819890975952148
0.008818626403808594
0.01283121109008789
0.012819766998291016
0.007899999618530273
0.008919239044189453
0.014867067337036133
0.014990568161010742
0.022061586380004883
0.009908914566040039
0.007825613021850586
0.009387016296386719
0.007814645767211914
0.007003068923950195
0.008010387420654297
0.01778435707092285
0.017859458923339844
0.01785755157470703
0.022094249725341797
0.010018587112426758
0.011967658996582031
0.00885772705078125
0.00898122787475586
0.014823675155639648
0.014856815338134766
0.023897409439086914
0.015038728713989258
0.010006189346313477
0.008001565933227539
0.02297687530517578
0.00896596908569336
0.008906364440917969
0.02284550666809082
0.02285599708557129
0.01582503318786621
0.009962320327758789
0.010008811950683594
0.011017560958862305
0.014827728271484375
0.00885915756225586
0.008020877838134766
0.015032529830932617
0.007925748825073242
0.010196685791015625
0.008830785751342773
0.012906789779663086
0.009006261825561523
0.007814407348632812
0.009980440139770508
0.017879486083984375
0.008959054946899414
0.021010160446166992
0.010003328323364258
0.009023427963256836
0.008822441101074219
0.008374929428100586
0.00902557373046875
0.006819248199462891
0.011005640029907227
0.007815361022949219
0.007017374038696289
0.02281355857849121
0.007909297943115234
0.007856369018554688
0.009996175765991211
0.007852554321289062
0.008857250213623047
0.012876749038696289
0.015967845916748047
0.019948244094848633
0.00901937484741211
0.00999903678894043
0.009020090103149414
0.023816347122192383
0.029807090759277344
0.03680825233459473
0.007816076278686523
0.008927583694458008
0.007806539535522461
0.010013818740844727
0.009984731674194336
0.011003732681274414
0.008821964263916016
0.00882577896118164
0.011018514633178711
0.039906978607177734
0.024824142456054688
0.011995553970336914
0.0078008174896240234
0.00897073745727539
0.01594686508178711
0.012060880661010742
0.008826017379760742
0.007914304733276367
0.01179361343383789
0.015890121459960938
0.009822607040405273
0.007863521575927734
0.008864641189575195
0.007938385009765625
0.01656627655029297
0.01681065559387207
0.010024070739746094
0.008944988250732422
0.00785970687866211
0.008023738861083984
0.007944107055664062
0.013909101486206055
0.02281498908996582
0.00999760627746582
0.02005290985107422
0.009983301162719727
0.010993242263793945
0.021846771240234375
0.02294778823852539
0.01406097412109375
0.023912429809570312
0.01624274253845215
0.015017509460449219
0.022981643676757812
0.011966943740844727
0.02101731300354004
0.007869482040405273
0.008862018585205078
0.010984420776367188
0.010966300964355469
0.014484405517578125
0.02806258201599121
0.02384328842163086
0.010993719100952148
0.022870302200317383
0.022078514099121094
0.008814334869384766
0.00802302360534668
0.011856555938720703
0.025007963180541992
0.01598954200744629
0.008817195892333984
0.008818626403808594
0.007935523986816406
0.01981949806213379
0.008358955383300781
0.04662513732910156
0.010968446731567383
0.02304220199584961
0.01191091537475586
0.023952245712280273
0.012923717498779297
0.009847164154052734
0.009929895401000977
0.013890981674194336
0.013904333114624023
0.009871482849121094
0.024057388305664062
0.013987541198730469
0.008006811141967773
0.007862329483032227
0.009019613265991211
0.0077762603759765625
0.009975194931030273
0.009980201721191406
0.011037588119506836
0.009823083877563477
0.009830474853515625
0.008381128311157227
0.008842945098876953
0.007843971252441406
0.008936882019042969
0.01581096649169922
0.0110015869140625
0.009966611862182617
0.014003992080688477
0.009810209274291992
0.009981393814086914
0.01196432113647461
0.011001110076904297
0.022851943969726562
0.015824317932128906
0.022853612899780273
0.009827375411987305
0.010977029800415039
0.008959054946899414
0.007982492446899414
0.015010595321655273
0.01697230339050293
0.01710963249206543
0.010865926742553711
0.00992894172668457
0.020015716552734375
0.008327484130859375
0.007861614227294922
0.026015520095825195
0.00899958610534668
0.00782155990600586
0.023861408233642578
0.017943143844604492
0.007994890213012695
0.008904695510864258
0.013091325759887695
0.013887166976928711
0.010969400405883789
0.012934207916259766
0.012819051742553711
0.007994413375854492
0.017800331115722656
0.009968996047973633
0.008771181106567383
0.00900411605834961
0.00694584846496582
0.012823343276977539
0.023842334747314453
0.01386117935180664
0.010000944137573242
0.011970996856689453
0.022742748260498047
0.014018058776855469
0.008799076080322266
0.009524345397949219
0.008046150207519531
0.008002042770385742
0.008836507797241211
0.009018182754516602
0.011995792388916016
0.008931875228881836
0.008960723876953125
0.008663415908813477
0.012964010238647461
0.008005380630493164
0.008977174758911133
0.007952451705932617
0.010914087295532227
0.016527891159057617
0.014999866485595703
0.015032052993774414
0.008803367614746094
0.008002519607543945
0.008026123046875
0.008827686309814453
0.00920248031616211
0.007878541946411133
0.030982017517089844
0.02695178985595703
0.013061285018920898
0.013856887817382812
0.011003732681274414
0.009003877639770508
0.008915424346923828
0.008975744247436523
0.007914304733276367
0.025130510330200195
0.013809919357299805
0.011964559555053711
0.02978372573852539
0.030987262725830078
0.022989988327026367
0.008381366729736328
0.017811059951782227
0.01690077781677246
0.016989469528198242
0.025008201599121094
0.011002540588378906
0.01998734474182129
0.0159761905670166
0.02398371696472168
0.024793624877929688
0.020984888076782227
0.007858514785766602
0.022916555404663086
0.010869264602661133
0.01096487045288086
0.010965585708618164
0.017985105514526367
0.012942075729370117
0.011994600296020508
0.00901341438293457
0.008041858673095703
0.008046865463256836
0.007973670959472656
0.00793910026550293
0.007976531982421875
0.008854150772094727
0.023028135299682617
0.009354114532470703
0.008026838302612305
0.008936166763305664
0.025017738342285156
0.009968042373657227
0.011009693145751953
0.008991003036499023
0.008833646774291992
0.010006904602050781
0.02609539031982422
0.008931398391723633
0.01883554458618164
0.011025190353393555
0.010022401809692383
0.010005712509155273
0.022022724151611328
0.023954391479492188
0.009969711303710938
0.007983922958374023
0.012811422348022461
0.011997699737548828
0.014978408813476562
0.007850885391235352
0.007822036743164062
0.013069391250610352
0.02376580238342285
0.0139617919921875
0.00879526138305664
0.008049964904785156
0.008968830108642578
0.00886988639831543
0.020950794219970703
0.014926671981811523
0.01599407196044922
0.007977485656738281
0.00783228874206543
0.021146774291992188
0.023836851119995117
0.02395176887512207
0.010827064514160156
0.009941339492797852
0.008932352066040039
0.009807825088500977
0.00881338119506836
0.008814096450805664
0.008862495422363281
0.010885953903198242
0.011969327926635742
0.010013580322265625
0.012981414794921875
0.007927894592285156
0.008873224258422852
0.007934331893920898
0.008814811706542969
0.009329080581665039
0.00782632827758789
0.014855623245239258
0.01002359390258789
0.007984638214111328
0.008858680725097656
0.023041963577270508
0.008893251419067383
0.007809638977050781
0.0168149471282959
0.007987260818481445
0.007954835891723633
0.010968446731567383
0.009008407592773438
0.008035421371459961
0.010904550552368164
0.007858037948608398
0.015070199966430664
0.01491093635559082
0.025887727737426758
0.009003639221191406
0.009853124618530273
0.006943702697753906
0.010038137435913086
0.008817672729492188
0.008983373641967773
0.008820056915283203
0.012035846710205078
0.006915092468261719
0.008012056350708008
0.00802302360534668
0.007949352264404297
0.010972738265991211
0.007853031158447266
0.008854389190673828
0.008935689926147461
0.009979009628295898
0.010973930358886719
0.010996103286743164
0.008989334106445312
0.010997533798217773
0.012001276016235352
0.022817373275756836
0.008826017379760742
0.024039030075073242
0.009977579116821289
0.008822202682495117
0.008993387222290039
0.008815765380859375
0.010054349899291992
0.00903773307800293
0.007816791534423828
0.007863521575927734
0.00794076919555664
0.008788824081420898
0.0068340301513671875
0.007859468460083008
0.026006698608398438
0.024809837341308594
0.014022111892700195
0.027184009552001953
0.013009786605834961
0.008999347686767578
0.007932424545288086
0.00902557373046875
0.009365320205688477
0.010007619857788086
0.007805585861206055
0.008816719055175781
0.006864070892333984
0.009024858474731445
0.014935970306396484
0.01484823226928711
0.015854835510253906
0.010823249816894531
0.007861852645874023
0.010964155197143555
0.007848262786865234
0.014993667602539062
0.009964942932128906
0.009988069534301758
0.009824991226196289
0.009017467498779297
0.009902715682983398
0.00982046127319336
0.010975360870361328
0.00792074203491211
0.019856691360473633
0.010000467300415039
0.00997018814086914
0.024796247482299805
0.01599574089050293
0.015830039978027344
0.02283334732055664
0.027705907821655273
0.03092789649963379
0.009983062744140625
0.00896310806274414
0.009850740432739258
0.008828878402709961
0.012043237686157227
0.02383875846862793
0.0209500789642334
0.017014741897583008
0.009866952896118164
0.008864641189575195
0.00794219970703125
0.008939027786254883
0.015822887420654297
0.008001327514648438
0.008044958114624023
0.007931947708129883
0.00885152816772461
0.011009693145751953
0.007985830307006836
0.0080108642578125
0.007821083068847656
0.007938623428344727
0.007997274398803711
0.008000612258911133
0.013793468475341797
0.00781559944152832
0.026827335357666016
0.021847009658813477
0.007932662963867188
0.007927417755126953
0.01602458953857422
0.012022733688354492
0.010007381439208984
0.008859872817993164
0.012003421783447266
0.013020992279052734
0.014014244079589844
0.014964103698730469
0.008969306945800781
0.008855104446411133
0.008970260620117188
0.009808778762817383
0.00977945327758789
0.008816719055175781
0.04642176628112793
0.00994420051574707
0.009807348251342773
0.008350849151611328
0.00794219970703125
0.008896827697753906
0.0110015869140625
0.008852481842041016
0.007922887802124023
0.008863449096679688
0.008855104446411133
0.007894277572631836
0.008017778396606445
0.007811546325683594
0.008014917373657227
0.013854265213012695
0.008816242218017578
0.008003950119018555
0.00881814956665039
0.008968591690063477
0.008029460906982422
0.008931398391723633
0.020922422409057617
0.008825540542602539
0.013004541397094727
0.007927894592285156
0.008992910385131836
0.007781505584716797
0.010002613067626953
0.012824535369873047
0.012993574142456055
0.016861438751220703
0.008867740631103516
0.010969161987304688
0.009018182754516602
0.007938861846923828
0.008825063705444336
0.007974624633789062
0.007848739624023438
0.007848978042602539
0.008969306945800781
0.008935213088989258
0.008924484252929688
0.02489948272705078
0.02387261390686035
0.019952774047851562
0.0239865779876709
0.00894021987915039
0.01604437828063965
0.019856929779052734
0.007193803787231445
0.00896596908569336
0.008929014205932617
0.010045766830444336
0.010983467102050781
0.008979558944702148
0.011814594268798828
0.011994123458862305
0.009032726287841797
0.008851051330566406
0.008863449096679688
0.009010076522827148
0.008980989456176758
0.008843421936035156
0.009061098098754883
0.008022785186767578
0.01000356674194336
0.009006500244140625
0.009864330291748047
0.021883487701416016
0.05594158172607422
0.009958982467651367
0.022042274475097656
0.012979984283447266
0.008816242218017578
0.010000944137573242
0.012000799179077148
0.02283787727355957
0.02301788330078125
0.015979290008544922
0.009911298751831055
0.008823871612548828
0.008938074111938477
0.008819818496704102
0.02598738670349121
0.021012306213378906
0.010973930358886719
0.012816190719604492
0.010018110275268555
0.00999760627746582
0.011856317520141602
0.012002944946289062
0.010030031204223633
0.012818336486816406
0.011869192123413086
0.012848854064941406
0.010909318923950195
0.007927179336547852
0.008825063705444336
0.009867429733276367
0.02199697494506836
0.010001659393310547
0.00785517692565918
0.009011268615722656
0.008938074111938477
0.009004354476928711
0.00982356071472168
0.024880170822143555
0.0139312744140625
0.011003255844116211
0.01000070571899414
0.008814334869384766
0.008970975875854492
0.007957220077514648
0.009032964706420898
0.00794076919555664
0.008008956909179688
0.009003877639770508
0.01096653938293457
0.007844209671020508
0.008855581283569336
0.021990299224853516
0.008005857467651367
0.008821249008178711
0.015856027603149414
0.00902867317199707
0.008819103240966797
0.02200174331665039
0.012905120849609375
0.02500748634338379
0.020946741104125977
0.008823394775390625
0.00893402099609375
0.008814573287963867
0.010023832321166992
0.009020566940307617
0.02490973472595215
0.010048627853393555
0.010052919387817383
0.025007247924804688
0.00792074203491211
0.009852409362792969
0.00882267951965332
0.008821725845336914
0.008022546768188477
0.008825302124023438
0.008861541748046875
0.009020090103149414
0.008820533752441406
0.008965253829956055
0.011940717697143555
0.013977527618408203
0.009275436401367188
0.00982213020324707
0.01381373405456543
0.014986753463745117
0.008823633193969727
0.008016586303710938
0.008861303329467773
0.00981593132019043
0.007918834686279297
0.010022401809692383
0.008807182312011719
0.00982356071472168
0.008976221084594727
0.008786678314208984
0.009969234466552734
0.016008853912353516
0.008623123168945312
0.011973381042480469
0.021855592727661133
0.02700519561767578
