0.006930351257324219
0.007044792175292969
0.006890535354614258
0.006877899169921875
0.006366729736328125
0.008002519607543945
0.022914409637451172
0.010957717895507812
0.007927179336547852
0.008999824523925781
0.02099299430847168
0.00903463363647461
0.009068489074707031
0.02205801010131836
0.00886678695678711
0.01498556137084961
0.013868570327758789
0.015871286392211914
0.008017539978027344
0.007985591888427734
0.013824701309204102
0.010818243026733398
0.008989334106445312
0.008860349655151367
0.007823944091796875
0.010977029800415039
0.009775161743164062
0.02181863784790039
0.008301496505737305
0.01007080078125
0.023825407028198242
0.009964942932128906
0.00885915756225586
0.007941722869873047
0.010901451110839844
0.02385091781616211
0.008823156356811523
0.009999513626098633
0.008814096450805664
0.007972955703735352
0.008017778396606445
0.014997005462646484
0.01794290542602539
0.010978221893310547
0.00838470458984375
0.012975931167602539
0.01699090003967285
0.015940427780151367
0.010983705520629883
0.008023977279663086
0.010965585708618164
0.007965564727783203
0.00797891616821289
0.008819103240966797
0.009764432907104492
0.007931709289550781
0.009037494659423828
0.008829116821289062
0.023091554641723633
0.01386117935180664
0.009961366653442383
0.00698542594909668
0.007947921752929688
0.007958173751831055
0.007979393005371094
0.00882863998413086
0.008964061737060547
0.008003473281860352
0.008852481842041016
0.01300501823425293
0.009872913360595703
0.016387939453125
0.010003805160522461
0.008824825286865234
0.008820533752441406
0.007991790771484375
0.007545948028564453
0.008997678756713867
0.00998544692993164
0.008153676986694336
0.01002645492553711
0.009982585906982422
0.008942604064941406
0.008800745010375977
0.00896763801574707
0.03383231163024902
0.02302265167236328
0.014864921569824219
0.01300811767578125
0.008874654769897461
0.009982109069824219
0.022101640701293945
0.017924070358276367
0.01381373405456543
0.015180110931396484
0.01595473289489746
0.009999752044677734
0.008814096450805664
0.007925748825073242
0.025840044021606445
0.024013757705688477
0.010003089904785156
0.011004209518432617
0.008829355239868164
0.012907743453979492
0.011959314346313477
0.02399277687072754
0.02387380599975586
0.00882267951965332
0.007344961166381836
0.008992195129394531
0.009773492813110352
0.008295059204101562
0.014867067337036133
0.01986861228942871
0.0229036808013916
0.00798940658569336
0.009910345077514648
0.00793910026550293
0.008002519607543945
0.023813247680664062
0.009022951126098633
0.007952213287353516
0.008846282958984375
0.007991790771484375
0.01102137565612793
0.008996725082397461
0.014552593231201172
0.012990951538085938
0.009814023971557617
0.011011362075805664
0.009376764297485352
0.008996009826660156
0.008812189102172852
0.008998632431030273
0.02399158477783203
0.023969650268554688
0.008803367614746094
0.007812023162841797
0.008994817733764648
0.007863044738769531
0.02091836929321289
0.008861541748046875
0.00785207748413086
0.007850170135498047
0.010954141616821289
0.023090839385986328
0.02398371696472168
0.0074214935302734375
0.00981593132019043
0.02593541145324707
0.022967815399169922
0.010853290557861328
0.009943008422851562
0.008926868438720703
0.023749113082885742
0.008931636810302734
0.00899505615234375
0.008010387420654297
0.008816242218017578
0.008821725845336914
0.00882101058959961
0.008934259414672852
0.00796961784362793
0.007969141006469727
0.008011102676391602
0.00993490219116211
0.0258636474609375
0.008966922760009766
0.00834035873413086
0.007925748825073242
0.023998498916625977
0.010985374450683594
0.02385258674621582
0.007857799530029297
0.011831521987915039
0.0077915191650390625
0.02303028106689453
0.00792384147644043
0.010988712310791016
0.007850885391235352
0.008306264877319336
0.007928848266601562
0.010966300964355469
0.011000394821166992
0.008023500442504883
0.02386474609375
0.008016109466552734
0.008024215698242188
0.009979486465454102
0.016021013259887695
0.023850202560424805
0.007818937301635742
0.011003971099853516
0.008814096450805664
0.023990631103515625
0.00784754753112793
0.0168454647064209
0.010970830917358398
0.006998777389526367
0.0229032039642334
0.008998632431030273
0.007926464080810547
0.008048534393310547
0.014974594116210938
0.014010190963745117
0.011815786361694336
0.01103353500366211
0.011288642883300781
0.007982969284057617
0.010007619857788086
0.021998167037963867
0.010033130645751953
0.01101374626159668
0.01194000244140625
0.01100301742553711
0.02413010597229004
0.007868051528930664
0.008816242218017578
0.008853673934936523
0.009979248046875
0.010007619857788086
0.00786447525024414
0.010970592498779297
0.008858442306518555
0.007858991622924805
0.008998632431030273
0.014855384826660156
0.013963460922241211
0.013011693954467773
0.007819414138793945
0.007996797561645508
0.008001089096069336
0.011872291564941406
0.010974645614624023
0.01001596450805664
0.010811328887939453
0.008952617645263672
0.00789499282836914
0.0077936649322509766
0.007984638214111328
0.007926464080810547
0.007870912551879883
0.011998653411865234
0.012831687927246094
0.01091146469116211
0.013040542602539062
0.007809162139892578
0.008838891983032227
0.009392738342285156
0.010995626449584961
0.009002208709716797
0.011966705322265625
0.007831573486328125
0.009851932525634766
0.023045063018798828
0.022017240524291992
0.009004831314086914
0.007931947708129883
0.008901834487915039
0.008825540542602539
0.008342504501342773
0.015948772430419922
0.010004281997680664
0.013859033584594727
0.024835586547851562
0.006913185119628906
0.011028051376342773
0.009007930755615234
0.008977890014648438
0.008396387100219727
0.00991678237915039
0.007936716079711914
0.010822057723999023
0.011002302169799805
0.007927179336547852
0.007920503616333008
0.00882267951965332
0.007937908172607422
0.011048316955566406
0.010019302368164062
0.008815526962280273
0.08765983581542969
0.008814811706542969
0.008837699890136719
0.011010408401489258
0.008017778396606445
0.00798487663269043
0.0072515010833740234
0.00885319709777832
0.008847951889038086
0.007927894592285156
0.007930755615234375
0.02501082420349121
0.007813453674316406
0.015810489654541016
0.009995460510253906
0.01099705696105957
0.011001110076904297
0.010036706924438477
0.011441946029663086
0.008857250213623047
0.014966726303100586
0.013975143432617188
0.010003089904785156
0.009856462478637695
0.009818553924560547
0.008005142211914062
0.00727391242980957
0.009009122848510742
0.007809877395629883
0.007855653762817383
0.02399444580078125
0.009964942932128906
0.021040678024291992
0.019991636276245117
0.022803068161010742
0.0078105926513671875
0.007816314697265625
0.014863252639770508
0.02286672592163086
0.008816719055175781
0.009970903396606445
0.00880122184753418
0.008786439895629883
0.00782322883605957
0.008981466293334961
0.02498936653137207
0.015842914581298828
0.007932186126708984
0.014000654220581055
0.009012460708618164
0.007811546325683594
0.009019136428833008
0.00798654556274414
0.026004552841186523
0.013878107070922852
0.008793830871582031
0.010996818542480469
0.022841691970825195
0.008001565933227539
0.010868549346923828
0.007814407348632812
0.008011579513549805
0.008841514587402344
0.007883310317993164
0.008275985717773438
0.009973526000976562
0.009902000427246094
0.025842905044555664
0.009378671646118164
0.008368730545043945
0.009816646575927734
0.008016824722290039
0.008856058120727539
0.009027719497680664
0.008355379104614258
0.00782155990600586
0.010968446731567383
0.012971878051757812
0.011993885040283203
0.006932973861694336
0.007939815521240234
0.009998798370361328
0.007858991622924805
0.009997844696044922
0.008813142776489258
0.011994123458862305
0.012979984283447266
0.008858203887939453
0.010987520217895508
0.007992029190063477
0.007811069488525391
0.008004188537597656
0.009363651275634766
0.01000070571899414
0.007917165756225586
0.025795698165893555
0.012859821319580078
0.012816190719604492
0.0239870548248291
0.00904536247253418
0.02483654022216797
0.009037256240844727
0.007996797561645508
0.008895397186279297
0.025910377502441406
0.014087677001953125
0.007988214492797852
0.01499032974243164
0.023819684982299805
0.009833097457885742
0.024870872497558594
0.009998798370361328
0.023033857345581055
0.007816553115844727
0.010007143020629883
0.010012626647949219
0.008047342300415039
0.009826183319091797
0.008938312530517578
0.019827604293823242
0.00792837142944336
0.008812189102172852
0.01806330680847168
0.0110015869140625
0.008012056350708008
0.012943506240844727
0.010994911193847656
0.009020805358886719
0.012006282806396484
0.022048473358154297
0.012978315353393555
0.008968830108642578
0.009887456893920898
0.010965347290039062
0.009974479675292969
0.02307915687561035
0.008793354034423828
0.01482081413269043
0.009012937545776367
0.010892391204833984
0.0077724456787109375
0.008934497833251953
0.009978294372558594
0.008850336074829102
0.008996248245239258
0.007854938507080078
0.023849964141845703
0.01299905776977539
0.017894983291625977
0.022954702377319336
0.007864236831665039
0.009022235870361328
0.008008956909179688
0.007999420166015625
0.008830070495605469
0.00886082649230957
0.007840871810913086
0.010037660598754883
0.015004634857177734
0.009006261825561523
0.009002447128295898
0.008805036544799805
0.00999903678894043
0.008916616439819336
0.008853673934936523
0.010366201400756836
0.007936477661132812
0.011006355285644531
0.011971473693847656
0.008826494216918945
0.007927179336547852
0.008818626403808594
0.009871721267700195
0.0229949951171875
0.01191854476928711
0.008782625198364258
0.009989500045776367
0.007858753204345703
0.008850574493408203
0.00894021987915039
0.008824348449707031
0.02999424934387207
0.012578248977661133
0.008994579315185547
0.023002147674560547
0.00704646110534668
0.00781393051147461
0.00992274284362793
0.011040449142456055
0.008816957473754883
0.00799870491027832
0.013859748840332031
0.023051023483276367
0.008019685745239258
0.007939577102661133
0.012934207916259766
0.008995294570922852
0.008777856826782227
0.008982181549072266
0.01397085189819336
0.012976408004760742
0.007997989654541016
0.01100611686706543
0.009998559951782227
0.011859655380249023
0.009972810745239258
0.007811546325683594
0.02486252784729004
0.012994527816772461
0.016968965530395508
0.01689624786376953
0.014902353286743164
0.008002758026123047
0.023011445999145508
0.009012460708618164
0.00899362564086914
0.013887882232666016
0.007697105407714844
0.012937784194946289
0.009858131408691406
0.008002281188964844
0.007935047149658203
0.023913860321044922
0.009965896606445312
0.008012771606445312
0.0073010921478271484
0.007990360260009766
0.007995128631591797
0.008939504623413086
0.013975143432617188
0.010012388229370117
0.02485203742980957
0.010021448135375977
0.007936954498291016
0.008037090301513672
0.00793147087097168
0.008814334869384766
0.007990121841430664
0.015034675598144531
0.008781194686889648
0.007944822311401367
0.009001731872558594
0.00783848762512207
0.009941339492797852
0.00798797607421875
0.007950544357299805
0.008059501647949219
0.011021852493286133
0.023973941802978516
0.008971214294433594
0.008997678756713867
0.008811473846435547
0.011973142623901367
0.007921218872070312
0.010004520416259766
0.007930755615234375
0.007801055908203125
0.009914636611938477
0.008308887481689453
0.007972240447998047
0.008821964263916016
0.009016752243041992
0.008358478546142578
0.007849454879760742
0.007931709289550781
0.015801668167114258
0.02388596534729004
0.024020671844482422
0.01000356674194336
0.007999181747436523
0.018956422805786133
0.009855270385742188
0.009003639221191406
0.009965181350708008
0.008994817733764648
0.009992599487304688
0.025153398513793945
0.008816242218017578
0.008450508117675781
0.00802159309387207
0.02205491065979004
0.009001731872558594
0.021004915237426758
0.014940023422241211
0.01000833511352539
0.023092031478881836
0.013812780380249023
0.007977962493896484
0.007276773452758789
0.007988929748535156
0.008905172348022461
0.008858919143676758
0.007987022399902344
0.007913351058959961
0.007856607437133789
0.008447408676147461
0.00881195068359375
0.007819175720214844
0.00901031494140625
0.011981010437011719
0.0073680877685546875
0.007940530776977539
0.013026237487792969
0.012994527816772461
0.008829832077026367
0.010001897811889648
0.015956878662109375
0.024847030639648438
0.010001659393310547
0.007961034774780273
0.015989065170288086
0.009009838104248047
0.010980606079101562
0.024144887924194336
0.02080702781677246
0.00981760025024414
0.009785175323486328
0.008994340896606445
