0.2510712146759033
0.24360370635986328
0.2353658676147461
0.23732852935791016
0.2456831932067871
0.24276113510131836
0.24441885948181152
0.2523186206817627
0.24412250518798828
0.2850363254547119
0.23775124549865723
0.24001097679138184
0.23409271240234375
0.2398817539215088
0.23965811729431152
0.23763465881347656
0.2216029167175293
0.2395942211151123
0.24429035186767578
0.24776506423950195
0.2344052791595459
0.2416834831237793
0.23527002334594727
0.23929119110107422
0.24391555786132812
0.24345660209655762
0.23429083824157715
0.23627591133117676
0.23500680923461914
0.25310516357421875
0.24669599533081055
0.24364066123962402
0.2342972755432129
0.23474431037902832
0.2352766990661621
0.2425243854522705
0.23623967170715332
0.25392580032348633
0.23649191856384277
0.23596429824829102
0.23590803146362305
0.23484039306640625
0.23736071586608887
0.2448103427886963
0.23935675621032715
0.23750686645507812
0.23372602462768555
0.23674392700195312
0.23655200004577637
0.2334885597229004
0.23251938819885254
0.22892284393310547
0.239699125289917
0.2580406665802002
0.23535561561584473
0.2366955280303955
0.24054694175720215
0.2722914218902588
0.2334897518157959
0.2391369342803955
0.23577499389648438
0.25550150871276855
0.2391355037689209
0.23310208320617676
0.23497247695922852
0.23386096954345703
0.24745702743530273
0.24865078926086426
0.23511552810668945
0.3316528797149658
0.23611736297607422
0.23780083656311035
0.23210573196411133
0.2359001636505127
0.2356412410736084
0.2520737648010254
0.233076810836792
0.23701906204223633
0.2510077953338623
0.24278831481933594
0.23931503295898438
0.24360299110412598
0.2414085865020752
0.24625182151794434
0.24127697944641113
0.25294995307922363
0.23908162117004395
0.2399756908416748
0.31677985191345215
0.2574787139892578
0.2608969211578369
0.2544581890106201
0.24118566513061523
0.24035048484802246
0.24357080459594727
0.24049735069274902
0.2385234832763672
0.23233914375305176
0.23624205589294434
0.23788785934448242
0.2400658130645752
0.2376420497894287
0.23876404762268066
0.23590397834777832
0.2548553943634033
0.23668360710144043
0.23391032218933105
0.25481486320495605
0.23279738426208496
0.245316743850708
0.23670744895935059
0.23276185989379883
0.24031996726989746
0.24611449241638184
0.2514646053314209
0.23313617706298828
0.23402905464172363
0.24059224128723145
0.24255871772766113
0.23328351974487305
0.23528766632080078
0.2406916618347168
0.23094749450683594
0.23848557472229004
0.23731350898742676
0.23696684837341309
0.25121450424194336
0.24363923072814941
0.24153614044189453
0.23816537857055664
0.23746585845947266
0.2379930019378662
0.23842692375183105
0.24074649810791016
0.23779606819152832
0.236802339553833
0.24251532554626465
0.23218441009521484
0.23647165298461914
0.23558378219604492
0.23879718780517578
0.23502349853515625
0.2336115837097168
0.23364758491516113
0.25656580924987793
0.24710464477539062
0.23697566986083984
0.24425697326660156
0.23697924613952637
0.23262810707092285
0.23939824104309082
0.24225282669067383
0.23357653617858887
0.25275635719299316
0.23323273658752441
0.24840211868286133
0.2421731948852539
0.24521088600158691
0.2556283473968506
0.2356874942779541
0.23483514785766602
0.23772907257080078
0.23569345474243164
0.23776602745056152
0.239349365234375
0.23927807807922363
0.24499917030334473
0.2484445571899414
0.24301457405090332
0.23855805397033691
0.2360537052154541
0.24159526824951172
0.23704838752746582
0.23641753196716309
0.345719575881958
0.23944592475891113
0.25168561935424805
0.2340230941772461
0.23216533660888672
0.25772786140441895
0.2422034740447998
0.23440194129943848
0.23975658416748047
0.5304176807403564
0.24067449569702148
0.24125933647155762
0.2381577491760254
0.23607420921325684
0.23874378204345703
0.23973560333251953
0.2414698600769043
0.23762774467468262
0.2457282543182373
0.2558467388153076
0.23455476760864258
0.24254465103149414
0.2335052490234375
0.26189112663269043
0.23377323150634766
0.2333087921142578
0.2376847267150879
0.23572945594787598
0.23568367958068848
0.25206565856933594
0.23486089706420898
0.23288679122924805
0.23570585250854492
0.2441120147705078
0.23685526847839355
0.23532390594482422
0.2331984043121338
0.2300128936767578
0.23399639129638672
0.23363280296325684
0.23443078994750977
0.24171113967895508
0.24735188484191895
0.23589038848876953
0.23578476905822754
0.24344205856323242
0.23497295379638672
0.24772000312805176
0.24318218231201172
0.23396968841552734
0.23633837699890137
0.2389388084411621
0.23737168312072754
0.2924325466156006
0.24414300918579102
0.23853015899658203
0.23721051216125488
0.24457764625549316
0.2685990333557129
0.23645639419555664
0.2676429748535156
0.24280881881713867
0.2349262237548828
0.23627185821533203
0.2409839630126953
0.23957610130310059
0.2333383560180664
0.2350304126739502
0.2990531921386719
0.23671865463256836
0.23160791397094727
0.23914265632629395
0.2344648838043213
0.23743844032287598
0.24126553535461426
0.2389822006225586
0.23732542991638184
0.42481207847595215
0.24169492721557617
0.23389482498168945
0.23238420486450195
0.23855853080749512
0.2417130470275879
0.23185467720031738
0.23430562019348145
0.32757091522216797
0.23831748962402344
0.2328343391418457
0.2399735450744629
0.23587441444396973
0.23427700996398926
0.24317669868469238
0.23584342002868652
0.2382826805114746
0.23923659324645996
0.2382948398590088
0.23478293418884277
0.2376713752746582
0.23804235458374023
0.23222827911376953
0.3395991325378418
0.23228979110717773
0.23954987525939941
0.23967719078063965
0.23587679862976074
0.2564229965209961
0.24037957191467285
0.25726866722106934
0.23725581169128418
0.22802042961120605
0.239607572555542
0.2533280849456787
0.23638391494750977
0.23734164237976074
0.25694847106933594
0.25671958923339844
0.23379182815551758
0.23692107200622559
0.23891520500183105
0.24031376838684082
0.24053955078125
0.23287534713745117
0.24123287200927734
0.26170849800109863
0.24092912673950195
0.23892879486083984
