0.24217939376831055
0.24063491821289062
0.2526423931121826
0.26863789558410645
0.23712897300720215
0.2350757122039795
0.2344961166381836
0.24200034141540527
0.23765778541564941
0.2154550552368164
0.23483896255493164
0.23877835273742676
0.2332146167755127
0.24734163284301758
0.23377084732055664
0.2414076328277588
0.2474074363708496
0.2228224277496338
0.23363137245178223
0.24946045875549316
0.23244547843933105
0.233551025390625
0.2388930320739746
0.23043441772460938
0.22386646270751953
0.24408912658691406
0.2268047332763672
0.24304842948913574
0.2461998462677002
0.22754430770874023
0.21940827369689941
0.23523569107055664
0.23460626602172852
0.23551034927368164
0.23215961456298828
0.235121488571167
0.23236727714538574
0.23363804817199707
0.2561945915222168
0.22733092308044434
0.23318076133728027
0.24756765365600586
0.23845148086547852
0.2507364749908447
0.24001812934875488
0.2410287857055664
0.23169350624084473
0.24184608459472656
0.23861098289489746
0.23462772369384766
0.23690557479858398
0.23531556129455566
0.22466325759887695
0.23386621475219727
0.2442927360534668
0.23308515548706055
0.3379690647125244
0.355867862701416
0.3899044990539551
0.22582650184631348
0.2330026626586914
0.26676511764526367
0.26581573486328125
0.24175500869750977
0.2207627296447754
0.23406171798706055
0.23306965827941895
0.23547792434692383
0.23331522941589355
0.25418686866760254
0.24996161460876465
0.231095552444458
0.23977184295654297
0.23768329620361328
0.24383902549743652
0.2286524772644043
0.2628040313720703
0.2259063720703125
0.23829984664916992
0.25319457054138184
0.22997546195983887
0.24407219886779785
0.22880315780639648
0.22031641006469727
0.2283182144165039
0.22365951538085938
0.26561641693115234
0.2520122528076172
0.22350645065307617
0.22588157653808594
0.2399754524230957
0.23730254173278809
0.23523926734924316
0.23503661155700684
0.2268688678741455
0.23175382614135742
0.22787237167358398
0.2404179573059082
0.2685413360595703
0.24476933479309082
0.4147989749908447
0.23504853248596191
0.23468899726867676
0.24124908447265625
0.23418354988098145
0.2281942367553711
0.229752779006958
0.23582887649536133
0.2499527931213379
0.2400054931640625
0.22647452354431152
0.23688840866088867
0.23933672904968262
0.2296009063720703
0.24010300636291504
0.23429250717163086
0.2350008487701416
0.2298567295074463
0.26920270919799805
0.233870267868042
0.22909760475158691
0.23928093910217285
0.24754858016967773
0.24353289604187012
0.2474663257598877
0.23844170570373535
0.2496168613433838
0.21737384796142578
0.2432413101196289
0.23453640937805176
0.2590956687927246
0.26208996772766113
0.24616527557373047
0.23192238807678223
0.22027802467346191
0.23505544662475586
0.2401747703552246
0.22417783737182617
0.232696533203125
0.2327747344970703
0.2619588375091553
0.2411811351776123
0.23495030403137207
0.22296643257141113
0.22701668739318848
0.23485732078552246
0.236328125
0.23477840423583984
0.227827787399292
0.2352306842803955
0.22410821914672852
0.23926544189453125
0.250166654586792
0.2627294063568115
0.22841572761535645
0.23871850967407227
0.2368457317352295
0.2510037422180176
0.29500794410705566
0.24938106536865234
0.24232816696166992
0.23464059829711914
0.3070058822631836
0.23558878898620605
0.36849331855773926
0.23777270317077637
0.23857855796813965
0.25543689727783203
0.23945236206054688
0.2611658573150635
0.24137401580810547
0.2475147247314453
0.22893071174621582
0.23508381843566895
0.2249469757080078
0.22826004028320312
0.23999643325805664
0.23790740966796875
0.22571897506713867
0.23482704162597656
0.24342894554138184
0.34646058082580566
0.2511324882507324
0.2719862461090088
0.24841809272766113
0.24083447456359863
0.22806477546691895
0.22230124473571777
0.2375168800354004
0.2310175895690918
0.22565197944641113
0.251662015914917
0.23569512367248535
0.25019192695617676
0.23235821723937988
0.23656749725341797
0.23319506645202637
0.23060011863708496
0.22971248626708984
0.2331688404083252
0.24534320831298828
0.24554753303527832
0.2316138744354248
0.22319841384887695
0.24771785736083984
0.2250652313232422
0.3648254871368408
0.23110628128051758
0.23726320266723633
0.23872089385986328
0.23437738418579102
0.24500012397766113
0.23102092742919922
0.2505381107330322
0.24028563499450684
0.23827648162841797
0.3213338851928711
0.24166297912597656
0.24005508422851562
0.2360517978668213
0.23299026489257812
0.2249610424041748
0.24999642372131348
0.2519688606262207
0.23026204109191895
0.21616911888122559
0.23422598838806152
0.22406554222106934
0.23673582077026367
0.24132275581359863
0.21562767028808594
0.23895931243896484
0.23588132858276367
0.23546767234802246
0.24518752098083496
0.21786904335021973
0.2539660930633545
0.22800135612487793
0.2339308261871338
0.35329222679138184
0.23380684852600098
0.2617521286010742
0.26477956771850586
0.24299168586730957
0.2381610870361328
0.24212908744812012
0.2369072437286377
0.2210254669189453
0.23610496520996094
0.23296785354614258
0.24605202674865723
0.22894883155822754
0.23151826858520508
0.22756743431091309
0.231095552444458
0.25655364990234375
0.2425680160522461
0.2627279758453369
0.25670504570007324
0.2546520233154297
0.23582100868225098
0.22125482559204102
0.23895049095153809
0.2399904727935791
0.2230970859527588
0.2329270839691162
0.25185513496398926
0.2250957489013672
0.23639273643493652
0.22394824028015137
0.22934174537658691
0.2239527702331543
0.23676705360412598
0.23043465614318848
0.23978805541992188
0.23748993873596191
0.2292618751525879
0.21842312812805176
0.23811006546020508
0.24138808250427246
0.2577996253967285
0.23165011405944824
0.24117040634155273
0.2285480499267578
0.2523970603942871
0.24582290649414062
0.24423933029174805
0.2536814212799072
0.2505612373352051
0.2359151840209961
0.31996989250183105
0.24111342430114746
0.23343539237976074
0.23543810844421387
0.23082566261291504
0.24181842803955078
0.25399327278137207
0.23897385597229004
0.25099730491638184
0.2759714126586914
0.23642349243164062
0.23303580284118652
0.24102449417114258
0.24265027046203613
0.25493860244750977
0.23445487022399902
0.2386624813079834
0.2402024269104004
0.24156641960144043
0.2504856586456299
0.2594008445739746
0.23949813842773438
0.2349691390991211
0.24008560180664062
0.24123430252075195
0.23284482955932617
0.3346247673034668
0.224104642868042
0.236006498336792
0.23952245712280273
0.22229290008544922
0.23496198654174805
0.24252748489379883
0.22547459602355957
0.24319052696228027
0.22261738777160645
0.2297508716583252
0.23358631134033203
0.2263655662536621
0.24735546112060547
0.24083161354064941
0.23774385452270508
0.2362689971923828
0.23595666885375977
0.23084306716918945
0.23588871955871582
0.24916505813598633
0.24282050132751465
0.2540442943572998
0.24047136306762695
0.2371082305908203
0.23071908950805664
0.2381880283355713
0.2358853816986084
0.24984431266784668
0.24683856964111328
0.24379515647888184
0.24435186386108398
0.23158025741577148
0.230942964553833
0.253432035446167
0.2350325584411621
0.23933982849121094
0.25813722610473633
0.25966954231262207
0.2526991367340088
0.23295211791992188
0.24066734313964844
0.23337769508361816
0.24865150451660156
0.2630774974822998
0.24048161506652832
0.2383131980895996
0.2443852424621582
0.2342967987060547
0.2578911781311035
0.2356710433959961
0.2478790283203125
0.25691723823547363
0.23292303085327148
0.22539758682250977
0.21974539756774902
0.28189611434936523
0.2569103240966797
0.2889106273651123
0.25191307067871094
0.23680877685546875
0.26733827590942383
0.257368803024292
0.26102566719055176
0.2548239231109619
0.23409152030944824
0.2186734676361084
0.21940159797668457
0.2343888282775879
0.23679184913635254
0.23497319221496582
0.23694920539855957
0.24399113655090332
0.23296904563903809
0.234971284866333
0.2327711582183838
0.31906676292419434
0.267681360244751
0.24362778663635254
0.27664661407470703
0.2297649383544922
0.2370758056640625
0.23834228515625
0.23390603065490723
0.23156404495239258
0.22023844718933105
0.2376868724822998
0.24825644493103027
0.23663115501403809
0.2304074764251709
0.22311663627624512
0.23813891410827637
0.23884224891662598
0.22372198104858398
0.2289724349975586
0.22176361083984375
0.23334002494812012
0.23162388801574707
0.23865509033203125
0.2538442611694336
0.23141860961914062
0.2413926124572754
0.24428272247314453
0.23745012283325195
0.23224472999572754
0.23206138610839844
0.2348933219909668
0.23954153060913086
0.2319200038909912
0.21804237365722656
0.24539899826049805
0.22629570960998535
0.244642972946167
0.23743844032287598
0.24148011207580566
0.2346341609954834
0.23373103141784668
0.23483824729919434
0.22824692726135254
0.39039134979248047
0.23952913284301758
0.24658441543579102
0.2840433120727539
0.23052525520324707
0.2271406650543213
0.2370436191558838
0.2431490421295166
0.23154592514038086
0.24028420448303223
0.23546266555786133
0.4454233646392822
0.32850003242492676
0.3740048408508301
0.23081517219543457
0.22758841514587402
0.23199057579040527
0.2318580150604248
0.23205208778381348
0.24621129035949707
0.25440287590026855
0.24801349639892578
0.23699378967285156
0.2359776496887207
0.23549509048461914
0.23697447776794434
0.23448824882507324
0.25241732597351074
0.2150135040283203
0.26605892181396484
0.2740483283996582
0.22947096824645996
0.2242755889892578
0.230421781539917
0.2333817481994629
0.23511648178100586
0.23644447326660156
0.22397112846374512
0.23902010917663574
0.2416386604309082
0.2486124038696289
0.23525333404541016
0.23886680603027344
0.2334461212158203
0.24458789825439453
0.2446753978729248
0.23393487930297852
0.23578310012817383
0.23985791206359863
0.25289416313171387
0.23915410041809082
0.24028539657592773
0.2368941307067871
0.23290562629699707
0.24412989616394043
0.24103283882141113
0.2307298183441162
0.23682212829589844
0.22456693649291992
0.22023653984069824
0.232558012008667
0.2521989345550537
0.23290038108825684
0.24297809600830078
0.24797725677490234
0.23290228843688965
0.22708678245544434
0.22890710830688477
0.23333406448364258
0.23147344589233398
0.23457050323486328
0.3971364498138428
0.2684905529022217
0.25150132179260254
0.36383485794067383
0.24544143676757812
0.26629066467285156
0.2347104549407959
0.227264404296875
0.23731374740600586
0.23685574531555176
0.24416708946228027
0.24398064613342285
0.223954439163208
0.22520732879638672
0.2341160774230957
0.2422020435333252
0.24385476112365723
0.2608067989349365
0.2642021179199219
0.22884607315063477
0.22540688514709473
0.25224733352661133
0.30388426780700684
0.2379753589630127
0.2260594367980957
0.26020026206970215
0.23563528060913086
0.2226254940032959
0.24762392044067383
0.23727726936340332
0.2381908893585205
0.23400020599365234
0.24489641189575195
0.2558600902557373
0.2374706268310547
0.2350912094116211
0.24470257759094238
0.2346789836883545
0.24989914894104004
0.2480332851409912
0.23171019554138184
0.22144150733947754
0.22244691848754883
0.23404765129089355
0.2457578182220459
0.251462459564209
0.2373955249786377
0.23689889907836914
0.2216353416442871
0.23482584953308105
0.23279690742492676
0.24391460418701172
0.23603343963623047
0.22200274467468262
0.23502349853515625
0.21902084350585938
0.2752556800842285
0.22774720191955566
0.30898165702819824
0.21330666542053223
0.2268357276916504
0.22922205924987793
0.2306804656982422
0.23320794105529785
0.2331089973449707
0.2405717372894287
0.23498201370239258
0.2362959384918213
0.23574328422546387
0.2264080047607422
0.23645234107971191
0.2374434471130371
0.2234799861907959
0.22505545616149902
0.23918867111206055
0.2526576519012451
0.25198841094970703
0.23482990264892578
0.26274847984313965
0.257871150970459
0.22323966026306152
0.22784209251403809
0.2339925765991211
0.22977900505065918
0.24268388748168945
0.24178671836853027
0.25076723098754883
0.2359178066253662
0.23842573165893555
0.2385728359222412
0.22758102416992188
0.2545487880706787
0.24288582801818848
0.2514078617095947
0.26863694190979004
0.23996782302856445
0.23328900337219238
0.23747754096984863
0.26989006996154785
0.23200249671936035
0.23998546600341797
0.24146437644958496
0.7785108089447021
1.489058256149292
1.6697406768798828
1.686676025390625
1.9700143337249756
1.0981998443603516
1.301485300064087
0.7441051006317139
1.3479290008544922
1.6696803569793701
0.8217906951904297
0.6685385704040527
1.19844388961792
0.5142288208007812
0.3061490058898926
0.24332404136657715
0.23633575439453125
0.24128985404968262
0.2533092498779297
0.2391824722290039
0.23346900939941406
0.22973155975341797
0.24114394187927246
0.22240066528320312
0.2250981330871582
0.24538755416870117
0.24654650688171387
0.23545002937316895
0.22701811790466309
0.22273612022399902
0.23776578903198242
0.24756169319152832
0.24969911575317383
0.2389380931854248
0.2439436912536621
0.2488877773284912
0.25595974922180176
0.2515127658843994
0.23122167587280273
0.2248549461364746
0.2528419494628906
0.26709938049316406
0.2470073699951172
0.2578437328338623
0.23976588249206543
0.24556398391723633
0.23064398765563965
0.2287614345550537
0.2440803050994873
0.2346513271331787
0.2406315803527832
0.2315988540649414
0.2240314483642578
0.21453213691711426
0.22499895095825195
0.2271420955657959
0.24700164794921875
0.2660024166107178
0.23896312713623047
0.23396587371826172
0.24102139472961426
0.22832655906677246
0.23736834526062012
0.23415756225585938
0.23029494285583496
0.2345726490020752
0.22349882125854492
0.23543429374694824
0.2355358600616455
0.2358865737915039
0.23799753189086914
0.2552008628845215
0.2455754280090332
0.22907090187072754
0.2517828941345215
0.22709107398986816
0.23174047470092773
0.2341768741607666
0.24009132385253906
0.2393651008605957
0.2301771640777588
0.23704075813293457
0.2371656894683838
0.23379874229431152
0.23507046699523926
0.22971701622009277
0.23196029663085938
0.2390427589416504
0.324939489364624
0.23815321922302246
0.23259973526000977
0.25040578842163086
0.2448897361755371
0.24718427658081055
0.22956132888793945
0.2466742992401123
0.25305962562561035
0.24250507354736328
0.23503684997558594
0.23493146896362305
0.24578595161437988
0.23556733131408691
0.22600293159484863
0.23517274856567383
0.24711155891418457
0.25064706802368164
0.23465800285339355
0.23949933052062988
0.2417130470275879
0.32532668113708496
0.23425579071044922
0.21879935264587402
0.39558982849121094
0.22039294242858887
0.3757355213165283
0.2320842742919922
0.23707914352416992
0.25301694869995117
0.2346644401550293
0.23743104934692383
0.22216272354125977
0.23066473007202148
0.23309040069580078
0.23702573776245117
0.23878073692321777
0.23798751831054688
0.24175333976745605
0.24955272674560547
0.2333366870880127
0.2397327423095703
0.23951315879821777
0.22210264205932617
0.2308342456817627
0.226365327835083
0.23750853538513184
0.24704408645629883
0.25522923469543457
0.2542431354522705
0.24236321449279785
0.24086403846740723
0.23705744743347168
0.2501661777496338
0.23613786697387695
0.23811841011047363
0.2363901138305664
0.2312607765197754
0.23493289947509766
0.23295378684997559
0.23935580253601074
0.24958062171936035
0.24439120292663574
0.23803496360778809
0.2556736469268799
0.23113036155700684
0.23793792724609375
0.23624038696289062
0.23709511756896973
0.2325737476348877
0.25398969650268555
0.23278021812438965
0.2584061622619629
0.2595350742340088
0.24151396751403809
0.2258598804473877
0.23856306076049805
0.23539137840270996
0.2464289665222168
0.25463199615478516
0.2579381465911865
0.23500514030456543
0.24204063415527344
0.23616290092468262
0.22375249862670898
0.25132036209106445
0.2513294219970703
0.24109649658203125
0.25135207176208496
0.2642829418182373
0.254347562789917
0.22046661376953125
0.23153042793273926
0.2378382682800293
0.23473286628723145
0.2246110439300537
0.23636269569396973
0.2379748821258545
0.24498462677001953
0.23314666748046875
0.23341059684753418
0.23370003700256348
0.24962615966796875
0.23745107650756836
0.24874258041381836
0.23854780197143555
0.24204421043395996
0.28806281089782715
0.2413163185119629
0.24559903144836426
0.22805023193359375
0.25603365898132324
0.2255241870880127
0.23482131958007812
0.25673842430114746
0.24772167205810547
0.24058747291564941
0.23936247825622559
0.2559380531311035
0.22899484634399414
0.24433183670043945
0.23632550239562988
0.26760315895080566
0.23737645149230957
0.2324213981628418
0.23245978355407715
0.22780370712280273
0.2435762882232666
0.233504056930542
0.2385861873626709
0.23843979835510254
0.24617910385131836
0.2335371971130371
0.24069547653198242
0.22398781776428223
0.2313370704650879
0.23585057258605957
0.2340381145477295
0.23297595977783203
0.236053466796875
0.23704886436462402
0.2621736526489258
0.2256946563720703
0.23682808876037598
0.23398065567016602
0.23883795738220215
0.275738000869751
0.3217620849609375
0.2510390281677246
0.2591981887817383
0.3337581157684326
0.4132571220397949
0.3689303398132324
0.23962974548339844
0.23771357536315918
0.23352408409118652
0.23257184028625488
0.23428916931152344
0.24301981925964355
0.23734235763549805
0.28580355644226074
0.22110581398010254
0.23470735549926758
0.25290870666503906
0.26969146728515625
0.23071694374084473
0.24604225158691406
0.23464560508728027
0.2505021095275879
0.23443889617919922
0.24205589294433594
0.22524547576904297
0.23224806785583496
0.2554967403411865
0.23702526092529297
0.254000186920166
0.23656249046325684
0.2164914608001709
0.22112274169921875
0.2390289306640625
0.2461848258972168
0.24010181427001953
0.23365545272827148
0.24097847938537598
0.23801326751708984
0.23966050148010254
0.23681068420410156
0.2420639991760254
0.21824884414672852
0.23481297492980957
0.23422718048095703
0.22511887550354004
0.23271775245666504
0.22380638122558594
0.2210700511932373
0.24001002311706543
0.24009966850280762
0.2500474452972412
0.2461848258972168
0.2872805595397949
0.2396860122680664
0.23759722709655762
0.2312943935394287
0.2348496913909912
0.24347376823425293
0.2212843894958496
0.22771382331848145
0.23495793342590332
0.23688912391662598
0.23304367065429688
0.24613118171691895
0.22718429565429688
0.23652863502502441
0.23904013633728027
0.23505949974060059
0.234619140625
0.23569583892822266
0.23385286331176758
0.23075652122497559
0.23446083068847656
0.22011184692382812
0.2481706142425537
0.26366662979125977
0.23491501808166504
0.23618435859680176
0.2346200942993164
0.23213672637939453
0.23880839347839355
0.22974753379821777
0.23691678047180176
0.23465871810913086
0.24208641052246094
0.2322988510131836
0.22732305526733398
0.2319793701171875
0.22964000701904297
0.24662446975708008
0.2364506721496582
0.23726201057434082
0.23850107192993164
0.2319347858428955
0.24897193908691406
0.2600131034851074
0.22756481170654297
0.23591971397399902
0.23681092262268066
0.23325800895690918
0.236647367477417
0.23336243629455566
0.23465919494628906
0.23039460182189941
0.23815441131591797
0.23642611503601074
0.23687148094177246
0.2386794090270996
0.2348930835723877
0.2334282398223877
0.241868257522583
0.22588610649108887
0.2284243106842041
0.23498201370239258
0.23796796798706055
0.23226451873779297
0.23131108283996582
0.2280714511871338
0.22508668899536133
0.24605870246887207
0.238023042678833
0.2393665313720703
0.22523975372314453
0.22039055824279785
0.2396087646484375
0.23432564735412598
0.2368173599243164
0.2388753890991211
0.25426530838012695
0.23291397094726562
0.2582070827484131
0.2326521873474121
0.24886751174926758
0.25343966484069824
0.24167299270629883
0.2440814971923828
0.23267364501953125
0.24936485290527344
0.22812533378601074
0.22982263565063477
0.2258450984954834
0.25621461868286133
0.2512185573577881
0.24338984489440918
0.2369709014892578
0.23097586631774902
0.24104619026184082
0.23583769798278809
0.2322683334350586
0.23395442962646484
0.23053741455078125
0.23436522483825684
0.23963499069213867
0.2281932830810547
0.2268686294555664
0.2597959041595459
0.2468092441558838
0.23381853103637695
0.24366021156311035
0.24367880821228027
0.23369383811950684
0.2569704055786133
0.23230719566345215
0.2305908203125
0.22761940956115723
0.2216808795928955
0.23667168617248535
0.2566871643066406
0.22798538208007812
0.24589300155639648
0.2318127155303955
0.23273563385009766
0.23682117462158203
0.24054932594299316
0.23145318031311035
0.23203754425048828
0.23691701889038086
0.23879623413085938
0.24593400955200195
0.24460291862487793
0.23406171798706055
0.22715234756469727
0.21944665908813477
0.2428579330444336
0.23515009880065918
0.2326815128326416
0.2374119758605957
0.23107194900512695
0.25317907333374023
0.2363567352294922
0.2547028064727783
0.24059748649597168
0.241166353225708
0.2264399528503418
0.2847745418548584
0.2675650119781494
0.2547180652618408
0.26125073432922363
0.2664358615875244
0.26943039894104004
0.26946139335632324
0.23706412315368652
0.2441730499267578
0.2333981990814209
0.260073184967041
0.25986695289611816
0.23747658729553223
0.234910249710083
0.23900485038757324
0.22962355613708496
0.2386021614074707
0.2390003204345703
0.2522866725921631
0.23948431015014648
0.252455472946167
0.24544477462768555
0.22943496704101562
0.2475430965423584
0.23285555839538574
0.25573301315307617
0.22508454322814941
0.24667882919311523
0.23657703399658203
0.234419584274292
0.23716211318969727
0.2390584945678711
0.23622465133666992
0.236830472946167
0.22166848182678223
0.25292396545410156
0.23692703247070312
0.24097514152526855
0.24300575256347656
0.2889106273651123
0.2338559627532959
0.23728466033935547
0.22306323051452637
0.23099350929260254
0.22585558891296387
0.23968768119812012
0.2380990982055664
0.23745369911193848
0.25322771072387695
0.23442769050598145
0.2308814525604248
0.24332547187805176
0.23474335670471191
0.2299211025238037
0.22087788581848145
0.23069238662719727
0.22771430015563965
0.2582437992095947
0.2518777847290039
0.22858881950378418
0.2445526123046875
0.23878788948059082
0.2355053424835205
0.23771214485168457
0.25614047050476074
0.25502824783325195
0.25415658950805664
0.26328110694885254
0.2534761428833008
0.25322914123535156
0.26439785957336426
0.23395657539367676
0.24383091926574707
0.2495739459991455
0.2406160831451416
0.2482140064239502
0.23178839683532715
0.22251057624816895
0.22995686531066895
0.2324216365814209
0.2538795471191406
0.2419729232788086
0.23993563652038574
0.22803568840026855
0.25502800941467285
0.23818469047546387
0.24609923362731934
0.23361468315124512
0.22087311744689941
0.24802446365356445
0.2517421245574951
0.26282453536987305
0.2381572723388672
0.24034571647644043
0.22736835479736328
0.23108506202697754
0.23652243614196777
0.231154203414917
0.23081541061401367
0.22318196296691895
0.24322271347045898
0.22936177253723145
0.2322547435760498
0.23229479789733887
0.23221230506896973
0.25008678436279297
0.2289714813232422
0.22360539436340332
0.24722981452941895
0.22722268104553223
0.23223400115966797
0.23770761489868164
0.440082311630249
0.2248060703277588
0.2351977825164795
0.22933077812194824
0.23003315925598145
0.2259683609008789
0.2379601001739502
0.2390003204345703
0.23003649711608887
0.23526644706726074
0.28502726554870605
0.24502944946289062
0.2510828971862793
0.23429250717163086
0.23508238792419434
0.23390936851501465
0.2347428798675537
0.23905229568481445
0.24434828758239746
0.22987151145935059
0.22916078567504883
0.21959471702575684
0.2610645294189453
0.25028157234191895
0.23881268501281738
0.22894930839538574
0.2262120246887207
0.24300217628479004
0.24135112762451172
0.22905921936035156
0.24548768997192383
0.24345183372497559
0.2252507209777832
0.23895025253295898
0.22503399848937988
0.24021172523498535
0.22823119163513184
0.2421889305114746
0.21882939338684082
0.22548508644104004
0.23699617385864258
0.23314547538757324
0.23543763160705566
0.23293256759643555
0.23760271072387695
0.23335528373718262
0.2357008457183838
0.2289130687713623
0.23598790168762207
0.23570895195007324
0.24503684043884277
0.22765231132507324
0.2406916618347168
0.23105716705322266
0.24003148078918457
0.327955961227417
0.3448178768157959
0.24691367149353027
0.23903679847717285
0.23305249214172363
0.2101895809173584
0.23551106452941895
0.23715949058532715
0.2330465316772461
0.2326195240020752
0.2367415428161621
0.2328352928161621
0.23444151878356934
0.22046613693237305
0.23250031471252441
0.23501276969909668
0.23628759384155273
0.23476171493530273
0.2326192855834961
0.23673582077026367
0.21456241607666016
0.2339036464691162
0.23598241806030273
0.24111270904541016
0.23888301849365234
0.22504496574401855
0.23601245880126953
0.2360384464263916
0.23699402809143066
0.24998068809509277
0.23223376274108887
0.23509883880615234
0.2397444248199463
0.2347257137298584
0.23544883728027344
0.2433018684387207
0.22427845001220703
0.43209099769592285
0.4421250820159912
0.3753228187561035
0.23611950874328613
0.26702380180358887
0.23409652709960938
0.23089146614074707
0.250316858291626
0.24048066139221191
0.22379827499389648
0.23077678680419922
0.24991440773010254
0.253324031829834
0.2358415126800537
0.23243975639343262
0.2284247875213623
0.23063039779663086
0.2486560344696045
0.22578024864196777
0.2521512508392334
0.23634576797485352
0.22409510612487793
0.23669147491455078
0.24379348754882812
0.22996902465820312
0.26185083389282227
0.2286241054534912
0.23279905319213867
0.23650145530700684
0.2354128360748291
0.2513303756713867
0.2349989414215088
0.23797011375427246
0.32592105865478516
0.23331928253173828
0.244093656539917
0.24404501914978027
0.26223182678222656
0.23606228828430176
0.23880314826965332
0.2314159870147705
0.2365124225616455
0.24900364875793457
0.2609868049621582
0.23700737953186035
0.408292293548584
0.2719850540161133
0.22785019874572754
0.23031377792358398
0.24504780769348145
0.25813865661621094
0.2245626449584961
0.2266988754272461
0.2320237159729004
0.23713016510009766
0.24551153182983398
0.2268979549407959
0.2561042308807373
0.3187863826751709
0.26569199562072754
0.2532799243927002
0.23494291305541992
0.25669407844543457
0.2608063220977783
0.23283004760742188
0.22127461433410645
0.22265362739562988
0.31722044944763184
0.2219991683959961
0.23003220558166504
0.24160480499267578
0.23473525047302246
0.22162699699401855
0.2315225601196289
0.23338007926940918
0.23263788223266602
0.23677682876586914
0.24821209907531738
0.22118330001831055
0.25457239151000977
0.23747563362121582
0.23864006996154785
0.23295974731445312
0.23198509216308594
0.24243831634521484
0.2324228286743164
0.22950410842895508
0.24377799034118652
0.2676079273223877
0.4118518829345703
0.24242830276489258
0.22800445556640625
0.24490785598754883
0.25794291496276855
0.235093355178833
0.2379446029663086
0.22891664505004883
0.23919272422790527
0.22461771965026855
0.2212991714477539
0.24427485466003418
0.24620938301086426
0.23728346824645996
0.22065472602844238
0.2505671977996826
0.24617505073547363
0.23578882217407227
0.2410132884979248
0.23601293563842773
0.23741507530212402
0.2566196918487549
0.2429494857788086
0.23923420906066895
0.23538422584533691
0.22947359085083008
0.23559284210205078
0.23801255226135254
0.22611594200134277
0.23275351524353027
0.23467397689819336
0.23923730850219727
0.2302098274230957
0.2315833568572998
0.22759413719177246
0.21932578086853027
0.28759193420410156
0.22696566581726074
0.2675204277038574
0.23746109008789062
0.24439573287963867
0.24336647987365723
0.2663705348968506
0.26841163635253906
0.2503035068511963
0.2198200225830078
0.22751474380493164
0.22684478759765625
0.2259843349456787
0.23372578620910645
0.2683393955230713
0.2186412811279297
0.223968505859375
0.24354958534240723
0.23440957069396973
0.22731709480285645
0.22128891944885254
0.24829578399658203
0.24185705184936523
0.2533276081085205
0.2390460968017578
0.24858427047729492
0.2575094699859619
0.24753665924072266
0.231309175491333
0.22556161880493164
0.24540305137634277
0.25856900215148926
0.2546064853668213
0.2328784465789795
0.24382328987121582
0.23952674865722656
0.23599624633789062
0.24185562133789062
0.2418828010559082
0.25159645080566406
0.23915600776672363
0.27277088165283203
0.23638200759887695
0.24114179611206055
0.2325572967529297
0.2232072353363037
0.22362136840820312
0.23184537887573242
0.2487339973449707
0.2519228458404541
0.22467422485351562
0.2342526912689209
0.2292041778564453
0.23071551322937012
0.23458409309387207
0.24277472496032715
0.25179362297058105
0.2327120304107666
0.24747157096862793
0.2141430377960205
0.2364206314086914
0.22624874114990234
0.2272636890411377
0.25366735458374023
0.23151588439941406
0.23815536499023438
0.21823859214782715
0.22997260093688965
0.2337806224822998
0.23843169212341309
0.23997712135314941
0.24594855308532715
0.22734498977661133
0.23723626136779785
0.24764180183410645
0.23010611534118652
0.23936724662780762
0.23452401161193848
0.23682308197021484
0.2379610538482666
0.2340404987335205
0.21884942054748535
0.23415565490722656
0.2777214050292969
0.270763635635376
0.22127604484558105
0.22246599197387695
0.2408590316772461
0.25360918045043945
0.2525973320007324
0.2499988079071045
0.23695588111877441
0.2302076816558838
0.2137908935546875
0.23473477363586426
0.23600983619689941
0.26409149169921875
0.23817157745361328
0.23517942428588867
0.25416111946105957
0.23862266540527344
0.2364790439605713
0.2593982219696045
0.24738502502441406
0.25652480125427246
0.24210548400878906
0.24514269828796387
0.22855806350708008
0.2595205307006836
0.25963282585144043
0.24513626098632812
0.2413160800933838
0.2360529899597168
0.2300102710723877
0.24855828285217285
0.26239585876464844
0.23378539085388184
0.23971796035766602
0.23980164527893066
0.23427128791809082
0.23807024955749512
0.24148011207580566
0.23155832290649414
0.24060511589050293
0.23573541641235352
0.2364199161529541
0.2380058765411377
0.23841428756713867
0.24620509147644043
0.23381662368774414
0.23181533813476562
0.2350313663482666
0.24107742309570312
0.23698091506958008
