0.2661721706390381
0.2560291290283203
0.25324559211730957
0.23591303825378418
0.23500561714172363
0.2537548542022705
0.24256682395935059
0.2703530788421631
0.24203181266784668
0.2387676239013672
0.2238774299621582
0.2395472526550293
0.23111367225646973
0.22528290748596191
0.22286295890808105
0.23850631713867188
0.2569160461425781
0.23986482620239258
0.24639153480529785
0.24182748794555664
0.22883820533752441
0.7458631992340088
0.24365949630737305
0.27362728118896484
0.25209808349609375
0.22973847389221191
0.24417543411254883
0.23835039138793945
0.22278261184692383
0.23790431022644043
0.23957371711730957
0.23147296905517578
0.2326819896697998
0.2532923221588135
0.2388136386871338
0.24398303031921387
0.2579934597015381
0.23543286323547363
0.2401905059814453
0.23273968696594238
0.2378394603729248
0.23888492584228516
0.2379305362701416
0.29270219802856445
0.24044156074523926
0.24287652969360352
0.21903634071350098
0.24805283546447754
0.22767400741577148
0.24444937705993652
0.21622514724731445
0.24644184112548828
0.25243473052978516
0.23768949508666992
0.23787713050842285
0.24450469017028809
0.2503700256347656
0.23182249069213867
0.24027442932128906
0.24933433532714844
0.24692320823669434
0.25542736053466797
0.2291734218597412
0.23988795280456543
0.23798680305480957
0.253049373626709
0.23974227905273438
0.2320244312286377
0.24087834358215332
0.23703312873840332
0.23369097709655762
0.22893357276916504
0.23418045043945312
0.225433349609375
0.24364995956420898
0.2521343231201172
0.23413538932800293
0.23276591300964355
0.22836852073669434
0.2430574893951416
0.2381272315979004
0.24046826362609863
0.25312209129333496
0.23199868202209473
0.22176861763000488
0.23676443099975586
0.24000120162963867
0.23870563507080078
0.249708890914917
0.22782444953918457
0.22577524185180664
0.24964404106140137
0.2553725242614746
0.23093700408935547
0.2531571388244629
0.2357473373413086
0.23409223556518555
0.24440836906433105
0.2622077465057373
0.23596692085266113
0.24089908599853516
0.23491239547729492
0.23204421997070312
0.37405991554260254
1.2482988834381104
0.2410891056060791
0.24736666679382324
0.23732852935791016
0.2552664279937744
0.23642706871032715
0.23932528495788574
0.22396111488342285
0.24881553649902344
0.25145411491394043
0.2291278839111328
0.22767877578735352
0.22816848754882812
0.22770357131958008
0.24142193794250488
0.224076509475708
0.2334134578704834
0.2540466785430908
0.2355504035949707
0.22952556610107422
0.2359006404876709
0.23398399353027344
0.2643296718597412
0.23015069961547852
0.255723237991333
0.2569408416748047
0.2505621910095215
0.2326653003692627
0.2322521209716797
0.2353980541229248
0.2506728172302246
0.2556419372558594
0.25001955032348633
0.25740575790405273
0.2658660411834717
0.23399114608764648
0.24266767501831055
0.2496645450592041
0.2245182991027832
0.2410130500793457
0.25691914558410645
0.23961687088012695
0.23998546600341797
0.22089838981628418
0.24184656143188477
0.21907949447631836
0.23430204391479492
0.2634408473968506
0.23631596565246582
0.23798370361328125
0.2554757595062256
0.234724760055542
0.24466872215270996
0.232924222946167
0.23360562324523926
0.23480439186096191
0.23295974731445312
0.24010038375854492
0.2385711669921875
0.240034818649292
0.24315452575683594
0.24136781692504883
0.24115824699401855
0.23510050773620605
0.23729896545410156
0.2397305965423584
0.22821927070617676
0.23577141761779785
0.23790931701660156
0.24189138412475586
0.2480456829071045
0.24374771118164062
0.22370076179504395
0.2397165298461914
0.24617433547973633
0.24381518363952637
0.2906320095062256
0.23750615119934082
0.25308752059936523
0.23735547065734863
0.24355101585388184
0.24855756759643555
0.23589706420898438
0.22702336311340332
0.23343801498413086
0.23732399940490723
0.23421812057495117
0.24176740646362305
0.246201753616333
0.24074792861938477
0.2297508716583252
0.23997950553894043
0.23611116409301758
0.24294567108154297
0.23825812339782715
0.23965907096862793
0.26337742805480957
0.24462151527404785
0.23416781425476074
0.23506617546081543
0.2408151626586914
0.25902390480041504
0.23647046089172363
0.22730398178100586
0.25532007217407227
0.23324322700500488
0.23293471336364746
0.25080204010009766
0.2353038787841797
0.23195767402648926
0.2702946662902832
0.23751616477966309
0.23485279083251953
0.238938570022583
0.2437150478363037
0.23722124099731445
0.23308038711547852
0.23231077194213867
0.25473856925964355
0.24093270301818848
0.24203896522521973
0.2400364875793457
0.24573230743408203
0.24412131309509277
0.34487390518188477
0.22914409637451172
0.23641490936279297
0.23578262329101562
0.23610281944274902
0.2496192455291748
0.4191105365753174
0.3527085781097412
0.249725341796875
0.23581981658935547
0.24045896530151367
0.2244870662689209
0.23864436149597168
0.23401856422424316
0.2393641471862793
0.23669934272766113
0.23935294151306152
0.23096203804016113
0.24022674560546875
0.23973917961120605
0.23804092407226562
0.23650693893432617
0.23708081245422363
0.22394585609436035
0.24668264389038086
0.2268359661102295
0.2413945198059082
0.2341914176940918
0.23243212699890137
0.23566603660583496
0.25197482109069824
0.26797008514404297
0.38940930366516113
0.23370575904846191
0.24060463905334473
0.2393341064453125
0.23712682723999023
0.23495149612426758
0.2360076904296875
0.2466597557067871
0.2365400791168213
0.22429633140563965
0.2261972427368164
0.23906350135803223
0.24007296562194824
0.22019267082214355
0.2297041416168213
0.2618434429168701
0.23046016693115234
0.25834059715270996
0.2506825923919678
0.23132562637329102
0.25161147117614746
0.2442319393157959
1.2374818325042725
0.23865914344787598
0.24303388595581055
0.24884366989135742
0.22452831268310547
0.23704981803894043
0.234649658203125
0.23104500770568848
0.23888731002807617
0.2359921932220459
0.22733688354492188
0.2381608486175537
0.23214197158813477
0.23891019821166992
0.2299211025238037
0.22889375686645508
0.2784092426300049
0.23960328102111816
0.24996280670166016
0.24185562133789062
0.23788166046142578
0.22656846046447754
0.2358994483947754
0.23510336875915527
0.22280049324035645
0.21999168395996094
0.24033451080322266
0.22654008865356445
0.24207639694213867
0.24103188514709473
0.23747634887695312
0.24014687538146973
0.23447251319885254
0.23454809188842773
0.2126145362854004
0.2358720302581787
0.24061226844787598
0.23864269256591797
0.24875926971435547
0.24924683570861816
0.22200965881347656
0.2395641803741455
0.23669004440307617
0.30881643295288086
0.23418211936950684
0.2306826114654541
0.21457195281982422
0.23873424530029297
0.2349388599395752
0.23964428901672363
0.22388815879821777
0.23988676071166992
0.24022197723388672
0.2334887981414795
0.23386669158935547
0.21970224380493164
0.24541187286376953
0.2762477397918701
0.240647554397583
0.2342061996459961
0.22649002075195312
0.23749423027038574
0.26428818702697754
0.2328939437866211
0.2635929584503174
0.22380757331848145
0.24002861976623535
0.2354578971862793
0.2383882999420166
0.2330787181854248
0.23200416564941406
0.24295902252197266
0.2367570400238037
0.2513771057128906
0.24114990234375
0.24534821510314941
0.24927473068237305
0.24415111541748047
0.24089312553405762
0.23599839210510254
0.35896968841552734
0.22904348373413086
0.3626368045806885
0.23943877220153809
0.23052239418029785
0.26005005836486816
0.2378995418548584
0.23262929916381836
0.23826384544372559
0.23924684524536133
0.23437809944152832
0.23468637466430664
0.23040151596069336
0.2548377513885498
0.2441563606262207
0.23514223098754883
0.2395336627960205
0.2301621437072754
0.23482537269592285
0.23755335807800293
0.23434662818908691
0.23862862586975098
0.25316548347473145
0.3097262382507324
0.23745131492614746
0.2391068935394287
0.22591042518615723
0.26078224182128906
0.2435009479522705
0.23495078086853027
0.23315215110778809
0.24098515510559082
0.23690104484558105
0.2339003086090088
0.23359251022338867
0.2769632339477539
0.22841262817382812
0.23096513748168945
0.23600387573242188
0.2394266128540039
0.34750843048095703
0.23454880714416504
0.23548293113708496
0.23400378227233887
0.23694276809692383
0.24501895904541016
0.219207763671875
0.23968887329101562
0.2516751289367676
0.23708057403564453
0.2413330078125
0.23134350776672363
0.2397923469543457
0.25231432914733887
0.23360586166381836
0.2363109588623047
0.23345136642456055
0.2334597110748291
0.24967694282531738
0.25171899795532227
0.24277687072753906
0.23318171501159668
0.2603428363800049
0.23927640914916992
0.2430882453918457
0.2363266944885254
0.23456192016601562
0.23543286323547363
0.23546648025512695
0.2357494831085205
0.23568010330200195
0.29818081855773926
0.23180127143859863
0.23943424224853516
0.23502182960510254
0.24245810508728027
0.2354886531829834
0.24991369247436523
0.26259851455688477
0.24115991592407227
0.3291795253753662
0.2603898048400879
0.319150447845459
0.23197007179260254
0.23499441146850586
0.2323007583618164
0.23784279823303223
0.3236374855041504
0.23357295989990234
0.22746014595031738
0.22836947441101074
0.2284407615661621
0.2345600128173828
0.25878024101257324
0.23653841018676758
0.24860668182373047
0.24284648895263672
0.23870182037353516
0.23427343368530273
0.23342418670654297
0.23543453216552734
0.23890113830566406
0.2374429702758789
0.42499613761901855
0.23566055297851562
0.23073863983154297
0.2328939437866211
0.23489713668823242
0.22785520553588867
0.25956249237060547
0.23947548866271973
0.2402195930480957
0.22881269454956055
0.23511195182800293
0.22968482971191406
0.22879815101623535
0.24429607391357422
0.23430705070495605
0.22687602043151855
0.2457728385925293
0.23994731903076172
0.24510717391967773
0.23404979705810547
0.2369706630706787
0.23915791511535645
0.2300276756286621
0.24074578285217285
0.26477813720703125
0.25555992126464844
0.24993252754211426
0.2462937831878662
0.2498149871826172
0.2588038444519043
0.24505043029785156
0.24653291702270508
0.2300257682800293
0.23920464515686035
0.2508816719055176
0.22246384620666504
0.23284125328063965
0.2537829875946045
0.23411178588867188
0.2449944019317627
0.2579984664916992
0.23738598823547363
0.257082462310791
0.24621343612670898
0.2550323009490967
0.23748469352722168
0.23342204093933105
0.23569035530090332
0.23375368118286133
0.2349104881286621
0.23547601699829102
0.23485970497131348
0.23573875427246094
0.2588229179382324
0.24585366249084473
0.23531699180603027
0.2445693016052246
0.23890089988708496
0.24296236038208008
0.23958110809326172
0.23805499076843262
0.23438167572021484
0.2308504581451416
0.2303299903869629
0.25531649589538574
0.2614281177520752
0.24022483825683594
0.2491002082824707
0.257063627243042
0.22428035736083984
0.2322673797607422
0.2372593879699707
0.2284245491027832
0.23952341079711914
0.2296006679534912
0.2384955883026123
0.2402040958404541
0.22534680366516113
0.26117515563964844
0.233567476272583
0.23736047744750977
0.23974037170410156
0.23945903778076172
0.2476644515991211
0.23384428024291992
0.23932909965515137
0.24121308326721191
0.24875473976135254
0.23688578605651855
0.23449182510375977
0.23378705978393555
0.23844289779663086
0.2359762191772461
0.23993873596191406
0.4272458553314209
0.44456982612609863
0.22399473190307617
0.22686767578125
0.24309182167053223
0.24013018608093262
0.24201607704162598
0.24122881889343262
0.2556743621826172
0.25023841857910156
0.2366950511932373
0.23871374130249023
0.23349738121032715
0.23229527473449707
0.23652434349060059
0.24315285682678223
0.23333978652954102
0.2477107048034668
0.2386622428894043
0.2393186092376709
0.22226357460021973
0.23305010795593262
0.23575639724731445
0.25252294540405273
0.23671865463256836
0.23076200485229492
0.2353360652923584
0.23725461959838867
0.24992585182189941
0.24721622467041016
0.2511942386627197
0.23985624313354492
0.23280978202819824
0.23618650436401367
0.25600314140319824
0.2699556350708008
0.23471617698669434
0.23988986015319824
0.23969125747680664
0.24944710731506348
0.2307589054107666
0.23494291305541992
0.23679184913635254
0.22720861434936523
0.23597216606140137
0.23903894424438477
0.24986720085144043
0.22902464866638184
0.22896456718444824
0.2348480224609375
0.23350739479064941
0.23835492134094238
0.24943947792053223
0.24134182929992676
0.23270273208618164
0.23724365234375
0.24774408340454102
0.24638748168945312
0.23549604415893555
0.22223424911499023
0.24197816848754883
0.2515068054199219
0.30492162704467773
0.23063445091247559
0.24255895614624023
0.23452043533325195
0.23566675186157227
0.26088738441467285
0.2547271251678467
0.2335948944091797
0.2329697608947754
0.2351360321044922
0.23879694938659668
0.23370122909545898
0.238494873046875
0.23488068580627441
0.22135543823242188
0.24626445770263672
0.2595860958099365
0.2501397132873535
0.24349117279052734
0.22665023803710938
0.24082422256469727
0.2626185417175293
0.2379591464996338
0.2351210117340088
0.23465323448181152
0.23306012153625488
0.23784661293029785
0.23917341232299805
0.22249484062194824
0.23968887329101562
0.23400235176086426
0.23385310173034668
0.23392486572265625
0.24289631843566895
0.23554062843322754
0.232940673828125
0.22717523574829102
0.24334216117858887
0.25353479385375977
0.2929844856262207
0.2476949691772461
0.23835062980651855
0.24152255058288574
0.23401522636413574
0.2454819679260254
0.24743938446044922
0.23473143577575684
0.24424409866333008
0.24370241165161133
0.24260497093200684
0.2513418197631836
0.21258139610290527
0.22867321968078613
0.2440178394317627
0.25477170944213867
0.22130393981933594
0.2432546615600586
0.23866653442382812
0.22791361808776855
0.24764585494995117
0.2537038326263428
0.2705569267272949
0.24828147888183594
0.24512553215026855
0.2380380630493164
0.2591111660003662
0.23854446411132812
0.2341136932373047
0.25815868377685547
0.23533272743225098
0.2334294319152832
0.22886991500854492
0.30867958068847656
0.22489380836486816
0.232985258102417
0.2329113483428955
0.36193346977233887
0.24036812782287598
0.2393178939819336
0.21843552589416504
0.23318886756896973
0.2625694274902344
0.23956871032714844
0.2308506965637207
0.22568750381469727
0.22557377815246582
0.23600149154663086
0.23503684997558594
0.23916077613830566
0.23073029518127441
0.23351478576660156
0.2584095001220703
0.2509138584136963
0.23784208297729492
0.23354244232177734
0.23306727409362793
0.23268938064575195
0.2169191837310791
0.22704863548278809
0.23670315742492676
0.22433972358703613
0.2573249340057373
0.2465982437133789
0.23890018463134766
0.23845481872558594
0.23460030555725098
0.23461103439331055
0.23030996322631836
0.24032115936279297
0.2409987449645996
0.22452402114868164
0.24640774726867676
0.24014568328857422
0.23281002044677734
0.24307036399841309
0.24210166931152344
0.2335066795349121
0.24367427825927734
0.23503923416137695
0.234619140625
0.2355952262878418
0.2367238998413086
0.23923087120056152
0.23499822616577148
0.23407793045043945
0.2583587169647217
0.23485016822814941
0.24088811874389648
0.241485595703125
0.2375779151916504
0.23486948013305664
0.2564692497253418
0.23245477676391602
0.23345565795898438
0.24557971954345703
0.2440493106842041
0.24297142028808594
0.2757718563079834
0.27859044075012207
0.3322610855102539
0.3299126625061035
0.3251805305480957
0.3589661121368408
0.278914213180542
0.31681180000305176
0.39571237564086914
0.3537266254425049
0.2701108455657959
0.3966217041015625
0.31325411796569824
0.41103076934814453
0.23773646354675293
0.23998403549194336
0.23586726188659668
0.22886443138122559
0.2372431755065918
0.2399446964263916
0.2194051742553711
0.22676539421081543
0.23108339309692383
0.23297500610351562
0.23764276504516602
0.3248419761657715
0.23008036613464355
0.2509784698486328
0.23492765426635742
0.22400736808776855
0.23611712455749512
0.23663878440856934
0.23619508743286133
0.23091578483581543
0.25958943367004395
0.24832582473754883
0.24494647979736328
0.23209738731384277
0.23669958114624023
0.23338651657104492
0.23800015449523926
0.22815608978271484
0.24616289138793945
0.23552775382995605
0.2266223430633545
0.24261784553527832
0.23747968673706055
0.2612631320953369
0.23905014991760254
0.26816487312316895
0.24231171607971191
0.24037885665893555
0.2508699893951416
0.24639439582824707
0.23652124404907227
0.2798018455505371
0.23442506790161133
0.23418712615966797
0.23514318466186523
0.24298644065856934
0.23398780822753906
0.22779202461242676
0.23153018951416016
0.2442619800567627
0.23616528511047363
0.2310190200805664
0.23221898078918457
0.23617172241210938
0.2315833568572998
0.23751544952392578
0.22960567474365234
0.2351086139678955
0.23600220680236816
0.24498271942138672
0.22581911087036133
0.2307736873626709
0.23494219779968262
0.22317099571228027
0.23030900955200195
0.2246394157409668
0.2336275577545166
0.24363136291503906
0.236419677734375
0.23171186447143555
0.2298588752746582
0.2310175895690918
0.23560714721679688
0.22365856170654297
0.24553656578063965
0.24387049674987793
0.25376033782958984
0.23361849784851074
0.23330950736999512
0.23602509498596191
0.23098182678222656
0.23573589324951172
0.23545074462890625
0.23421144485473633
0.23704791069030762
0.22774720191955566
0.23402786254882812
0.2367546558380127
0.23997068405151367
0.23918652534484863
0.2524125576019287
0.22774434089660645
0.23073554039001465
0.2300424575805664
0.25389623641967773
0.24563121795654297
0.23682093620300293
0.2353363037109375
0.266573429107666
0.24493694305419922
0.2445065975189209
0.23562288284301758
0.23934125900268555
0.22719264030456543
0.23722219467163086
0.24349045753479004
0.23810052871704102
0.25065016746520996
0.2525453567504883
0.23899102210998535
0.2253267765045166
0.2393629550933838
0.23817205429077148
0.30043601989746094
0.2387523651123047
0.23833060264587402
0.23366022109985352
0.23552870750427246
0.23512506484985352
0.2363882064819336
0.2401585578918457
0.23665070533752441
0.24260997772216797
0.23354339599609375
0.23349285125732422
0.23934555053710938
0.23451471328735352
0.23259615898132324
