0.2527792453765869
0.24184942245483398
0.27683258056640625
0.3029913902282715
0.23502469062805176
0.23564648628234863
0.23801732063293457
0.23635315895080566
0.23354029655456543
0.2572154998779297
0.28412532806396484
0.23399758338928223
0.2371985912322998
0.2382664680480957
0.23864150047302246
0.26474452018737793
0.24208545684814453
0.22746539115905762
0.24360418319702148
0.25324106216430664
0.24017763137817383
0.24009323120117188
0.23670148849487305
0.32242727279663086
0.2392435073852539
0.23703503608703613
0.23836326599121094
0.2549018859863281
0.24237322807312012
0.23512959480285645
0.22706317901611328
0.23095989227294922
0.23529911041259766
0.26830482482910156
0.24389433860778809
0.23488330841064453
0.23639321327209473
0.23401093482971191
0.22513341903686523
0.22850489616394043
0.23969268798828125
0.2458653450012207
0.22763991355895996
0.23952054977416992
0.22847628593444824
0.25539612770080566
0.24840307235717773
0.24120426177978516
0.2512390613555908
0.23810505867004395
0.23602056503295898
0.23577308654785156
0.2345273494720459
0.23766207695007324
0.2259516716003418
0.23444843292236328
0.2379894256591797
0.24542880058288574
0.2533705234527588
0.23456263542175293
0.2491154670715332
0.23665308952331543
0.23604226112365723
0.24708080291748047
0.24211645126342773
0.23701214790344238
0.2328789234161377
0.2518777847290039
0.25504183769226074
0.2472236156463623
0.23337745666503906
0.22113752365112305
0.33453893661499023
0.23367738723754883
0.2392737865447998
0.23942852020263672
0.23860621452331543
0.24188756942749023
0.23061633110046387
0.24495959281921387
0.4368267059326172
0.2789630889892578
0.2310023307800293
0.23261404037475586
0.22471356391906738
0.23381924629211426
0.23832440376281738
0.24474263191223145
0.23476290702819824
0.23342657089233398
0.23693132400512695
0.2762279510498047
0.23445987701416016
0.22392749786376953
0.23634886741638184
0.24025511741638184
0.23485159873962402
0.2557206153869629
0.23838233947753906
0.23907065391540527
0.23357343673706055
0.23601627349853516
0.23958301544189453
0.24864959716796875
0.24998879432678223
0.24615120887756348
0.23414874076843262
0.2754509449005127
0.23654985427856445
0.2355353832244873
0.2373218536376953
0.23296666145324707
0.23215770721435547
0.23313474655151367
0.24327445030212402
0.25900697708129883
0.24320697784423828
0.23485302925109863
0.2317509651184082
0.22226691246032715
0.23246359825134277
0.23634886741638184
0.2372748851776123
0.23645377159118652
0.25394558906555176
0.2541842460632324
0.2412858009338379
0.23507928848266602
0.23371529579162598
0.24400067329406738
0.2386636734008789
0.23696279525756836
0.24255990982055664
0.23604965209960938
0.2342994213104248
0.23500609397888184
0.22274088859558105
0.22528696060180664
0.2350010871887207
0.23131656646728516
0.2321300506591797
0.26663994789123535
0.2399756908416748
0.22919273376464844
0.2170698642730713
0.22812700271606445
0.23480749130249023
0.24542236328125
0.24788308143615723
0.23642516136169434
0.23259568214416504
0.23399901390075684
0.22640776634216309
0.22870707511901855
0.22948336601257324
0.23678207397460938
0.22893333435058594
0.23957133293151855
0.24176597595214844
0.24556708335876465
0.24076533317565918
0.2385246753692627
0.23268842697143555
0.23372912406921387
0.23143506050109863
0.2295827865600586
0.2338242530822754
0.24090099334716797
0.23548197746276855
0.24544358253479004
0.24487996101379395
0.23087191581726074
0.2368764877319336
0.23929238319396973
0.2553133964538574
0.24357223510742188
0.2351207733154297
0.24603796005249023
0.23812007904052734
0.2417304515838623
0.23261141777038574
0.260958194732666
0.23739075660705566
0.23227500915527344
0.23162055015563965
0.22899270057678223
0.23527741432189941
0.22658395767211914
0.23895740509033203
0.23550915718078613
0.25786352157592773
0.22739267349243164
0.25084900856018066
0.2595365047454834
0.23903918266296387
0.23556780815124512
0.23407721519470215
0.23666715621948242
0.2575087547302246
0.2599828243255615
0.2400195598602295
0.23531031608581543
0.23441529273986816
0.2644944190979004
0.23291468620300293
0.26871681213378906
0.23941802978515625
0.240966796875
0.2389240264892578
0.255734920501709
0.2655191421508789
0.2726273536682129
0.3907778263092041
0.23273301124572754
0.23311591148376465
0.2390308380126953
0.24776244163513184
0.2463071346282959
0.23138999938964844
0.25227880477905273
0.2543952465057373
0.2529630661010742
0.23901867866516113
0.23414945602416992
0.22777724266052246
0.23199081420898438
0.22855257987976074
0.23442482948303223
0.23143887519836426
0.24331212043762207
0.2771439552307129
0.22762513160705566
0.23534321784973145
0.23026347160339355
0.23899340629577637
0.23704743385314941
0.23827576637268066
0.23247766494750977
0.23958182334899902
0.24141860008239746
0.24194598197937012
0.2367863655090332
0.23685574531555176
0.25943899154663086
0.25488805770874023
0.2348487377166748
0.23755097389221191
0.24029207229614258
0.2359147071838379
0.23404455184936523
0.22818303108215332
0.24395203590393066
0.23482346534729004
0.23258209228515625
0.23700904846191406
0.3162715435028076
0.2607147693634033
0.24668121337890625
0.23443031311035156
0.2312147617340088
0.27736854553222656
0.27027344703674316
0.28131699562072754
0.22307062149047852
0.2428736686706543
0.24907231330871582
0.2536342144012451
0.23597264289855957
0.26344776153564453
0.24091219902038574
0.2576487064361572
0.25631046295166016
0.23808979988098145
0.22275114059448242
0.2415461540222168
0.2354886531829834
0.2323741912841797
0.23992276191711426
0.23314285278320312
0.23674964904785156
0.24585604667663574
0.2373661994934082
0.27582836151123047
0.24047470092773438
0.22417950630187988
0.22994303703308105
0.24075675010681152
0.23819303512573242
0.2352449893951416
0.24061822891235352
0.23595714569091797
0.22803783416748047
0.23960089683532715
0.23450922966003418
0.2238173484802246
0.2782022953033447
0.3680875301361084
0.2464447021484375
0.23974370956420898
0.2393815517425537
0.25433850288391113
0.24161744117736816
0.2401127815246582
0.26360154151916504
0.2370896339416504
0.22563529014587402
0.2591266632080078
0.22961735725402832
0.23848342895507812
0.23012089729309082
0.24014878273010254
0.23510527610778809
0.24074530601501465
0.2322251796722412
0.22342824935913086
0.2700061798095703
0.23264431953430176
0.2205948829650879
0.2331550121307373
0.22950196266174316
0.23442935943603516
0.225600004196167
0.2478175163269043
0.24106264114379883
0.2357795238494873
0.2249302864074707
0.2390270233154297
0.2310338020324707
0.23560571670532227
0.2460322380065918
0.25699472427368164
0.24016189575195312
0.2392423152923584
0.2392585277557373
0.2403576374053955
0.2601015567779541
0.23973894119262695
0.24366378784179688
0.23381924629211426
0.2328348159790039
0.23716044425964355
0.24634575843811035
0.23994708061218262
0.2242412567138672
0.2386155128479004
0.23853206634521484
0.24396085739135742
0.23521161079406738
0.23229384422302246
0.25234079360961914
0.2387704849243164
0.23759150505065918
0.25374794006347656
0.24483466148376465
0.2538022994995117
0.23682332038879395
0.24525785446166992
0.2479705810546875
0.2619740962982178
0.23450970649719238
0.2376694679260254
0.23863482475280762
0.2285017967224121
0.32484984397888184
0.2338697910308838
0.23075532913208008
0.2525956630706787
0.24296045303344727
0.252779483795166
0.23260927200317383
0.29362010955810547
0.22972464561462402
0.24065947532653809
0.2391664981842041
0.22849440574645996
0.22879242897033691
0.21770906448364258
0.253765344619751
0.24401235580444336
0.25609827041625977
0.23852181434631348
0.22527241706848145
0.22985410690307617
0.22786688804626465
0.26322078704833984
0.23897743225097656
0.23719549179077148
0.23958039283752441
0.23444128036499023
0.24065732955932617
0.22538185119628906
0.23910164833068848
0.23197007179260254
0.23842978477478027
0.3268921375274658
0.25951313972473145
0.24348044395446777
0.2341010570526123
0.2287120819091797
0.22956323623657227
0.22873926162719727
0.2334425449371338
0.25797128677368164
0.24707436561584473
0.241987943649292
0.23490095138549805
0.24445557594299316
0.22861576080322266
0.22662758827209473
0.2374415397644043
0.23347949981689453
0.23415064811706543
0.23073792457580566
0.22534751892089844
0.23803019523620605
0.226301908493042
0.23453116416931152
0.22266912460327148
0.23161029815673828
0.2433311939239502
0.24021530151367188
0.2328202724456787
0.23517394065856934
0.24124670028686523
0.23793649673461914
0.24587631225585938
0.2339341640472412
0.246474027633667
0.2347414493560791
0.23739147186279297
0.24155950546264648
0.23300695419311523
0.2334444522857666
0.2258603572845459
0.22385263442993164
0.2483234405517578
0.23998022079467773
0.25391054153442383
0.24074673652648926
0.23961925506591797
1.2590141296386719
0.23786139488220215
0.23328375816345215
0.23595261573791504
0.23120403289794922
0.2382972240447998
0.23588013648986816
0.2370152473449707
0.22490382194519043
0.23586201667785645
0.2284843921661377
0.24201393127441406
0.23252129554748535
0.23479366302490234
0.23876523971557617
0.24765920639038086
0.25165700912475586
0.2327570915222168
0.23481392860412598
0.2633397579193115
0.27039432525634766
0.24420809745788574
0.25252819061279297
0.23752188682556152
0.23720908164978027
0.23693537712097168
0.23873662948608398
0.23576951026916504
0.23954987525939941
0.23449015617370605
0.2368943691253662
0.2300872802734375
0.24897408485412598
0.2352008819580078
0.24595022201538086
0.2790718078613281
0.24770307540893555
0.23861479759216309
0.29117774963378906
0.22799944877624512
0.309894323348999
0.2939872741699219
0.34299445152282715
0.3809959888458252
0.3942553997039795
0.3133828639984131
0.23165249824523926
0.32248616218566895
0.40491366386413574
0.4260237216949463
0.4989292621612549
0.39977431297302246
0.24167990684509277
0.24285292625427246
0.23904204368591309
0.25199317932128906
0.2300279140472412
0.23229622840881348
0.23672771453857422
0.23006939888000488
0.23902153968811035
0.2664194107055664
0.2343766689300537
0.2553708553314209
0.23424506187438965
0.22136688232421875
0.23583412170410156
0.2407822608947754
0.23821330070495605
0.2335643768310547
0.23778462409973145
0.23838305473327637
0.22832942008972168
0.266404390335083
0.23703813552856445
0.22583556175231934
0.23137187957763672
0.26522254943847656
0.27933621406555176
0.23078250885009766
0.2333376407623291
0.24637866020202637
0.33354783058166504
0.2203810214996338
0.22985196113586426
0.22805500030517578
0.2350456714630127
0.24666094779968262
0.25559020042419434
0.24615693092346191
0.23737049102783203
0.23102974891662598
0.2165677547454834
0.24042677879333496
0.25446128845214844
0.23334193229675293
0.22840642929077148
0.23903584480285645
0.25002312660217285
0.29186248779296875
0.24193310737609863
0.23615074157714844
0.23797273635864258
0.23942208290100098
0.2208716869354248
0.24039912223815918
0.2373795509338379
0.2303915023803711
0.23092937469482422
0.23030424118041992
0.23088836669921875
0.2302536964416504
0.23700404167175293
0.24476408958435059
0.24772310256958008
0.23781919479370117
0.24336528778076172
0.22676515579223633
0.22651076316833496
0.23284220695495605
0.23285293579101562
0.2338252067565918
0.23734283447265625
0.24134302139282227
0.2244861125946045
0.23427867889404297
0.24098634719848633
0.2280893325805664
0.22774887084960938
0.2240610122680664
0.2359905242919922
0.2337789535522461
0.22940492630004883
0.22991394996643066
0.23626971244812012
0.245530366897583
0.2279517650604248
0.23599648475646973
0.23667597770690918
0.23505783081054688
0.24251437187194824
0.24230480194091797
0.25075531005859375
0.25604701042175293
0.2879178524017334
0.24443364143371582
0.23445963859558105
0.2362527847290039
0.24631714820861816
0.2516670227050781
0.23555469512939453
0.24988651275634766
0.23631739616394043
0.24237799644470215
0.24735593795776367
0.26412057876586914
0.24193215370178223
0.27039217948913574
0.2444899082183838
0.23341155052185059
0.23471975326538086
0.23363804817199707
0.25906968116760254
0.2565755844116211
0.22726202011108398
0.23090839385986328
0.25641441345214844
0.23900413513183594
0.23140883445739746
0.2278149127960205
0.2310338020324707
0.2416553497314453
0.24295473098754883
0.23553848266601562
0.23462438583374023
0.2389075756072998
0.23534059524536133
0.23787569999694824
0.23638391494750977
0.23436641693115234
0.2429502010345459
0.2365124225616455
0.23853564262390137
0.23760199546813965
0.23537302017211914
0.2325754165649414
0.24143171310424805
0.2384471893310547
0.22039294242858887
0.23759245872497559
0.22928595542907715
0.2362523078918457
0.22997617721557617
0.24930214881896973
0.23934721946716309
0.23670744895935059
0.23305273056030273
0.2364521026611328
0.2337479591369629
0.22950387001037598
0.23634958267211914
0.2316758632659912
0.23815608024597168
0.2272508144378662
0.24816036224365234
0.23990392684936523
0.3128941059112549
0.23355650901794434
0.23661112785339355
0.23566937446594238
0.23760318756103516
0.24223804473876953
0.23317718505859375
0.23590350151062012
0.2371349334716797
0.23897266387939453
0.22927427291870117
0.22516274452209473
0.23920297622680664
0.25752997398376465
0.21979117393493652
0.24529337882995605
0.22022366523742676
0.24310755729675293
0.24456095695495605
0.24992084503173828
0.23886966705322266
0.2326207160949707
0.23673295974731445
0.23639702796936035
0.24900031089782715
0.302013635635376
0.23615264892578125
0.22246885299682617
0.23944449424743652
0.28139758110046387
0.29033684730529785
0.24936246871948242
0.24802494049072266
0.2545492649078369
0.25127363204956055
0.24587798118591309
0.23749089241027832
0.2329854965209961
0.23389601707458496
0.24374175071716309
0.23728132247924805
0.23566722869873047
0.23342299461364746
0.23851752281188965
0.277496337890625
0.23852276802062988
0.2459545135498047
0.23948454856872559
0.264437198638916
0.2536661624908447
0.22965049743652344
0.22609210014343262
0.23917269706726074
0.24231839179992676
0.23975014686584473
0.2520115375518799
0.2301332950592041
0.23806405067443848
0.2504236698150635
0.2341783046722412
0.2368001937866211
0.23647403717041016
0.22786283493041992
0.2367994785308838
0.23436522483825684
0.2366034984588623
0.2597029209136963
0.24736714363098145
0.26877570152282715
0.22103595733642578
0.23682284355163574
0.2361893653869629
0.2344822883605957
0.23973488807678223
0.23468255996704102
0.2482597827911377
0.22021126747131348
0.23435616493225098
0.2335953712463379
0.2565321922302246
0.42755818367004395
0.24866271018981934
0.244124174118042
0.24526238441467285
0.24408984184265137
0.23723316192626953
0.23486828804016113
0.23906207084655762
0.21996569633483887
0.24383878707885742
0.24781036376953125
0.22234177589416504
0.2287459373474121
0.23706698417663574
0.2216184139251709
0.23607897758483887
0.24300599098205566
0.2557864189147949
0.23583078384399414
0.3630063533782959
0.22646284103393555
0.2283189296722412
0.22939085960388184
0.21829843521118164
0.2354879379272461
0.24997568130493164
0.25397682189941406
0.2312476634979248
0.23501062393188477
0.2429215908050537
0.23509526252746582
0.23767423629760742
0.2228703498840332
0.24118661880493164
0.23239493370056152
0.23573064804077148
0.23528099060058594
0.24094200134277344
0.23994183540344238
0.24202752113342285
0.22667765617370605
0.22661447525024414
0.23538804054260254
0.23337316513061523
0.2381136417388916
0.23519682884216309
0.22524142265319824
0.21643924713134766
0.23435664176940918
0.23197221755981445
0.24316096305847168
0.23890304565429688
0.23769378662109375
0.23874187469482422
0.23971939086914062
0.24170708656311035
0.24846124649047852
0.2449338436126709
0.22957825660705566
0.2431786060333252
0.23953032493591309
0.2317190170288086
0.23057055473327637
0.23449945449829102
0.24805021286010742
0.22688555717468262
0.23636937141418457
0.2515087127685547
0.23920798301696777
0.22943592071533203
0.24016928672790527
0.24466991424560547
0.2346639633178711
0.23074102401733398
0.23374676704406738
0.235182523727417
0.23220181465148926
0.23736310005187988
0.23460721969604492
0.2347888946533203
0.2392106056213379
0.2550976276397705
0.23460936546325684
0.23100900650024414
0.22194695472717285
0.22905635833740234
0.23008465766906738
0.2322828769683838
0.23694372177124023
0.23900318145751953
0.23599624633789062
0.22162437438964844
0.23459792137145996
0.2348945140838623
0.2271127700805664
0.23114562034606934
0.2509169578552246
0.25127649307250977
0.2410869598388672
0.2262711524963379
0.2286543846130371
0.23673558235168457
0.24169278144836426
0.24260568618774414
0.22212624549865723
0.2410750389099121
0.23160147666931152
0.2149193286895752
0.248887300491333
0.24289250373840332
0.22441601753234863
0.25388431549072266
0.23351526260375977
0.24486446380615234
0.23577022552490234
0.23039793968200684
0.2435166835784912
0.24859213829040527
0.23158740997314453
0.23884367942810059
0.24023008346557617
0.2532236576080322
0.239776611328125
0.22482991218566895
0.23285245895385742
0.23926091194152832
0.23583626747131348
0.2371048927307129
0.25774049758911133
0.23458433151245117
0.23764610290527344
0.23473119735717773
0.2328660488128662
0.22547173500061035
0.23281121253967285
0.22486639022827148
0.24782776832580566
0.23584485054016113
0.23705554008483887
0.24113178253173828
0.23551535606384277
0.234633207321167
0.23675942420959473
0.22081446647644043
0.2324516773223877
0.24302077293395996
0.2540459632873535
0.2598080635070801
0.23559927940368652
0.2338240146636963
0.23345470428466797
0.25579094886779785
0.2375779151916504
0.23786497116088867
0.24106240272521973
0.24205565452575684
0.23772835731506348
0.2472975254058838
0.25493669509887695
0.22998762130737305
0.2319638729095459
0.23902106285095215
0.2408616542816162
0.23551392555236816
0.2297050952911377
0.23788785934448242
0.23604965209960938
0.24013781547546387
0.23076343536376953
0.22427845001220703
0.23789215087890625
0.23504972457885742
0.22587180137634277
0.25115966796875
0.23387503623962402
0.23265457153320312
0.22995972633361816
0.23618769645690918
0.23853850364685059
0.2335817813873291
0.25662708282470703
0.2349224090576172
0.23836684226989746
0.23930764198303223
0.23657584190368652
0.24019289016723633
0.22813820838928223
0.2467052936553955
0.23318696022033691
0.23849225044250488
0.24735546112060547
0.24714422225952148
0.25563597679138184
0.23165440559387207
0.2478046417236328
0.23432111740112305
0.23958253860473633
0.22410345077514648
0.23776745796203613
0.23691153526306152
0.23558402061462402
0.23982477188110352
0.24498271942138672
0.23551201820373535
0.23545074462890625
0.23958873748779297
0.2573432922363281
0.24154376983642578
0.2446908950805664
0.2383718490600586
0.23255491256713867
0.24648380279541016
0.24371600151062012
0.23581767082214355
0.22925066947937012
0.24790358543395996
0.22659826278686523
0.23257160186767578
0.2256934642791748
0.2365424633026123
0.24855566024780273
0.22607016563415527
0.24012351036071777
0.2363288402557373
0.22777748107910156
0.23580574989318848
0.23764824867248535
0.2364063262939453
0.2421724796295166
0.23316574096679688
0.23227310180664062
0.2339475154876709
0.26561856269836426
0.25560450553894043
0.22588610649108887
0.22854351997375488
0.2210071086883545
0.23592114448547363
0.22959017753601074
0.2384319305419922
0.24029111862182617
0.22230243682861328
0.24425673484802246
0.2592945098876953
0.26031923294067383
0.22515058517456055
0.23800182342529297
0.21878552436828613
0.2343759536743164
0.23895740509033203
0.22893095016479492
0.2402334213256836
0.2533860206604004
0.3050518035888672
0.24556636810302734
0.23562073707580566
0.23402690887451172
0.24970388412475586
0.24540185928344727
0.23770356178283691
0.2390584945678711
0.23545265197753906
0.24115443229675293
0.24025273323059082
0.23322010040283203
0.23348331451416016
0.23582720756530762
0.24039936065673828
0.23387455940246582
0.23935961723327637
0.23139667510986328
0.2317802906036377
0.2540121078491211
0.2650299072265625
0.2601656913757324
0.26717400550842285
0.24677801132202148
0.23772025108337402
0.23404216766357422
0.23447322845458984
0.22966623306274414
0.24997377395629883
0.23842334747314453
0.21857881546020508
0.2285003662109375
0.24747991561889648
0.2509493827819824
0.2430131435394287
0.2350153923034668
0.23586797714233398
0.23318076133728027
0.23219633102416992
0.23364472389221191
0.22078871726989746
0.2344672679901123
0.23481369018554688
0.23440194129943848
0.24968624114990234
0.23462247848510742
0.23643755912780762
0.2369542121887207
0.26699256896972656
0.22878813743591309
0.23107576370239258
0.2227175235748291
0.2426598072052002
0.23514389991760254
0.2339637279510498
0.23982548713684082
0.23924732208251953
0.355635404586792
0.3483238220214844
0.36536478996276855
0.2374725341796875
0.23586153984069824
0.24783968925476074
0.23774003982543945
0.2333376407623291
0.2403395175933838
0.23091602325439453
0.22731280326843262
0.22915363311767578
0.22697043418884277
0.2337360382080078
0.2291865348815918
0.23589134216308594
0.22896766662597656
0.2189488410949707
0.24495792388916016
0.25168347358703613
0.23926138877868652
0.26700329780578613
0.22730112075805664
0.22549843788146973
0.23588252067565918
0.23102211952209473
0.23342609405517578
0.2263813018798828
0.23395586013793945
0.2409985065460205
0.2288198471069336
0.23362231254577637
0.23580098152160645
0.22835588455200195
0.22597002983093262
0.23683714866638184
0.23147106170654297
0.24106407165527344
0.23675775527954102
0.23502516746520996
0.24596714973449707
0.2392101287841797
0.23621869087219238
0.2332770824432373
0.2403275966644287
0.24038457870483398
0.2370014190673828
0.23324084281921387
0.23169827461242676
0.23444318771362305
0.2267625331878662
0.2318737506866455
0.30600857734680176
0.2393803596496582
0.23145198822021484
0.24010133743286133
0.23433685302734375
0.24005365371704102
0.23098969459533691
0.22689032554626465
0.22154593467712402
0.23126816749572754
0.2327742576599121
0.24046778678894043
0.23572754859924316
0.2328023910522461
0.23517465591430664
0.22984981536865234
0.23901605606079102
0.22800540924072266
0.2427961826324463
0.23842096328735352
0.22721648216247559
0.23113083839416504
0.2319505214691162
0.24052667617797852
0.2293999195098877
0.23228192329406738
0.23597073554992676
0.31398940086364746
0.21944713592529297
0.24944424629211426
0.23414945602416992
0.2350459098815918
0.2371532917022705
0.23803400993347168
0.2337346076965332
0.23107481002807617
0.22248625755310059
0.23800110816955566
0.23887324333190918
0.24108314514160156
0.25109243392944336
0.23921751976013184
0.23232221603393555
0.23481249809265137
0.2799370288848877
0.23022031784057617
0.23328781127929688
0.23304414749145508
0.2355024814605713
0.23723053932189941
0.22719049453735352
0.23667359352111816
0.24791502952575684
0.24950575828552246
0.2974886894226074
0.25878405570983887
0.2686166763305664
0.5079987049102783
0.48881077766418457
0.5489034652709961
0.6324641704559326
0.3103623390197754
0.563845157623291
0.6953208446502686
0.3153073787689209
0.26056385040283203
0.2673614025115967
0.25270915031433105
0.26536130905151367
0.25537991523742676
0.22903776168823242
0.255751371383667
0.2271590232849121
0.23354673385620117
0.24362826347351074
0.2286851406097412
0.236436128616333
0.2356090545654297
0.23303008079528809
0.2326064109802246
0.26403212547302246
0.2218151092529297
0.23195505142211914
0.2542448043823242
0.25411176681518555
0.3684849739074707
0.24585318565368652
0.23674392700195312
0.23139071464538574
0.22169065475463867
0.2370922565460205
0.2348477840423584
0.23367094993591309
0.23836755752563477
0.2363741397857666
0.23719286918640137
0.2341914176940918
0.2286386489868164
0.2360081672668457
0.2384183406829834
0.23331737518310547
0.2220304012298584
0.23804283142089844
0.25498104095458984
0.22050690650939941
0.21453022956848145
0.22095656394958496
0.23403096199035645
0.2325425148010254
0.23850393295288086
0.23374676704406738
0.2341907024383545
