0.2355480194091797
0.2533864974975586
0.23473620414733887
0.24180984497070312
0.2400519847869873
0.23996496200561523
0.2417738437652588
0.2317032814025879
0.23730206489562988
0.24590373039245605
0.23408198356628418
0.23428606986999512
0.3377065658569336
0.26468420028686523
0.23528599739074707
0.2387852668762207
0.2396552562713623
0.22472667694091797
0.23379945755004883
0.24149465560913086
0.23740077018737793
0.23821210861206055
0.23609352111816406
0.23638153076171875
0.23923611640930176
0.24383854866027832
0.2378385066986084
0.23322534561157227
0.23899006843566895
0.2360546588897705
0.24289345741271973
0.23705291748046875
0.24362397193908691
0.23711681365966797
0.24033832550048828
0.2383589744567871
0.23428606986999512
0.23377704620361328
0.23438668251037598
0.23766803741455078
0.24167871475219727
0.23666000366210938
0.24100041389465332
0.23648381233215332
0.23928594589233398
0.23403286933898926
0.23573589324951172
0.23796319961547852
0.2349081039428711
0.2635626792907715
0.23789548873901367
0.2396392822265625
0.238816499710083
0.23687481880187988
0.23740386962890625
0.23601508140563965
0.24046540260314941
0.24356937408447266
0.23507070541381836
0.2357165813446045
0.2399916648864746
0.24802947044372559
0.23866558074951172
0.2978508472442627
0.2356564998626709
0.2345726490020752
0.24512076377868652
0.23994231224060059
0.2326335906982422
0.2509269714355469
0.24576258659362793
0.23967480659484863
0.23235249519348145
0.23281550407409668
0.2346343994140625
0.24597907066345215
0.23648643493652344
0.24779820442199707
0.22919774055480957
0.2338707447052002
0.23411297798156738
0.23394012451171875
0.23540592193603516
0.23607492446899414
0.23383784294128418
0.23384404182434082
0.23597097396850586
0.24985980987548828
0.24988460540771484
0.232940673828125
0.23459935188293457
0.23502016067504883
0.23157882690429688
0.23807787895202637
0.2260580062866211
0.2359461784362793
0.25439882278442383
0.23621392250061035
0.2344059944152832
0.2352902889251709
0.2407071590423584
0.254547119140625
0.2509753704071045
0.23879480361938477
0.24488258361816406
0.23597431182861328
0.24263715744018555
0.2361769676208496
0.2327132225036621
0.2346968650817871
0.23290324211120605
0.24027156829833984
0.2386324405670166
0.24261236190795898
0.23135137557983398
0.2406461238861084
0.2369692325592041
0.2582385540008545
0.23476147651672363
0.2364029884338379
0.2340097427368164
0.21694421768188477
0.23597979545593262
0.24045515060424805
0.23379850387573242
0.2392559051513672
0.23856329917907715
0.23951220512390137
0.23644590377807617
0.23769450187683105
0.3036050796508789
0.23537373542785645
0.310924768447876
0.2369680404663086
0.40978431701660156
0.3603053092956543
0.3893251419067383
0.4188847541809082
0.4086132049560547
0.36307549476623535
0.39139699935913086
0.3889439105987549
0.35485196113586426
0.4430384635925293
0.2686612606048584
0.29247379302978516
0.2837212085723877
0.34008049964904785
0.3030884265899658
0.4238114356994629
0.4261815547943115
0.2590312957763672
0.41344666481018066
0.3049478530883789
0.3198428153991699
0.24215006828308105
0.28211355209350586
0.24008822441101074
0.2577528953552246
0.4177427291870117
0.4336364269256592
0.37903618812561035
0.3811931610107422
0.38720703125
0.5741510391235352
0.4412705898284912
0.2676079273223877
0.308178186416626
0.28424668312072754
0.29340219497680664
0.2753777503967285
0.26476263999938965
0.23889684677124023
0.23503470420837402
0.33765625953674316
0.23861384391784668
0.41695427894592285
0.4125542640686035
0.3333323001861572
0.3385176658630371
0.43940019607543945
0.39203763008117676
0.39681220054626465
0.37073206901550293
0.3470005989074707
0.44248223304748535
0.4158143997192383
0.3888261318206787
0.3045680522918701
0.2901575565338135
0.25106167793273926
0.2636563777923584
0.23287367820739746
0.37384605407714844
0.24186301231384277
0.2989490032196045
0.39020395278930664
0.4327678680419922
0.3307318687438965
0.39806604385375977
0.285477876663208
0.4077162742614746
0.29653358459472656
0.41360974311828613
0.26238012313842773
0.42278385162353516
0.43903422355651855
0.3845365047454834
0.27202677726745605
0.2934226989746094
0.32561349868774414
0.39089417457580566
0.2556483745574951
0.30515336990356445
0.3026919364929199
0.47861456871032715
0.25972867012023926
0.29895806312561035
0.2687263488769531
3.371469497680664
0.33788204193115234
0.2766883373260498
0.42511963844299316
0.33973169326782227
0.3392791748046875
0.24820446968078613
0.3012368679046631
0.23886680603027344
0.24216556549072266
0.26706910133361816
0.4302067756652832
0.38044142723083496
0.3397645950317383
0.3605353832244873
0.27409791946411133
0.40473222732543945
0.4256019592285156
0.3347289562225342
0.32108211517333984
0.45122551918029785
0.29285120964050293
0.40321779251098633
0.3440225124359131
0.2681124210357666
0.2612738609313965
0.2680032253265381
0.276822566986084
0.27525901794433594
0.36277341842651367
0.27607202529907227
0.38512682914733887
0.35625529289245605
0.3500702381134033
0.41898107528686523
0.35002970695495605
0.2510848045349121
0.2769951820373535
0.44979357719421387
0.27460312843322754
0.36811232566833496
0.23993730545043945
0.4379768371582031
0.43198680877685547
0.37331461906433105
0.35842227935791016
0.41403961181640625
0.32584357261657715
3.330657482147217
0.4298844337463379
0.36698198318481445
0.4589505195617676
0.3607001304626465
0.29205822944641113
0.30510997772216797
0.2530183792114258
0.3369140625
0.24251437187194824
9.434864521026611
0.3990466594696045
0.2651669979095459
0.2926762104034424
0.3616445064544678
0.24374699592590332
0.36270689964294434
0.2948174476623535
0.23504066467285156
0.28267860412597656
0.383145809173584
0.4349210262298584
0.3686530590057373
0.3311491012573242
0.2568831443786621
0.26497411727905273
0.40198826789855957
0.32722926139831543
0.33334851264953613
0.4400758743286133
0.3001534938812256
0.2626922130584717
0.350034236907959
0.42196083068847656
0.43400073051452637
0.2898092269897461
0.3127727508544922
0.3192305564880371
0.2525629997253418
0.2709486484527588
0.3644587993621826
0.4224216938018799
0.4070866107940674
0.3139939308166504
0.34899067878723145
0.37986207008361816
0.3001425266265869
0.3830118179321289
0.22636175155639648
0.23955798149108887
0.23796629905700684
0.24153447151184082
0.23601102828979492
0.23514914512634277
0.23457694053649902
0.23565268516540527
0.23590302467346191
0.23566937446594238
0.23488950729370117
0.2265009880065918
0.29817771911621094
0.2507820129394531
0.23366713523864746
0.2344210147857666
0.23383021354675293
0.23589086532592773
0.23351263999938965
0.2409660816192627
0.24727416038513184
0.2517874240875244
0.23572564125061035
0.2349390983581543
0.23171615600585938
0.23621392250061035
0.23805952072143555
0.2347240447998047
0.22559618949890137
0.2361602783203125
0.24062585830688477
0.24082708358764648
0.24999475479125977
0.2513132095336914
0.28632211685180664
0.2352771759033203
0.25160789489746094
0.23769879341125488
0.23627138137817383
0.2459268569946289
0.24179673194885254
0.22427845001220703
0.2375028133392334
0.23076748847961426
0.23756647109985352
0.234999418258667
0.2332613468170166
0.2346792221069336
0.23833990097045898
0.24420690536499023
0.23547101020812988
0.23641395568847656
0.23808693885803223
0.23702788352966309
0.2462444305419922
0.24175071716308594
0.23326373100280762
0.2373344898223877
0.25965189933776855
0.23250818252563477
0.23694229125976562
0.23714327812194824
0.2472217082977295
0.23308491706848145
0.23727941513061523
0.2366468906402588
0.23241186141967773
0.2386183738708496
0.24222922325134277
0.2367246150970459
0.23510503768920898
0.2227640151977539
0.24521446228027344
0.2495412826538086
0.22386932373046875
0.23371386528015137
0.2382802963256836
0.2541191577911377
0.23712801933288574
0.261305570602417
0.23988103866577148
0.23903369903564453
0.24183249473571777
0.2658069133758545
0.2683403491973877
0.24271416664123535
0.23548197746276855
0.23963522911071777
0.22842717170715332
0.2544887065887451
0.23679637908935547
0.23191118240356445
0.24051833152770996
0.24405264854431152
0.23819613456726074
0.23604822158813477
0.24009323120117188
0.2573511600494385
0.23704099655151367
0.22948145866394043
0.2383272647857666
0.24969959259033203
0.23573660850524902
0.22498869895935059
0.237945556640625
0.23872995376586914
0.2350325584411621
0.23257994651794434
0.23662400245666504
0.23780584335327148
0.2355203628540039
0.2386183738708496
0.23955655097961426
0.2557249069213867
0.2344198226928711
0.235670804977417
0.23221492767333984
0.22592782974243164
0.24306631088256836
0.24289536476135254
0.33835530281066895
0.24204564094543457
0.24942708015441895
0.24203252792358398
0.24537968635559082
0.2366173267364502
0.23884034156799316
0.22793245315551758
0.25078749656677246
0.24124526977539062
0.22497224807739258
0.24348807334899902
0.2378983497619629
0.24289512634277344
0.23474478721618652
0.24115514755249023
0.22941875457763672
0.2623262405395508
0.24019646644592285
0.23794984817504883
0.22322821617126465
0.23843050003051758
0.236433744430542
0.23912763595581055
0.23378324508666992
0.2531557083129883
0.31076741218566895
0.2370302677154541
0.23326635360717773
0.2686309814453125
0.24310588836669922
0.23233628273010254
0.24322271347045898
0.24585270881652832
0.2351381778717041
0.2578308582305908
0.23646116256713867
0.23635411262512207
0.25241994857788086
0.22666358947753906
0.23501014709472656
0.2429800033569336
0.23496341705322266
0.2411642074584961
0.23108673095703125
0.2357325553894043
0.2505526542663574
0.23340940475463867
0.22783327102661133
0.22656536102294922
0.2295670509338379
0.2365703582763672
0.22185111045837402
0.23143386840820312
0.2640047073364258
0.23001337051391602
0.23229312896728516
0.2328028678894043
0.2432701587677002
0.23790740966796875
0.23226499557495117
0.25676631927490234
0.23766493797302246
0.22382402420043945
0.23374724388122559
0.24042272567749023
0.2410449981689453
0.23321938514709473
0.23800158500671387
0.23813223838806152
0.23524904251098633
0.31101250648498535
0.23658037185668945
0.2537214756011963
0.23980259895324707
0.23553228378295898
0.2309868335723877
0.25284767150878906
0.2312309741973877
0.22920584678649902
0.2412886619567871
0.2480790615081787
0.23899483680725098
0.2373032569885254
0.22153186798095703
0.2400810718536377
0.23340296745300293
0.23222875595092773
0.2342078685760498
0.23332738876342773
0.24010610580444336
0.23397016525268555
0.24699831008911133
0.23811626434326172
0.23170828819274902
0.23360490798950195
0.23392438888549805
0.23678994178771973
0.24831342697143555
0.24884533882141113
0.2788736820220947
0.23395752906799316
0.23671936988830566
0.23796606063842773
0.2319653034210205
0.2608175277709961
0.24834561347961426
0.2406308650970459
0.240736722946167
0.23531293869018555
0.24020600318908691
0.23694133758544922
0.23353886604309082
0.23486757278442383
0.2361154556274414
0.250302791595459
0.23697686195373535
0.26247739791870117
0.23737645149230957
0.2336406707763672
0.2369060516357422
0.2518646717071533
0.2333822250366211
0.25284862518310547
0.23702025413513184
0.2239704132080078
0.23440980911254883
0.23355627059936523
0.23245906829833984
0.2340383529663086
0.23177766799926758
0.25202369689941406
0.23333358764648438
0.2392268180847168
0.23217415809631348
0.24147748947143555
0.2543184757232666
0.23983526229858398
0.24287867546081543
0.22716236114501953
0.2300584316253662
0.23671245574951172
0.23072457313537598
0.23531794548034668
0.23342633247375488
0.23697757720947266
0.23321151733398438
0.24043536186218262
0.25643062591552734
0.2360217571258545
0.23514389991760254
0.25700831413269043
0.2303323745727539
0.23550033569335938
0.23460698127746582
0.29808640480041504
0.23425722122192383
0.2604374885559082
0.24646472930908203
0.24050664901733398
0.23322677612304688
0.26900601387023926
0.30719900131225586
0.25863194465637207
0.23651766777038574
