0.23502326011657715
0.24917864799499512
0.26042938232421875
0.29793477058410645
0.2919580936431885
0.27997732162475586
0.28697752952575684
0.29515671730041504
0.21854758262634277
0.23735880851745605
0.26491737365722656
0.2689187526702881
0.2208266258239746
0.22034335136413574
0.2286360263824463
0.23256754875183105
0.23859286308288574
0.23885655403137207
0.45794200897216797
0.24213123321533203
0.2571432590484619
0.24013853073120117
0.22124576568603516
0.2348780632019043
0.22926878929138184
0.23883509635925293
0.2336409091949463
0.2235879898071289
0.2361152172088623
0.23201656341552734
0.23197102546691895
0.23256707191467285
0.23824071884155273
0.23914766311645508
0.27157115936279297
0.24254107475280762
0.24499917030334473
0.22199225425720215
0.23399972915649414
0.2330019474029541
0.24184513092041016
0.24086475372314453
0.29385805130004883
0.23488116264343262
0.24859166145324707
0.23502421379089355
0.23140835762023926
0.2428581714630127
0.22881317138671875
0.22458291053771973
0.2363300323486328
0.23285245895385742
0.23729968070983887
0.23055219650268555
0.21988630294799805
0.23087549209594727
0.23822617530822754
0.2391495704650879
0.23194360733032227
0.23448634147644043
0.2359321117401123
0.22985100746154785
0.22089195251464844
0.21665048599243164
0.26383042335510254
0.24071979522705078
0.2473435401916504
0.2464151382446289
0.24159646034240723
0.26259279251098633
0.26157712936401367
0.24057674407958984
0.24335384368896484
0.25945353507995605
0.2464289665222168
0.23113059997558594
0.24149560928344727
0.24248528480529785
0.23371577262878418
0.21088337898254395
0.23453378677368164
0.2350144386291504
0.25216102600097656
0.24631452560424805
0.2369062900543213
0.24985003471374512
0.22080326080322266
0.22040224075317383
0.2550780773162842
0.2284715175628662
0.2579367160797119
0.2577383518218994
0.24974370002746582
0.2532813549041748
0.23747611045837402
0.2506897449493408
0.2466721534729004
0.23773717880249023
0.23724365234375
0.2537233829498291
0.2428605556488037
0.2480301856994629
0.21926522254943848
0.295870304107666
0.23506927490234375
0.23376059532165527
0.23687982559204102
0.23412346839904785
0.2407996654510498
0.2170417308807373
0.22844409942626953
0.2349398136138916
0.22183942794799805
0.2429335117340088
0.23679208755493164
0.24100685119628906
0.26370835304260254
0.28859424591064453
0.2895689010620117
0.28859424591064453
0.2705373764038086
0.24782705307006836
0.23548483848571777
0.23050165176391602
0.23019099235534668
0.23951458930969238
0.24670982360839844
0.28055810928344727
0.24021291732788086
0.22839736938476562
0.22521114349365234
0.26783227920532227
0.2589097023010254
0.24367666244506836
0.24625873565673828
0.28127598762512207
0.2764253616333008
0.24652314186096191
0.24445605278015137
0.22678065299987793
0.25376009941101074
0.240952730178833
0.23000669479370117
0.2309720516204834
0.2384662628173828
0.2411479949951172
0.21963906288146973
0.23178791999816895
0.23638916015625
0.2787787914276123
0.3423912525177002
0.23316574096679688
0.23864388465881348
0.22193360328674316
0.23314929008483887
0.23427486419677734
0.22171926498413086
0.23789215087890625
0.2519056797027588
0.23753142356872559
0.2818410396575928
0.22173190116882324
0.2236173152923584
0.24946808815002441
0.23564958572387695
0.21296262741088867
0.23093891143798828
0.2408900260925293
0.23284459114074707
0.27222347259521484
0.24522733688354492
0.25823259353637695
0.2322535514831543
0.2284681797027588
0.23453259468078613
0.2821927070617676
0.2921915054321289
0.22707748413085938
0.22204113006591797
0.22092914581298828
0.22499728202819824
0.2200915813446045
0.2251443862915039
0.23306012153625488
0.22182178497314453
0.2322707176208496
0.21984577178955078
0.24755263328552246
0.2516913414001465
0.22224068641662598
0.23590874671936035
0.23265767097473145
0.26361751556396484
0.23581147193908691
0.28152036666870117
0.2775297164916992
0.29152607917785645
0.2994544506072998
0.2505152225494385
0.2382206916809082
0.2439281940460205
0.2180783748626709
0.27391910552978516
0.28377819061279297
0.2819232940673828
0.26390600204467773
0.23238468170166016
0.24933266639709473
0.24104022979736328
0.2403113842010498
0.38239002227783203
0.419511079788208
0.3713545799255371
0.32825303077697754
0.23830938339233398
0.2402820587158203
0.23009443283081055
0.24131536483764648
0.23619508743286133
0.23770356178283691
0.24060368537902832
0.24506354331970215
0.8903264999389648
0.21583342552185059
0.22649669647216797
0.2348628044128418
0.23799705505371094
0.23088932037353516
0.23103880882263184
0.23180437088012695
0.23717427253723145
0.2358226776123047
0.2478618621826172
0.23290085792541504
0.2407233715057373
0.22509431838989258
0.2464902400970459
0.23806190490722656
0.2390294075012207
0.22638607025146484
0.2403717041015625
0.23186683654785156
0.24384856224060059
0.24090290069580078
0.24253463745117188
0.25707197189331055
0.2640657424926758
0.2270493507385254
3.242457628250122
3.225475549697876
0.23272156715393066
0.23143696784973145
0.27355337142944336
0.22511601448059082
0.23206019401550293
0.22892522811889648
0.22592639923095703
0.2539033889770508
0.2890501022338867
0.23270463943481445
0.2740511894226074
0.25261855125427246
0.2792670726776123
0.2623283863067627
0.2843151092529297
0.2412405014038086
0.47123241424560547
0.23854494094848633
0.23569583892822266
0.2466726303100586
0.24741148948669434
0.25246739387512207
0.24774694442749023
0.23013925552368164
0.23812222480773926
0.23268437385559082
0.2385876178741455
0.23854827880859375
0.2345597743988037
0.27132105827331543
0.2238624095916748
0.23623418807983398
0.3672299385070801
0.2377018928527832
0.23997235298156738
0.23810815811157227
0.23227524757385254
0.25356364250183105
0.22898650169372559
0.22294330596923828
0.22397422790527344
0.23139595985412598
0.24637389183044434
0.2434101104736328
0.23636388778686523
0.24273943901062012
0.21671247482299805
0.2694718837738037
0.25661277770996094
0.24701738357543945
0.24598026275634766
0.25999021530151367
0.24799203872680664
0.23000812530517578
0.24900269508361816
0.2365860939025879
0.23744535446166992
0.21978116035461426
0.2384936809539795
0.22446990013122559
0.23169445991516113
0.2431473731994629
0.23476195335388184
0.23273563385009766
0.23513221740722656
0.26199865341186523
0.22325897216796875
0.23227429389953613
0.22420454025268555
0.23109722137451172
0.255540132522583
0.2288217544555664
0.21622180938720703
0.24154114723205566
0.24088335037231445
0.2321624755859375
0.23624324798583984
0.2166130542755127
0.24097728729248047
0.24396467208862305
0.2450401782989502
0.23290181159973145
0.23958945274353027
0.2665736675262451
0.2445540428161621
0.24459195137023926
0.2328946590423584
0.22965431213378906
0.26064205169677734
0.2328178882598877
0.2356410026550293
0.23181700706481934
0.23556828498840332
0.22640609741210938
0.23272466659545898
0.2273573875427246
0.23743033409118652
0.2306060791015625
0.2600400447845459
0.26401758193969727
0.27000880241394043
0.21841168403625488
0.2402634620666504
0.23343181610107422
0.22376322746276855
0.2434539794921875
0.2549409866333008
0.23708057403564453
0.2317202091217041
0.25243210792541504
0.22692012786865234
0.2432239055633545
0.22828340530395508
0.2586324214935303
0.2626039981842041
0.23547601699829102
0.22134923934936523
0.22614431381225586
0.24906206130981445
0.23437094688415527
0.24309158325195312
0.22708821296691895
0.2311234474182129
0.23492860794067383
0.216935396194458
0.23994112014770508
0.2468106746673584
0.25412774085998535
0.245039701461792
0.2870512008666992
0.27314114570617676
0.28811073303222656
0.2751142978668213
0.2640566825866699
0.24157071113586426
0.2345881462097168
0.23578476905822754
0.23735761642456055
0.2390744686126709
0.23587346076965332
0.24431514739990234
0.229417085647583
0.22347021102905273
0.24021577835083008
0.22699737548828125
0.23997020721435547
0.22106218338012695
0.22855710983276367
0.2315371036529541
0.22880339622497559
0.24175047874450684
0.23386073112487793
0.2471764087677002
0.24216675758361816
0.27349042892456055
0.2438206672668457
0.24446868896484375
0.23732423782348633
0.2253096103668213
0.24158716201782227
0.23305368423461914
0.24843573570251465
0.23543095588684082
0.22347736358642578
0.21076464653015137
0.22763991355895996
0.24547433853149414
0.2310934066772461
0.2510087490081787
0.229539155960083
0.22085332870483398
0.22561001777648926
0.25338220596313477
0.2644228935241699
0.2233283519744873
0.23182368278503418
0.22684645652770996
0.23889589309692383
0.2135918140411377
0.2203388214111328
0.22981810569763184
0.23488330841064453
0.2254176139831543
0.23526620864868164
0.2457106113433838
0.2333385944366455
0.24363470077514648
0.2194197177886963
0.23113346099853516
0.24417996406555176
0.23226070404052734
0.24190974235534668
0.24393677711486816
0.25611448287963867
0.24542546272277832
0.23926138877868652
0.24713826179504395
0.2629969120025635
0.2305920124053955
0.24466872215270996
0.23602890968322754
0.23032188415527344
0.21712970733642578
0.2280893325805664
0.23313069343566895
0.24696803092956543
0.23099708557128906
0.23317480087280273
0.23818421363830566
0.2360689640045166
0.226393461227417
0.23193359375
0.25083041191101074
0.2595057487487793
0.2874619960784912
0.2525045871734619
0.23552703857421875
0.232316255569458
0.238206148147583
0.2357034683227539
0.25845766067504883
0.23296713829040527
0.2301030158996582
0.23087239265441895
0.23285698890686035
0.2258148193359375
0.24602580070495605
0.23015522956848145
0.24031829833984375
0.22676968574523926
0.24017643928527832
0.2529933452606201
0.23996901512145996
0.23097681999206543
0.23397612571716309
0.22498679161071777
0.23484253883361816
0.22469496726989746
0.23657441139221191
0.2328038215637207
0.24328231811523438
0.22901535034179688
0.32803821563720703
0.26502442359924316
0.23493337631225586
0.23269033432006836
0.2465379238128662
0.23958873748779297
0.23064851760864258
0.22385454177856445
0.22500109672546387
0.23215031623840332
0.23799896240234375
0.2685527801513672
0.2736692428588867
0.25364065170288086
0.24802136421203613
0.2339329719543457
0.24104642868041992
0.22604084014892578
0.2560281753540039
0.25106143951416016
0.23804020881652832
0.22943615913391113
0.22334837913513184
0.23856401443481445
0.22905707359313965
0.23462247848510742
0.25362157821655273
0.2392442226409912
0.2280714511871338
0.2427382469177246
0.2503852844238281
0.24557113647460938
0.2321012020111084
0.22951149940490723
0.24420619010925293
0.24353909492492676
0.2297217845916748
0.24232029914855957
0.21473455429077148
0.23375678062438965
0.22191691398620605
0.23645734786987305
0.2414865493774414
0.2310349941253662
0.2559664249420166
0.23904085159301758
0.309985876083374
0.2595500946044922
0.3220069408416748
0.30801939964294434
0.2524123191833496
0.27033042907714844
0.26548194885253906
0.27147769927978516
0.23639822006225586
0.24279093742370605
0.22199130058288574
0.21859169006347656
0.331817626953125
0.23934626579284668
0.23622989654541016
0.23827505111694336
0.22684979438781738
0.24961042404174805
0.25861239433288574
0.27263498306274414
0.24079179763793945
0.22263026237487793
0.21446871757507324
0.23249030113220215
0.23501372337341309
0.21881484985351562
0.2309403419494629
0.2212207317352295
0.24489307403564453
0.24737095832824707
0.23797082901000977
0.24396586418151855
0.23758625984191895
0.25359606742858887
0.2433934211730957
0.25224733352661133
0.23094940185546875
0.24486660957336426
0.24724936485290527
0.25882816314697266
0.2604858875274658
0.24983000755310059
0.28066229820251465
0.23889899253845215
0.2579152584075928
0.23873448371887207
0.24712514877319336
0.25811290740966797
0.22916746139526367
0.23617219924926758
0.24670076370239258
0.25689220428466797
0.25592947006225586
0.23048090934753418
0.23624444007873535
0.25235676765441895
0.2491436004638672
0.23759770393371582
0.24323081970214844
0.24518895149230957
0.2422332763671875
0.22625350952148438
0.21864867210388184
0.2196946144104004
0.24734854698181152
0.2431027889251709
0.25016283988952637
0.23601937294006348
0.26885199546813965
0.2708618640899658
0.23489022254943848
0.2428271770477295
0.23181891441345215
0.2256762981414795
0.2307136058807373
0.23003697395324707
0.23502349853515625
0.23789310455322266
0.245896577835083
0.27280616760253906
0.2798483371734619
0.2608649730682373
0.24903011322021484
0.25205397605895996
0.20971012115478516
0.2355961799621582
0.23578977584838867
0.23744797706604004
0.24344754219055176
0.2497117519378662
0.24196600914001465
0.24657177925109863
0.24358153343200684
0.24567770957946777
0.24692225456237793
0.24968647956848145
0.22365546226501465
0.23237991333007812
0.2345263957977295
0.22154569625854492
0.25948405265808105
0.27086520195007324
0.26579856872558594
0.2378065586090088
0.24490785598754883
0.23590445518493652
0.24078011512756348
0.23073363304138184
0.22728538513183594
0.23174071311950684
0.26837944984436035
0.24449419975280762
0.24554920196533203
0.3867197036743164
0.26317667961120605
0.24530553817749023
0.25918054580688477
0.23900294303894043
0.24282002449035645
0.27147817611694336
0.2884705066680908
0.2592618465423584
0.27728867530822754
0.22210907936096191
0.2491166591644287
0.24408721923828125
0.2543940544128418
0.23381686210632324
0.22812628746032715
0.2303605079650879
0.24955344200134277
0.2517385482788086
0.27279233932495117
0.27274084091186523
0.29164886474609375
0.2667825222015381
0.25183939933776855
0.23304486274719238
0.2278594970703125
0.24785590171813965
0.32808613777160645
0.30562853813171387
0.24545621871948242
0.2844090461730957
0.25084662437438965
0.2475266456604004
0.2538325786590576
0.23691320419311523
0.24245691299438477
0.22589325904846191
0.23655319213867188
0.23044967651367188
0.22743916511535645
0.27147889137268066
0.29546618461608887
0.24447154998779297
0.22718167304992676
0.24713420867919922
0.2788050174713135
0.27497220039367676
0.27095818519592285
0.2283308506011963
0.24194669723510742
0.2386007308959961
0.23929548263549805
0.22301554679870605
0.23830223083496094
0.23429560661315918
0.2298448085784912
0.23281598091125488
0.22449064254760742
0.22415566444396973
0.2605903148651123
0.24659371376037598
0.27428650856018066
0.24635076522827148
0.24242711067199707
0.2665445804595947
0.2953331470489502
0.32987189292907715
0.22839975357055664
0.24766111373901367
0.24484896659851074
0.22902727127075195
0.2290041446685791
0.2441577911376953
0.2721269130706787
0.23416352272033691
0.24178266525268555
0.24592089653015137
0.23685312271118164
0.22482681274414062
0.23867177963256836
0.2589893341064453
0.2829623222351074
0.24297380447387695
0.2509896755218506
0.2396409511566162
0.22523927688598633
0.2371659278869629
0.2303459644317627
0.2357959747314453
0.22779512405395508
0.23682928085327148
0.25986266136169434
0.24052977561950684
0.25106048583984375
0.23131108283996582
0.22712016105651855
0.2684903144836426
0.23786377906799316
0.23137784004211426
0.22387433052062988
0.2311851978302002
0.2263498306274414
0.23579692840576172
0.23520612716674805
0.22867584228515625
0.2474536895751953
0.22986149787902832
0.24776744842529297
0.2223224639892578
0.2416362762451172
0.23683428764343262
0.24001789093017578
0.2164781093597412
0.22896695137023926
0.238525390625
0.22513222694396973
0.2503092288970947
0.22223663330078125
0.24815034866333008
0.24104976654052734
0.22588467597961426
0.24022769927978516
0.2193610668182373
0.23445343971252441
0.2370762825012207
0.23907685279846191
0.23332476615905762
0.23536372184753418
0.23252105712890625
0.2383744716644287
0.23174262046813965
0.2198500633239746
0.22596526145935059
0.2477865219116211
0.2379140853881836
0.27245378494262695
0.2775394916534424
0.22863435745239258
0.22890424728393555
0.23911404609680176
0.2421724796295166
0.24991989135742188
0.22463297843933105
0.23584461212158203
0.23807334899902344
0.2304823398590088
0.24602341651916504
0.2450876235961914
0.24491477012634277
0.24832725524902344
0.25133252143859863
0.23988699913024902
0.2440662384033203
0.23634004592895508
0.23444294929504395
0.2357785701751709
0.23662590980529785
0.24700236320495605
0.2520456314086914
0.2490701675415039
0.24701142311096191
0.23220443725585938
0.23209547996520996
0.23703813552856445
0.22309589385986328
0.22853398323059082
0.23804283142089844
0.2420346736907959
0.26002073287963867
0.29264068603515625
0.2553844451904297
0.2693326473236084
0.2568519115447998
0.24279236793518066
0.23880434036254883
0.238250732421875
0.22040009498596191
0.2475132942199707
0.2404005527496338
0.23947501182556152
0.22857427597045898
0.2316114902496338
0.2402949333190918
0.23718667030334473
0.2516636848449707
0.25844359397888184
0.24410462379455566
0.24250316619873047
0.24380111694335938
0.21378540992736816
0.23675131797790527
0.22676348686218262
0.25145530700683594
0.22664713859558105
0.23455095291137695
0.23113560676574707
0.22470450401306152
0.23507142066955566
0.22019004821777344
0.2319648265838623
0.23283672332763672
0.24405765533447266
0.24099516868591309
0.24380970001220703
0.21842670440673828
0.2373356819152832
0.27648401260375977
0.28647828102111816
0.2935299873352051
0.24009370803833008
0.2251906394958496
0.2510871887207031
0.27702951431274414
0.2455587387084961
0.2456526756286621
0.22765517234802246
0.23786449432373047
0.23526668548583984
0.22824311256408691
0.24541568756103516
0.23338079452514648
0.23337578773498535
0.2339797019958496
0.25064826011657715
0.2635810375213623
0.2376255989074707
0.25357770919799805
0.22623300552368164
0.22207045555114746
0.23009157180786133
0.2450847625732422
0.22487783432006836
0.23653125762939453
0.22892379760742188
0.22810745239257812
0.2519388198852539
0.23299193382263184
0.25078606605529785
0.22581052780151367
0.30271124839782715
0.2988860607147217
0.25489306449890137
0.2649271488189697
0.22455143928527832
0.2270197868347168
0.24587249755859375
0.24191045761108398
0.21907687187194824
0.23159551620483398
0.24199390411376953
0.22848129272460938
0.22307443618774414
0.2279677391052246
0.2264866828918457
0.23604202270507812
0.24313783645629883
0.239332914352417
0.23976731300354004
0.21794986724853516
0.23247957229614258
0.2331221103668213
0.23635220527648926
0.23580384254455566
0.2431964874267578
0.2394733428955078
0.2410261631011963
0.23475313186645508
0.2377481460571289
0.23111414909362793
0.24245166778564453
0.24177026748657227
0.2569458484649658
0.25783777236938477
0.25180816650390625
0.25580716133117676
0.2769162654876709
0.27791595458984375
0.29893040657043457
0.2202754020690918
0.22760772705078125
0.2711479663848877
0.27428102493286133
0.23528838157653809
0.22165632247924805
0.2674529552459717
0.2955443859100342
0.39905858039855957
0.22824740409851074
0.2227928638458252
0.24878573417663574
0.23900485038757324
0.3436548709869385
0.2306051254272461
0.23970532417297363
0.2300891876220703
0.23437762260437012
0.23082375526428223
0.2240302562713623
0.23781776428222656
0.2528352737426758
0.23451519012451172
0.23155474662780762
0.2802295684814453
0.25522398948669434
0.29707956314086914
0.25539088249206543
0.2541787624359131
0.239166259765625
0.24691987037658691
0.24569010734558105
0.2487480640411377
0.23764252662658691
0.2464604377746582
0.23638153076171875
0.23546075820922852
0.24430584907531738
0.23003721237182617
0.21665072441101074
0.23836040496826172
0.24100708961486816
0.2589709758758545
0.2169649600982666
0.23399877548217773
0.22196364402770996
0.23250985145568848
0.23949956893920898
0.23323965072631836
0.23339462280273438
0.22407793998718262
0.25467395782470703
0.22663569450378418
0.23263835906982422
0.2329869270324707
0.22620034217834473
0.26352858543395996
0.26755499839782715
0.2445666790008545
0.2395470142364502
0.21856951713562012
0.2491931915283203
0.22381258010864258
0.24687600135803223
0.2548961639404297
0.2218484878540039
0.23109674453735352
0.2096564769744873
0.24201488494873047
0.2332627773284912
0.33859968185424805
0.4546353816986084
0.2723574638366699
0.24757838249206543
0.24065399169921875
0.21674537658691406
0.239638090133667
0.23665213584899902
0.22567129135131836
0.24691557884216309
0.25128602981567383
0.2680332660675049
0.269946813583374
0.24091434478759766
0.2307415008544922
0.25861549377441406
0.2636070251464844
0.21444153785705566
0.2123715877532959
0.23578286170959473
0.36298084259033203
0.2355632781982422
0.22090888023376465
0.23769187927246094
0.23461341857910156
0.24766969680786133
0.23454856872558594
0.24812936782836914
0.2301924228668213
0.24426889419555664
0.23269128799438477
0.22871685028076172
0.22000575065612793
0.23590421676635742
0.22524428367614746
0.260394811630249
0.24101924896240234
0.2559483051300049
0.25362730026245117
0.23718714714050293
0.23815083503723145
0.23809027671813965
0.24153447151184082
0.25247883796691895
0.21917462348937988
0.2710425853729248
0.2799336910247803
0.22536277770996094
0.23544096946716309
0.24404406547546387
0.24705910682678223
0.22964167594909668
0.2617347240447998
0.22983145713806152
0.23436880111694336
0.2263014316558838
0.243147611618042
0.2339611053466797
0.23263192176818848
0.22481322288513184
0.25515294075012207
0.2550947666168213
0.23808884620666504
0.22465944290161133
0.24150967597961426
0.23255562782287598
0.24263405799865723
0.24562835693359375
0.22087979316711426
0.21509671211242676
0.23738718032836914
0.226334810256958
0.2341001033782959
0.22278237342834473
0.23630070686340332
0.2520122528076172
0.22790908813476562
0.2222294807434082
0.2798933982849121
0.37674999237060547
0.2872047424316406
0.35854601860046387
0.3905463218688965
0.2671661376953125
0.39749956130981445
0.37697696685791016
0.402970552444458
0.41562557220458984
0.29108524322509766
0.30994176864624023
0.310046911239624
0.36765527725219727
0.4244532585144043
0.41143059730529785
0.3320951461791992
0.32110071182250977
0.2850515842437744
0.4179861545562744
0.4288651943206787
0.3040463924407959
0.317047119140625
0.30179500579833984
0.3007950782775879
0.4407804012298584
0.3848724365234375
0.42676639556884766
0.3436775207519531
0.4716982841491699
0.37566685676574707
0.3236212730407715
0.32845115661621094
0.29648327827453613
0.4115006923675537
0.3139348030090332
0.30298304557800293
0.2978699207305908
0.33837437629699707
0.4430108070373535
0.25074148178100586
0.44427943229675293
0.3760566711425781
0.4518866539001465
0.2924318313598633
0.3123481273651123
3.2828123569488525
0.33068084716796875
0.47535204887390137
0.35370659828186035
0.4177103042602539
0.3487052917480469
0.34369492530822754
0.3207204341888428
0.44997167587280273
0.46749305725097656
0.3466658592224121
0.30870532989501953
0.347658634185791
0.36397886276245117
0.2480769157409668
0.3816385269165039
0.27454519271850586
0.41758131980895996
0.33858227729797363
0.24836206436157227
0.2640879154205322
0.4784584045410156
0.47252535820007324
0.3382582664489746
0.446378231048584
0.26813793182373047
0.27321314811706543
0.28526806831359863
0.4376344680786133
0.43752145767211914
0.48482251167297363
0.3755989074707031
0.4747025966644287
0.43665170669555664
0.3815269470214844
0.40544867515563965
0.4163022041320801
3.2807483673095703
0.44451284408569336
0.41448497772216797
0.33550167083740234
0.4084892272949219
0.5049755573272705
0.3306698799133301
0.3890805244445801
0.48905491828918457
0.47229862213134766
0.3781709671020508
0.3881707191467285
0.2604341506958008
0.4329361915588379
0.4957735538482666
0.4059872627258301
0.2852060794830322
3.3270084857940674
0.2438039779663086
0.2709941864013672
0.42927074432373047
0.45202136039733887
0.3020176887512207
0.39702749252319336
0.4010136127471924
0.27296996116638184
0.4613204002380371
0.4474043846130371
0.39815640449523926
0.27806615829467773
0.29995036125183105
0.3679981231689453
0.3935868740081787
0.3238089084625244
0.31981348991394043
9.314547061920166
0.2552673816680908
0.2793288230895996
3.263673782348633
0.3209230899810791
0.3301050662994385
0.3025350570678711
0.34563779830932617
0.284529447555542
0.4880344867706299
0.4462146759033203
0.4231903553009033
0.39619016647338867
0.44922900199890137
0.2666172981262207
3.313530445098877
0.47590208053588867
0.48576927185058594
0.46665143966674805
0.41214942932128906
0.3669419288635254
0.4232931137084961
0.28891849517822266
3.26906681060791
0.29326915740966797
0.3655993938446045
0.7545492649078369
0.25117921829223633
0.45895910263061523
0.4220149517059326
0.49394941329956055
0.3083069324493408
0.3952662944793701
0.28729748725891113
0.4007282257080078
0.4066286087036133
0.4351344108581543
0.29070401191711426
0.2956852912902832
0.3042120933532715
0.419694185256958
0.3072021007537842
0.36150598526000977
0.33791637420654297
0.3877418041229248
0.35425686836242676
0.43680739402770996
3.3101987838745117
3.316243886947632
0.29337120056152344
0.40503859519958496
0.3700284957885742
0.38703465461730957
0.3840296268463135
0.43103599548339844
0.2688286304473877
0.3240985870361328
0.43305373191833496
0.4508953094482422
0.2995941638946533
0.3767678737640381
3.2952911853790283
9.295255184173584
0.26749753952026367
0.42504024505615234
0.4120361804962158
0.3500661849975586
0.47904109954833984
0.2860898971557617
0.4311401844024658
0.2777988910675049
0.30287694931030273
0.4004991054534912
0.2795424461364746
0.3414878845214844
0.4066181182861328
0.3236582279205322
0.3877406120300293
0.4167008399963379
0.36173391342163086
0.3135824203491211
0.3145933151245117
0.3095991611480713
0.4350600242614746
0.29344677925109863
0.4029660224914551
0.3965263366699219
0.4115138053894043
0.4290149211883545
0.4119911193847656
0.4655265808105469
0.2960526943206787
0.3977982997894287
0.4417717456817627
0.4589259624481201
0.3564174175262451
0.3456873893737793
0.4608924388885498
0.3528275489807129
0.3588283061981201
0.2911968231201172
0.4331481456756592
0.4432103633880615
0.281360387802124
0.3043181896209717
0.28247857093811035
0.431729793548584
0.3950462341308594
0.4421226978302002
0.3533928394317627
0.4481363296508789
3.3375375270843506
0.3440883159637451
9.340712070465088
0.30652713775634766
0.2910118103027344
0.278670072555542
0.363739013671875
0.2895989418029785
0.28037261962890625
0.3740110397338867
0.439166784286499
0.3767211437225342
0.4620847702026367
0.4962019920349121
0.2740921974182129
0.3438577651977539
0.35784411430358887
0.23922491073608398
3.2669553756713867
0.44974637031555176
0.27649545669555664
0.31722331047058105
0.30223846435546875
0.5057086944580078
0.46770715713500977
0.5175571441650391
3.2813384532928467
0.3938028812408447
0.42789459228515625
3.267397165298462
0.43716931343078613
0.38812971115112305
0.44516444206237793
0.43016719818115234
0.4810781478881836
0.3691129684448242
0.29860997200012207
0.28164148330688477
3.2748541831970215
9.258734703063965
9.265756368637085
0.360058069229126
0.4157857894897461
0.24715185165405273
0.46558499336242676
0.45070648193359375
0.34757089614868164
0.32761597633361816
0.5076560974121094
0.37193918228149414
0.43381404876708984
9.290628433227539
0.30895495414733887
0.4104139804840088
0.350114107131958
0.2702498435974121
0.3432619571685791
0.288846492767334
0.4216456413269043
0.2848050594329834
0.4523167610168457
0.3026695251464844
0.28810715675354004
0.2921574115753174
3.3578217029571533
0.3459324836730957
0.4653666019439697
3.406001567840576
9.317564487457275
0.27986836433410645
0.290057897567749
0.2961695194244385
0.48845958709716797
0.3771638870239258
0.4043238162994385
0.5303995609283447
3.3663148880004883
0.2683398723602295
0.3472466468811035
0.24631571769714355
3.329694986343384
0.32604265213012695
0.31732702255249023
0.31679534912109375
0.3118574619293213
0.3478851318359375
0.3140699863433838
0.38722968101501465
0.39443540573120117
3.2624599933624268
3.298370599746704
0.31152844429016113
0.2895059585571289
0.26955389976501465
0.2583451271057129
0.4290170669555664
0.42102789878845215
0.563826322555542
0.547832727432251
3.3110947608947754
0.4669764041900635
0.5638225078582764
0.33761167526245117
0.25661349296569824
0.4303317070007324
0.260420560836792
0.2818167209625244
0.30748867988586426
0.3783144950866699
0.31472206115722656
0.3025190830230713
0.28011584281921387
3.4444994926452637
0.38088130950927734
0.37500786781311035
0.40706467628479004
0.370924711227417
3.288505792617798
3.2915079593658447
0.2940080165863037
0.31642675399780273
0.42436671257019043
0.4224386215209961
0.32347607612609863
0.2989623546600342
0.3396754264831543
0.32549118995666504
0.4120194911956787
0.4601409435272217
0.30017995834350586
0.2898705005645752
0.29785585403442383
0.25229620933532715
0.26790714263916016
0.2678537368774414
0.37488579750061035
3.336796998977661
0.49019742012023926
0.4547767639160156
0.34363675117492676
0.3120133876800537
0.30501627922058105
0.2358558177947998
0.2904980182647705
0.30644798278808594
0.2674577236175537
0.38575053215026855
0.3545870780944824
0.5087463855743408
0.3147134780883789
0.46188807487487793
0.5059027671813965
0.4017508029937744
0.39839839935302734
0.4592106342315674
0.30121636390686035
0.5131564140319824
0.4602181911468506
0.46521782875061035
0.3110637664794922
0.3022174835205078
0.2844674587249756
0.33827948570251465
0.3757295608520508
0.38881874084472656
9.251508235931396
3.297203779220581
3.3122076988220215
0.28836679458618164
0.4433162212371826
0.4143509864807129
0.4928269386291504
0.5038259029388428
0.3948495388031006
0.5227229595184326
0.2624351978302002
0.4113590717315674
0.42036938667297363
0.43529772758483887
0.47664713859558105
0.43355703353881836
0.4125559329986572
0.4766373634338379
3.2833712100982666
0.4556007385253906
0.3209364414215088
0.3200082778930664
0.45659565925598145
0.43120384216308594
0.39740991592407227
0.26316046714782715
0.28663063049316406
0.31755709648132324
0.45395565032958984
0.3018817901611328
0.2969536781311035
0.3089480400085449
0.34975433349609375
0.40052151679992676
0.29702019691467285
0.3000822067260742
0.4705636501312256
0.2718205451965332
0.3269624710083008
0.45807409286499023
0.46385812759399414
0.4254739284515381
0.5187721252441406
9.311880826950073
3.2950665950775146
9.310934066772461
9.323870658874512
9.346964120864868
9.410699129104614
0.3359203338623047
0.2440497875213623
0.287006139755249
0.3315286636352539
0.3163645267486572
0.4685332775115967
0.4924943447113037
0.3124258518218994
0.3912525177001953
0.3707091808319092
0.37762880325317383
0.3627126216888428
0.30845069885253906
26.339807987213135
0.24073529243469238
0.30051565170288086
0.31577563285827637
0.4066951274871826
0.27346301078796387
0.27347707748413086
0.27882933616638184
0.41228270530700684
0.43828487396240234
0.24975895881652832
0.38378119468688965
0.3647029399871826
0.26075077056884766
0.4092104434967041
0.38602352142333984
0.4168727397918701
0.4120187759399414
0.382967472076416
0.3439648151397705
0.48900389671325684
0.3237743377685547
0.3012056350708008
3.3535659313201904
3.33662486076355
0.33516836166381836
0.3866286277770996
3.3596091270446777
0.40055036544799805
0.32785892486572266
0.36786627769470215
0.41416263580322266
0.3829169273376465
0.32566142082214355
0.3356492519378662
0.2941622734069824
0.2754039764404297
0.25635409355163574
0.4467813968658447
3.343353271484375
0.45446348190307617
0.41361546516418457
0.41857004165649414
0.3736286163330078
0.3825547695159912
0.33762526512145996
0.382922887802124
0.248488187789917
0.335906982421875
0.33887267112731934
0.3370959758758545
3.4417295455932617
3.2614259719848633
0.4110372066497803
0.4889206886291504
0.37238097190856934
0.46140313148498535
0.29042577743530273
0.335418701171875
0.30709099769592285
0.2674140930175781
0.33355116844177246
0.3356044292449951
0.490278959274292
0.329601526260376
0.2775728702545166
3.29181170463562
0.3489701747894287
0.2619974613189697
0.29965686798095703
0.28466343879699707
0.37564969062805176
0.4135277271270752
0.30141377449035645
0.4417400360107422
0.3992905616760254
0.33758091926574707
0.34253597259521484
26.296401977539062
0.267230749130249
0.38318467140197754
0.2299487590789795
0.393662691116333
0.33148622512817383
0.443756103515625
0.2533402442932129
0.3435344696044922
0.37466883659362793
0.2679171562194824
0.25051140785217285
3.307250499725342
0.23474884033203125
0.4788665771484375
0.23446249961853027
0.43546438217163086
0.296964168548584
0.27100396156311035
0.36759066581726074
0.4065866470336914
0.4623990058898926
0.33087754249572754
0.3497586250305176
0.4536926746368408
0.3049459457397461
0.30765295028686523
0.30866360664367676
0.24640512466430664
0.2894585132598877
0.23642373085021973
0.23471999168395996
0.4244832992553711
0.3975520133972168
0.32068657875061035
0.2741570472717285
0.35193300247192383
0.3133106231689453
0.3182713985443115
0.22423601150512695
35.38479423522949
0.3619668483734131
3.419712543487549
0.4599142074584961
3.4137773513793945
0.29285359382629395
0.28302478790283203
0.2740044593811035
0.43819117546081543
0.36455488204956055
0.3514246940612793
29.43849539756775
0.4883453845977783
26.446876049041748
0.47646236419677734
26.458723068237305
0.3009202480316162
3.410290479660034
0.4649772644042969
0.34394025802612305
0.3928673267364502
0.3729243278503418
0.26111912727355957
0.372424840927124
0.4356822967529297
0.3832080364227295
0.38638854026794434
0.44287800788879395
0.28987622261047363
0.2679169178009033
0.23447656631469727
0.3586454391479492
0.2961297035217285
0.3927316665649414
0.37227511405944824
0.4142427444458008
0.432295560836792
3.306795835494995
0.4944925308227539
0.2801222801208496
0.3421821594238281
3.2397871017456055
0.46277737617492676
0.3369884490966797
0.30405139923095703
0.2619471549987793
0.3189361095428467
0.286543607711792
0.24914002418518066
3.2840189933776855
0.41274189949035645
0.4657278060913086
0.38559412956237793
9.35333776473999
0.37270426750183105
0.3742337226867676
0.4853181838989258
0.4264357089996338
3.2552971839904785
0.35915589332580566
0.5258278846740723
0.3956329822540283
3.245607614517212
0.3957791328430176
0.3757760524749756
0.40183138847351074
0.27373576164245605
0.4221351146697998
0.41365551948547363
0.5641553401947021
0.36696958541870117
0.4552018642425537
0.4063384532928467
0.36830592155456543
0.44333934783935547
0.46733975410461426
0.3893308639526367
0.49732518196105957
3.3154938220977783
0.366105318069458
3.3382785320281982
0.4278445243835449
0.24231266975402832
0.3193233013153076
0.2309126853942871
0.47830986976623535
0.5053787231445312
0.3618953227996826
0.3840794563293457
3.513028621673584
0.499387264251709
0.4088273048400879
0.45903873443603516
0.3858363628387451
0.3378133773803711
3.2979111671447754
3.2970945835113525
0.4181079864501953
0.3224968910217285
0.29506444931030273
0.3635549545288086
0.367523193359375
0.2565572261810303
0.43466734886169434
0.8340325355529785
0.4315462112426758
0.4076218605041504
0.24723362922668457
0.3550870418548584
0.3521912097930908
3.411869764328003
0.44813966751098633
0.43713951110839844
0.28524208068847656
0.4354543685913086
0.29429101943969727
0.2734544277191162
0.3915681838989258
0.3534984588623047
0.32437682151794434
0.2746143341064453
0.26400089263916016
0.4407932758331299
0.3260018825531006
0.27983856201171875
0.4569060802459717
0.38190507888793945
0.28192615509033203
0.31090474128723145
0.28238797187805176
0.2840540409088135
0.44492125511169434
0.7697482109069824
0.6333420276641846
0.6173505783081055
3.5986876487731934
0.6409420967102051
0.7780027389526367
1.1357786655426025
0.964308500289917
1.180267572402954
1.2222058773040771
0.942326545715332
0.829108476638794
3.608833074569702
0.4949827194213867
0.8821747303009033
0.47699666023254395
1.0301473140716553
0.9864270687103271
0.8479940891265869
0.25023555755615234
0.25028538703918457
0.3858823776245117
0.3017890453338623
0.4218864440917969
0.42588067054748535
0.3432464599609375
0.3326551914215088
0.41909193992614746
0.3751039505004883
0.38068056106567383
0.2686767578125
0.30480146408081055
0.4147682189941406
0.34174060821533203
0.2813892364501953
0.36826157569885254
0.2653982639312744
0.28818297386169434
0.30829906463623047
0.29645490646362305
0.29944896697998047
0.32176804542541504
0.3280668258666992
3.38105845451355
0.3459012508392334
0.4100494384765625
0.4407374858856201
0.4031548500061035
0.448624849319458
0.2561795711517334
0.42943835258483887
55.34930753707886
0.456402063369751
0.41851043701171875
0.3215312957763672
3.2993905544281006
0.32266902923583984
0.45934629440307617
0.41832447052001953
0.48034143447875977
0.4663374423980713
0.2718331813812256
0.2798330783843994
0.2830355167388916
0.2886927127838135
0.41315627098083496
3.236895799636841
0.3804306983947754
0.4471871852874756
0.3844120502471924
0.2636699676513672
0.30767107009887695
0.45579051971435547
0.4537479877471924
0.36580610275268555
0.45576906204223633
0.30806922912597656
0.44667720794677734
0.30112719535827637
3.2646775245666504
0.26314353942871094
0.3518848419189453
0.2435166835784912
0.27053141593933105
0.33710765838623047
0.2731750011444092
0.33139538764953613
0.3043935298919678
0.24364614486694336
0.36099696159362793
0.4980809688568115
0.4301307201385498
0.48297977447509766
0.5220227241516113
52.396570682525635
0.2947392463684082
0.3697986602783203
0.23260855674743652
0.3448960781097412
0.3698549270629883
0.3029348850250244
0.36585426330566406
0.41918134689331055
0.5021238327026367
0.3850235939025879
0.3163003921508789
0.27230191230773926
0.2594156265258789
0.41057872772216797
0.2824718952178955
0.29746198654174805
0.33386778831481934
0.35220861434936523
0.3073148727416992
0.3904073238372803
0.4365980625152588
0.24779129028320312
0.25265979766845703
0.3357548713684082
0.3377807140350342
0.35768842697143555
0.3667583465576172
0.3557932376861572
0.3147773742675781
0.33611440658569336
0.31206560134887695
0.30705952644348145
0.49375104904174805
0.4277217388153076
0.3360321521759033
0.28946661949157715
9.29086685180664
0.28038716316223145
9.30283260345459
0.2826056480407715
0.25031495094299316
0.4477534294128418
0.4286928176879883
0.27579760551452637
0.27823710441589355
0.3917825222015381
0.3823254108428955
0.47356462478637695
0.2466602325439453
0.4785633087158203
0.4666910171508789
0.2775270938873291
0.243377685546875
0.25603795051574707
0.2640080451965332
0.25301504135131836
0.27600741386413574
0.22505688667297363
0.2250669002532959
0.23145556449890137
0.2727351188659668
0.2741575241088867
0.23599004745483398
0.2249755859375
3.2711849212646484
0.277987003326416
0.23408079147338867
0.23682284355163574
0.2470536231994629
0.22772932052612305
0.2468090057373047
0.2479078769683838
0.23016357421875
0.25570201873779297
0.27454662322998047
0.2308804988861084
0.23995685577392578
0.24433684349060059
0.24036431312561035
0.22133827209472656
0.22522878646850586
0.23044204711914062
0.21977019309997559
0.23530888557434082
0.2548539638519287
0.2617497444152832
0.24237489700317383
0.23154950141906738
0.23281288146972656
0.2508530616760254
3.2317614555358887
29.257532596588135
9.252707481384277
9.253720760345459
0.22729945182800293
0.23701763153076172
0.2619807720184326
0.24900388717651367
0.2739732265472412
0.24063897132873535
0.2586381435394287
0.24080300331115723
0.23879361152648926
0.2568185329437256
0.23748040199279785
0.2682631015777588
0.27634525299072266
0.24184107780456543
9.253803968429565
9.260926246643066
0.23877215385437012
0.24244260787963867
0.2471332550048828
0.22612571716308594
0.2548682689666748
0.2737269401550293
0.23225736618041992
0.23534464836120605
0.24634146690368652
0.2590451240539551
0.2451951503753662
0.252932071685791
26.234827280044556
0.21277356147766113
0.22741174697875977
0.24634337425231934
0.2593052387237549
0.23369383811950684
0.23930859565734863
0.22633695602416992
0.23764896392822266
0.22806668281555176
0.23110604286193848
0.22892189025878906
0.22506213188171387
0.2508583068847656
0.25012683868408203
0.23987555503845215
0.2716948986053467
0.24389243125915527
0.23608088493347168
0.24115610122680664
0.21771454811096191
0.23899292945861816
0.24466228485107422
0.254594087600708
0.24361324310302734
0.24407196044921875
0.22185993194580078
0.23993825912475586
0.25022053718566895
0.27523374557495117
0.2981581687927246
0.24778199195861816
0.2638230323791504
0.24280476570129395
0.2483811378479004
0.24737811088562012
0.23044848442077637
0.24937224388122559
0.25127625465393066
0.25727176666259766
0.30211734771728516
0.22361302375793457
0.23404622077941895
0.23265647888183594
0.21001362800598145
0.23560667037963867
0.2295236587524414
0.2210087776184082
0.21329069137573242
0.22523140907287598
0.22975540161132812
0.22456121444702148
0.23382210731506348
0.21669530868530273
0.22930240631103516
0.2364180088043213
0.2436528205871582
0.25664758682250977
0.23192930221557617
0.23431706428527832
0.2337195873260498
0.25371456146240234
0.23162579536437988
0.22506403923034668
0.22688937187194824
0.22375798225402832
0.24860334396362305
0.22493767738342285
0.24687719345092773
0.22436237335205078
0.25242066383361816
0.23549389839172363
0.22754979133605957
0.22581768035888672
0.24146080017089844
0.22119855880737305
0.2218799591064453
0.2341461181640625
0.24649643898010254
0.2349562644958496
0.22904610633850098
0.25298094749450684
0.24303150177001953
0.23609304428100586
0.24129509925842285
0.2261044979095459
0.23893189430236816
0.2562737464904785
0.24939703941345215
0.2254652976989746
0.2462165355682373
0.22215485572814941
0.2331843376159668
0.22681355476379395
0.24047589302062988
0.32366299629211426
0.2539024353027344
0.23404836654663086
0.2550535202026367
0.22786211967468262
0.23952841758728027
0.22481679916381836
0.21931719779968262
0.2314157485961914
0.26096391677856445
0.2599935531616211
0.24297857284545898
0.26500511169433594
0.23903322219848633
0.23502731323242188
0.23549866676330566
0.2436363697052002
0.23238396644592285
0.22841262817382812
0.2218787670135498
0.2652010917663574
0.22473621368408203
0.2260279655456543
0.24672842025756836
0.23673343658447266
0.24126315116882324
0.238189697265625
0.2512509822845459
0.2410125732421875
0.23615384101867676
0.22912096977233887
0.25185513496398926
0.2219867706298828
0.23729300498962402
0.2241661548614502
0.23856616020202637
0.21599698066711426
0.22116446495056152
0.24712824821472168
0.4361414909362793
0.25749802589416504
0.255584716796875
0.33443474769592285
0.3464648723602295
0.34549784660339355
0.3467135429382324
0.33953166007995605
0.3697352409362793
0.3888661861419678
0.20938730239868164
0.28324341773986816
0.2563915252685547
0.27941322326660156
0.24730587005615234
0.2383270263671875
0.25946664810180664
0.2725505828857422
0.25539541244506836
0.24348092079162598
0.24022483825683594
0.24044156074523926
0.2603788375854492
0.24109625816345215
0.24317646026611328
0.2220468521118164
0.2291584014892578
0.2430722713470459
0.22244691848754883
0.22246527671813965
0.23700284957885742
0.22210025787353516
0.24016761779785156
0.2513859272003174
0.22120976448059082
0.2407236099243164
0.23143577575683594
0.2570657730102539
0.2196509838104248
0.23300909996032715
0.24704217910766602
0.23169159889221191
0.22612738609313965
0.2533106803894043
0.24336886405944824
0.23835110664367676
0.24857378005981445
0.23609662055969238
0.2310934066772461
0.275881290435791
0.28389477729797363
0.25084877014160156
0.24849820137023926
0.23256778717041016
0.2585623264312744
0.23914670944213867
0.26104307174682617
0.2460336685180664
0.2640421390533447
0.25403261184692383
0.23823952674865723
0.24006319046020508
0.23433947563171387
0.24653220176696777
0.23764276504516602
0.23410463333129883
0.24275565147399902
0.2527322769165039
0.24872279167175293
0.24008774757385254
0.24710917472839355
0.23459792137145996
0.23288226127624512
0.21534371376037598
0.22931337356567383
0.23468637466430664
0.22311830520629883
0.22907471656799316
0.22782373428344727
0.22230839729309082
0.24260568618774414
0.25560760498046875
0.24030232429504395
0.22822093963623047
0.22200608253479004
0.23221254348754883
0.247422456741333
0.2387406826019287
0.24768781661987305
0.22969985008239746
0.24618315696716309
0.2341763973236084
0.2280750274658203
0.22668218612670898
0.23018503189086914
0.23683762550354004
0.2383737564086914
0.24234700202941895
0.23228240013122559
0.2547905445098877
0.25185561180114746
0.27085304260253906
0.2266676425933838
0.23902678489685059
0.24100446701049805
0.25204968452453613
0.22696423530578613
0.23598170280456543
0.24709844589233398
0.25335025787353516
0.22736048698425293
0.23747730255126953
0.24691510200500488
0.2441844940185547
0.25490331649780273
0.25188279151916504
0.25486111640930176
0.24592351913452148
0.24395990371704102
0.23531460762023926
0.23050713539123535
0.2584202289581299
0.25841808319091797
0.23260164260864258
0.23451614379882812
0.2349238395690918
0.23699712753295898
0.22597670555114746
0.2369985580444336
0.24380159378051758
0.2346940040588379
0.23778676986694336
0.23146986961364746
0.24388766288757324
0.23994755744934082
0.23102807998657227
0.23474764823913574
0.2557191848754883
0.2577188014984131
0.2624173164367676
0.2485370635986328
0.23775291442871094
0.24242210388183594
0.21917366981506348
0.22487473487854004
0.2282416820526123
0.23262763023376465
0.24307560920715332
0.2520925998687744
0.23615789413452148
0.24480128288269043
0.23670458793640137
0.2341930866241455
0.2438802719116211
0.22605109214782715
0.23901605606079102
0.23403143882751465
0.23452425003051758
0.2362353801727295
0.2513082027435303
0.24634051322937012
0.22386789321899414
0.23483896255493164
0.22385764122009277
0.23636794090270996
0.2323760986328125
0.24678611755371094
0.25460100173950195
0.22250962257385254
0.22609949111938477
0.24674344062805176
0.25974273681640625
0.25751757621765137
0.24514245986938477
0.23189043998718262
0.24686932563781738
0.2357487678527832
0.23211097717285156
0.25707101821899414
0.2319333553314209
0.2198796272277832
0.24072623252868652
0.25945520401000977
0.26250290870666504
0.2526724338531494
0.23905086517333984
0.2234206199645996
0.2679424285888672
0.2659323215484619
0.27085161209106445
0.2454366683959961
0.24684953689575195
0.24190402030944824
0.2445981502532959
0.23367810249328613
0.24163341522216797
0.23354029655456543
0.23250770568847656
0.23483777046203613
0.22754120826721191
0.2361297607421875
0.22919034957885742
0.22220659255981445
0.22669386863708496
0.21715831756591797
0.23919177055358887
0.23326587677001953
0.23562216758728027
0.2353837490081787
0.22646617889404297
0.23843622207641602
0.23867464065551758
0.22097253799438477
0.20853948593139648
0.22240304946899414
0.24849867820739746
0.2329425811767578
0.24595236778259277
0.23772382736206055
0.22832036018371582
0.22002744674682617
0.23015475273132324
0.24857044219970703
0.2294602394104004
0.2538423538208008
0.2267293930053711
0.23812389373779297
0.2274308204650879
0.21878623962402344
0.22522568702697754
0.2289416790008545
0.23112964630126953
0.22427105903625488
0.23913025856018066
0.24298691749572754
0.23574018478393555
0.2317368984222412
0.2245798110961914
0.23620223999023438
0.2391953468322754
0.23156285285949707
0.22666621208190918
0.2225039005279541
0.24030447006225586
0.24919843673706055
0.2353367805480957
0.2908339500427246
0.3136732578277588
0.23972129821777344
0.2391345500946045
0.23908209800720215
0.23660588264465332
0.23161554336547852
0.22746562957763672
0.21747612953186035
0.24490046501159668
0.24114227294921875
0.24878239631652832
0.23342442512512207
0.23863434791564941
0.2412569522857666
0.2373218536376953
0.24533367156982422
0.25875258445739746
0.22766423225402832
0.23570036888122559
0.22958993911743164
0.24955105781555176
0.2485499382019043
0.24485421180725098
0.2325143814086914
0.22962331771850586
0.25231480598449707
0.21284079551696777
0.24028968811035156
0.238203763961792
0.22754549980163574
0.23228025436401367
0.21918535232543945
0.23344945907592773
0.22084736824035645
0.25751328468322754
0.23929905891418457
0.23859882354736328
0.23761439323425293
0.24315404891967773
0.2491617202758789
0.24811863899230957
0.2397780418395996
0.28163886070251465
0.2355480194091797
0.22267508506774902
0.22634387016296387
0.25195765495300293
0.23899030685424805
0.2369852066040039
0.23743748664855957
0.23099780082702637
0.23803019523620605
0.24404478073120117
0.2601292133331299
0.25116515159606934
0.23546648025512695
0.22301912307739258
0.22496676445007324
0.2307584285736084
0.2314462661743164
0.23833012580871582
0.2235121726989746
0.23376083374023438
0.2390432357788086
0.2288503646850586
0.2423079013824463
0.21240925788879395
0.2418074607849121
0.24878478050231934
0.22575736045837402
0.25484228134155273
0.2443408966064453
0.23870182037353516
0.2377488613128662
0.2436830997467041
0.2291550636291504
0.24403905868530273
0.22594141960144043
0.2539665699005127
0.2509889602661133
0.2520256042480469
0.2321171760559082
0.23813772201538086
0.23388433456420898
0.23921442031860352
0.2802433967590332
0.27721452713012695
0.29522156715393066
0.26122164726257324
0.25225210189819336
0.21822166442871094
0.23219943046569824
0.23537349700927734
0.23272132873535156
0.24389004707336426
0.23093271255493164
0.24078011512756348
0.24678516387939453
0.2274327278137207
0.2403721809387207
0.24831676483154297
0.21947741508483887
0.23288345336914062
0.2181541919708252
0.22947478294372559
0.24225664138793945
0.25290513038635254
0.2589132785797119
0.2729208469390869
0.27976012229919434
0.24792098999023438
0.2189779281616211
0.2497999668121338
0.2349412441253662
0.24235057830810547
0.22419095039367676
0.22725892066955566
0.25513362884521484
0.2591845989227295
0.2511403560638428
0.26021361351013184
0.2435305118560791
0.22286009788513184
0.22827935218811035
0.32788538932800293
0.23306918144226074
0.3324761390686035
0.25240397453308105
0.2691655158996582
0.27635884284973145
0.27881360054016113
0.27187013626098633
0.24976873397827148
0.22481822967529297
0.2371506690979004
0.21963238716125488
0.24038982391357422
0.24904489517211914
0.22916889190673828
0.25093507766723633
0.22994136810302734
0.22867608070373535
0.23154401779174805
0.22131586074829102
0.2420792579650879
0.2443370819091797
0.2513136863708496
0.23917078971862793
0.2380070686340332
0.23302340507507324
0.22103166580200195
0.23229002952575684
0.23216009140014648
0.22425007820129395
0.23966455459594727
0.2469635009765625
0.23248744010925293
0.23075032234191895
0.23424220085144043
0.3121035099029541
0.23021268844604492
0.22543668746948242
0.23082590103149414
0.22391033172607422
0.23279333114624023
0.2379136085510254
0.22548651695251465
0.23590469360351562
0.23451948165893555
0.2575535774230957
0.22605466842651367
0.23844289779663086
0.26244163513183594
0.26851987838745117
0.22837209701538086
0.2359602451324463
0.23380041122436523
0.22824311256408691
0.2353053092956543
0.2434680461883545
0.28746485710144043
0.29242706298828125
0.2944631576538086
0.23306870460510254
0.24424982070922852
0.24511480331420898
0.22393345832824707
0.23846173286437988
0.23434925079345703
0.23070979118347168
0.23767304420471191
0.25672316551208496
0.2557563781738281
0.26866984367370605
0.23478102684020996
0.22092151641845703
0.21970558166503906
0.23798918724060059
0.24201440811157227
0.251476526260376
0.2374894618988037
0.25046682357788086
0.22256898880004883
0.2304835319519043
0.23576927185058594
0.25275135040283203
0.2297196388244629
0.35213804244995117
0.279127836227417
0.4151437282562256
0.3511016368865967
0.23894143104553223
0.2410271167755127
0.2492971420288086
0.25222134590148926
0.23281311988830566
0.23606061935424805
0.24167990684509277
0.22109723091125488
0.25092458724975586
0.25888562202453613
0.21433496475219727
0.2438187599182129
0.23186182975769043
0.2211301326751709
0.23578286170959473
0.2375192642211914
0.23578143119812012
0.26058459281921387
0.23178958892822266
0.23800134658813477
0.2269303798675537
0.2284846305847168
0.24752140045166016
0.23870277404785156
0.23498821258544922
0.23500418663024902
0.23499608039855957
0.2368917465209961
0.2348630428314209
0.22485566139221191
0.23284506797790527
0.24199485778808594
0.25598621368408203
0.2510097026824951
0.24098730087280273
0.23296809196472168
0.2440810203552246
0.22819232940673828
0.23979949951171875
0.23989295959472656
0.22730636596679688
0.22250604629516602
0.23803472518920898
0.2207958698272705
0.24050116539001465
0.22547030448913574
0.22515416145324707
0.22737407684326172
0.23363900184631348
0.20798969268798828
0.2381279468536377
0.22742152214050293
0.22575139999389648
0.2982137203216553
0.2510402202606201
0.3052186965942383
0.27298545837402344
0.2503824234008789
0.3095874786376953
0.2996370792388916
0.31758737564086914
0.30845165252685547
0.23269939422607422
0.23201870918273926
0.258591890335083
0.23264074325561523
0.23602747917175293
0.24903297424316406
0.23002910614013672
0.24002456665039062
0.219085693359375
0.23143529891967773
0.22876405715942383
0.22895574569702148
0.23653292655944824
0.24564242362976074
0.23742961883544922
0.2335672378540039
0.2263801097869873
0.23740148544311523
0.240248441696167
0.23606419563293457
0.22573280334472656
0.2302107810974121
0.24751663208007812
0.29064464569091797
0.35459160804748535
0.3645908832550049
0.32259154319763184
0.38837552070617676
0.26064300537109375
0.25977516174316406
0.23963713645935059
0.22649335861206055
0.2396988868713379
0.23930740356445312
0.24028968811035156
0.23249268531799316
0.21718597412109375
0.23821496963500977
0.2325611114501953
0.24176692962646484
0.24279284477233887
0.2537806034088135
0.2658870220184326
0.2345290184020996
0.23648643493652344
0.2445204257965088
0.2554934024810791
0.2335519790649414
0.23437762260437012
0.2557837963104248
0.2404472827911377
0.23872947692871094
0.23577380180358887
0.236037015914917
0.2330622673034668
0.23496365547180176
0.22503447532653809
0.21999764442443848
0.23906326293945312
0.21954727172851562
0.25058722496032715
0.24652457237243652
0.23263168334960938
0.2369539737701416
0.26281261444091797
0.2397327423095703
0.22664904594421387
0.23190760612487793
0.2236802577972412
0.2348642349243164
0.23453664779663086
0.23192691802978516
0.2428596019744873
0.23545384407043457
0.23360896110534668
0.2308506965637207
0.23575091361999512
0.25258541107177734
0.23649024963378906
0.24647974967956543
0.22263622283935547
0.20714497566223145
0.2247154712677002
0.21690034866333008
0.2315516471862793
0.23404216766357422
0.26008057594299316
0.22764039039611816
0.23118352890014648
0.23757719993591309
0.24661540985107422
0.2290499210357666
0.2261953353881836
0.23893213272094727
0.23356890678405762
0.23882818222045898
0.2437267303466797
0.23338770866394043
0.25260162353515625
0.23619699478149414
0.23031401634216309
0.23798084259033203
0.2518801689147949
0.22500085830688477
0.23641324043273926
0.2464616298675537
0.2415146827697754
0.2606468200683594
0.24184656143188477
0.2568483352661133
0.23283934593200684
0.22156906127929688
0.24697589874267578
0.22826170921325684
0.22814273834228516
0.24054598808288574
0.23653817176818848
0.23469948768615723
0.24051690101623535
0.2383575439453125
0.22363734245300293
0.22137188911437988
0.2376692295074463
0.23540306091308594
0.2851099967956543
0.28609490394592285
0.24814677238464355
0.24451351165771484
0.23250722885131836
0.23844408988952637
0.2469954490661621
0.23396897315979004
0.22297310829162598
0.2385566234588623
0.22853732109069824
0.2385389804840088
0.22438955307006836
0.2513914108276367
0.2333993911743164
0.29070425033569336
0.27784037590026855
0.29485464096069336
0.2421276569366455
0.22770452499389648
0.25408124923706055
0.2490711212158203
0.26409029960632324
0.2244701385498047
0.24948430061340332
0.22443795204162598
0.22460150718688965
0.2425529956817627
0.24451971054077148
0.24852204322814941
0.2507054805755615
0.25106239318847656
0.27011561393737793
0.28412580490112305
0.24608612060546875
0.26107144355773926
0.24695706367492676
0.25812768936157227
0.24616503715515137
0.23914003372192383
0.23418521881103516
0.2539525032043457
0.25401854515075684
0.25701403617858887
0.23494982719421387
0.24850797653198242
0.2410719394683838
0.2510948181152344
0.23972606658935547
0.2466597557067871
0.2316267490386963
0.260608434677124
0.21651649475097656
0.23230338096618652
0.2380506992340088
0.25975799560546875
0.28356194496154785
0.22528815269470215
0.23821139335632324
0.2261970043182373
0.24097418785095215
0.2399580478668213
0.22888898849487305
0.23731040954589844
0.2578592300415039
0.23990416526794434
0.23667192459106445
0.22412919998168945
0.22690153121948242
0.23395586013793945
0.24031805992126465
0.2660984992980957
0.2459855079650879
0.23076939582824707
0.23930716514587402
0.2551257610321045
0.26708102226257324
0.2279036045074463
0.22579526901245117
0.23076629638671875
0.23759055137634277
0.2832677364349365
0.2391955852508545
0.2185347080230713
0.2355484962463379
0.25372314453125
0.2597203254699707
0.22870588302612305
0.24169588088989258
0.2272036075592041
0.22854280471801758
0.23914313316345215
0.23804211616516113
0.24276447296142578
0.23899126052856445
0.24924683570861816
0.28595685958862305
0.2901458740234375
0.2561368942260742
0.22214984893798828
0.23008465766906738
0.23011469841003418
0.23230552673339844
0.24828505516052246
0.29097676277160645
0.3008742332458496
0.24497675895690918
0.31271982192993164
0.25040316581726074
0.26226139068603516
0.2501521110534668
0.23359346389770508
0.23404669761657715
0.22377586364746094
0.2437596321105957
0.243621826171875
0.24518799781799316
0.24369120597839355
0.24985647201538086
0.22607135772705078
0.2269575595855713
0.23598051071166992
0.2469773292541504
0.24620652198791504
0.23622965812683105
0.2326655387878418
0.24781370162963867
0.24472260475158691
0.2487943172454834
0.2578423023223877
0.22768807411193848
0.2496938705444336
0.2394099235534668
0.24138712882995605
0.22232317924499512
0.2349262237548828
0.2308492660522461
0.22185277938842773
0.23910212516784668
0.23545265197753906
0.23325896263122559
0.21849656105041504
0.24766921997070312
0.2286984920501709
0.2368178367614746
0.22182154655456543
0.22768068313598633
0.2229466438293457
0.23493003845214844
0.2312924861907959
0.22916078567504883
0.23478221893310547
0.22063088417053223
0.23093438148498535
0.2348783016204834
0.24251294136047363
0.26571083068847656
0.28076672554016113
0.2429208755493164
0.22606468200683594
0.23395180702209473
0.2299940586090088
0.22694110870361328
0.23684239387512207
0.2410871982574463
0.24930953979492188
0.279188871383667
0.27521538734436035
0.28903722763061523
0.23882651329040527
0.2603001594543457
0.2677347660064697
0.2627251148223877
0.2134385108947754
0.23571228981018066
0.2383730411529541
0.23372268676757812
0.2374424934387207
0.22596955299377441
0.24588918685913086
0.2323319911956787
0.2280890941619873
0.2246711254119873
0.24797987937927246
0.2579667568206787
0.23302841186523438
0.24547958374023438
0.23374438285827637
0.2390577793121338
0.23662447929382324
0.23546051979064941
0.22620129585266113
0.24070477485656738
0.23679375648498535
0.23926925659179688
0.2342824935913086
0.24258852005004883
0.23485016822814941
0.2390449047088623
0.2364332675933838
0.25566864013671875
0.23599576950073242
0.21874213218688965
0.23688387870788574
0.2346668243408203
0.24246931076049805
0.23516249656677246
0.2504851818084717
0.23476934432983398
0.23577260971069336
0.23526334762573242
0.23819518089294434
0.23772835731506348
0.23615598678588867
0.23953723907470703
0.2352447509765625
0.23407816886901855
0.24841022491455078
0.24208331108093262
0.2370898723602295
0.23505830764770508
