0.2563333511352539
0.27000927925109863
0.2424459457397461
0.24012327194213867
0.24240589141845703
0.24671578407287598
0.2767038345336914
0.24121594429016113
0.2416083812713623
0.2608320713043213
0.2454087734222412
0.25975775718688965
0.23836565017700195
0.2461402416229248
0.36498355865478516
0.2445693016052246
0.24328351020812988
0.2440028190612793
0.2411031723022461
0.23949337005615234
0.237839937210083
0.24570298194885254
0.26278257369995117
0.251147985458374
0.2558736801147461
0.2759673595428467
0.2613258361816406
0.24564099311828613
0.2406313419342041
0.2623629570007324
0.28035759925842285
0.2680380344390869
0.27362966537475586
0.24563384056091309
0.24100351333618164
0.23999357223510742
0.2537987232208252
0.2527744770050049
0.23741841316223145
0.2389054298400879
0.2409658432006836
0.2420027256011963
0.2584419250488281
0.24701452255249023
0.24313735961914062
0.254131555557251
0.22733211517333984
0.24450945854187012
0.2315058708190918
0.24529290199279785
0.23878931999206543
0.23603391647338867
0.2419602870941162
0.23823833465576172
0.24483847618103027
0.24683117866516113
0.24233031272888184
0.2411797046661377
0.255631685256958
0.23977875709533691
0.25181031227111816
0.24202680587768555
0.23976421356201172
0.28251075744628906
0.26798439025878906
0.24643802642822266
0.2462310791015625
0.24703145027160645
0.24210667610168457
0.2404639720916748
0.38331174850463867
0.26526737213134766
0.2202439308166504
0.24058938026428223
0.24428296089172363
0.2763702869415283
0.23600125312805176
0.25373363494873047
0.2645230293273926
0.25052618980407715
0.24013733863830566
0.23901104927062988
0.23920726776123047
0.27171897888183594
0.30391931533813477
0.2737081050872803
0.2561836242675781
0.24286770820617676
0.23791909217834473
0.24771451950073242
0.24769353866577148
0.2713601589202881
0.23583650588989258
0.23576593399047852
0.2454531192779541
0.5241162776947021
0.24449419975280762
0.24538111686706543
0.2417302131652832
0.26241564750671387
0.24097156524658203
0.2384047508239746
0.24408388137817383
0.2569868564605713
0.2382192611694336
0.24385881423950195
0.2571449279785156
0.2599341869354248
0.24379539489746094
0.24993205070495605
0.23682141304016113
0.2364063262939453
0.23752498626708984
0.24297070503234863
0.2415151596069336
0.24111056327819824
0.2372429370880127
0.2543518543243408
0.2368488311767578
0.275479793548584
0.28846144676208496
0.23874545097351074
0.4017915725708008
0.30078601837158203
0.24637866020202637
0.2363111972808838
0.24516654014587402
0.24063348770141602
0.2662978172302246
0.2398993968963623
0.24863314628601074
0.24012494087219238
0.2465684413909912
0.2515900135040283
0.24194622039794922
0.24936842918395996
0.24194741249084473
0.2456066608428955
0.24774169921875
0.2514164447784424
0.23427963256835938
0.24126935005187988
0.23655104637145996
0.24366450309753418
0.24627137184143066
0.28327441215515137
0.24558186531066895
0.24518251419067383
0.24268174171447754
0.23726367950439453
0.24268746376037598
0.25568675994873047
0.23742127418518066
0.2916395664215088
0.23529958724975586
0.24134230613708496
0.24344491958618164
0.2521514892578125
0.23813295364379883
0.2967543601989746
0.3366975784301758
0.26444506645202637
0.23758602142333984
0.24115991592407227
0.2377767562866211
0.2420032024383545
0.31953978538513184
0.2623000144958496
0.2805967330932617
0.2651224136352539
0.2436072826385498
0.24269890785217285
0.2845489978790283
0.26499295234680176
0.24016642570495605
0.23732233047485352
0.24589109420776367
0.2693021297454834
0.2723422050476074
0.24383282661437988
0.2684304714202881
0.27947545051574707
0.24357891082763672
0.24665045738220215
0.2985038757324219
0.27168750762939453
0.24134063720703125
0.2700021266937256
0.24089717864990234
0.26993751525878906
0.2568795680999756
0.24126911163330078
0.2616763114929199
0.2734568119049072
0.23923039436340332
0.36948227882385254
0.2400977611541748
0.23070788383483887
0.2647404670715332
0.25225257873535156
0.2702445983886719
0.2522604465484619
0.26902222633361816
0.23487401008605957
0.24245595932006836
0.24635934829711914
0.24519801139831543
0.25338244438171387
0.23955297470092773
0.2348794937133789
0.23959565162658691
0.24936628341674805
0.31965160369873047
0.23793530464172363
0.2427372932434082
0.2557964324951172
0.2611818313598633
0.23741960525512695
0.24114012718200684
0.2357499599456787
0.2967705726623535
0.24149823188781738
0.2387697696685791
0.24806785583496094
0.2551896572113037
0.23066973686218262
0.25624656677246094
0.24034738540649414
0.25743937492370605
0.23997998237609863
0.2364959716796875
0.24128103256225586
0.23749732971191406
0.2365403175354004
0.2615480422973633
0.2487046718597412
0.2807316780090332
0.2411212921142578
0.2552762031555176
0.24721169471740723
0.23089194297790527
0.2521958351135254
0.2982187271118164
0.24954676628112793
0.2997860908508301
0.2410435676574707
0.2423877716064453
0.2313365936279297
0.22870659828186035
0.25213027000427246
0.2473142147064209
0.30713605880737305
0.25666308403015137
0.2506258487701416
0.2540571689605713
0.24472880363464355
0.24346041679382324
0.2515449523925781
0.24202680587768555
0.3824141025543213
0.24255847930908203
0.24588799476623535
0.23805475234985352
0.2729146480560303
0.2598991394042969
0.23901033401489258
0.24399471282958984
0.2396831512451172
0.2648487091064453
0.2424020767211914
0.24813532829284668
0.2604219913482666
0.2563467025756836
0.23559856414794922
0.36001038551330566
0.2474842071533203
0.2709522247314453
0.2492663860321045
0.2658243179321289
0.2808537483215332
0.24165034294128418
0.2399601936340332
0.2691764831542969
0.24274039268493652
0.24529552459716797
0.24249792098999023
0.228607177734375
0.24419784545898438
0.24190521240234375
0.2392728328704834
0.23697209358215332
0.2475447654724121
0.2605628967285156
0.2622382640838623
0.2514219284057617
0.24192333221435547
0.25112009048461914
0.24000096321105957
0.2433319091796875
0.2851297855377197
0.23633837699890137
0.2536807060241699
0.23553991317749023
0.2667710781097412
0.2631072998046875
0.2431163787841797
0.28076815605163574
0.25664830207824707
0.23562979698181152
0.2427983283996582
0.2425093650817871
0.2447218894958496
0.22620320320129395
0.2894730567932129
0.23525428771972656
0.2579174041748047
0.2470247745513916
0.24272871017456055
0.24845218658447266
0.24402642250061035
0.25310778617858887
0.24500608444213867
0.248121976852417
0.2403273582458496
0.24026083946228027
0.24193501472473145
0.24088335037231445
0.24651813507080078
0.23826956748962402
0.24297881126403809
0.23981499671936035
0.24811935424804688
0.2611720561981201
0.2639951705932617
0.2710404396057129
0.24015092849731445
0.2413187026977539
0.23853230476379395
0.24256491661071777
0.2427198886871338
0.25554418563842773
0.23855996131896973
0.24201703071594238
0.2515544891357422
0.2752985954284668
0.2368474006652832
0.26355433464050293
0.22791600227355957
0.23736357688903809
0.2540469169616699
0.2360975742340088
0.24012112617492676
0.24384212493896484
0.2658360004425049
0.2557790279388428
0.24399733543395996
0.2372722625732422
0.23832011222839355
0.23723435401916504
0.23587632179260254
0.23709845542907715
0.23913955688476562
0.2374567985534668
0.2521393299102783
0.25438427925109863
0.23882484436035156
0.24369192123413086
0.23731613159179688
0.2789645195007324
0.23912382125854492
0.2430422306060791
0.25368165969848633
0.2395334243774414
0.2541940212249756
0.24578142166137695
0.2866511344909668
0.25174450874328613
0.23830962181091309
0.25339269638061523
0.2686324119567871
0.25429654121398926
0.2476496696472168
0.253511905670166
0.24099493026733398
0.25374412536621094
0.2666177749633789
0.24179315567016602
0.24097228050231934
0.2959299087524414
0.2346036434173584
0.24867868423461914
0.2930779457092285
0.2801015377044678
0.24912238121032715
0.24003148078918457
0.23894715309143066
0.23774361610412598
0.24414896965026855
0.2456376552581787
0.2620835304260254
0.23273777961730957
0.3108389377593994
0.2518458366394043
0.23580002784729004
0.24608683586120605
0.2552011013031006
0.24997782707214355
0.24997568130493164
0.23679280281066895
0.2526683807373047
0.2649235725402832
0.2373046875
0.23708581924438477
0.24772906303405762
0.2579770088195801
0.25023531913757324
0.263336181640625
0.23899459838867188
0.2477402687072754
0.23597478866577148
0.2383589744567871
0.2611103057861328
0.22542905807495117
0.24893927574157715
0.24871420860290527
0.23719000816345215
0.2398984432220459
0.2421402931213379
0.42035889625549316
0.2682375907897949
0.2488994598388672
0.26002001762390137
0.24676966667175293
0.2427995204925537
0.24374747276306152
0.26030898094177246
0.2386021614074707
0.23903298377990723
0.25005054473876953
0.2537648677825928
0.23413395881652832
0.24265456199645996
0.23379921913146973
0.2590928077697754
0.2438206672668457
0.24220943450927734
0.26175403594970703
0.23117589950561523
0.23099970817565918
0.2599461078643799
0.23563361167907715
0.2404468059539795
0.23648405075073242
0.23515105247497559
0.24105167388916016
0.26642942428588867
0.2442312240600586
0.23875641822814941
0.2621908187866211
0.23197698593139648
0.24395132064819336
0.2380516529083252
0.25295591354370117
0.2854771614074707
0.238661527633667
0.2489151954650879
0.24543190002441406
0.24884343147277832
0.2415919303894043
0.24166226387023926
0.25020766258239746
0.2979450225830078
0.29294276237487793
0.279468297958374
0.24146676063537598
0.25063276290893555
0.24072670936584473
0.2558939456939697
0.24893879890441895
0.23899388313293457
0.25913119316101074
0.24015426635742188
0.2584528923034668
0.23632287979125977
0.25780272483825684
0.2473607063293457
0.2636258602142334
0.24299049377441406
0.23474812507629395
0.2713663578033447
0.24301910400390625
0.24298858642578125
0.27132463455200195
0.25457024574279785
0.24130535125732422
0.2571854591369629
0.24798822402954102
0.25917649269104004
0.2555382251739502
0.24179339408874512
0.24861526489257812
0.2413463592529297
0.2556126117706299
0.24065446853637695
0.2423386573791504
0.24397897720336914
0.24207735061645508
0.24099302291870117
0.24205350875854492
0.24457263946533203
0.28857946395874023
0.2947814464569092
0.23796415328979492
0.25306057929992676
0.26650023460388184
0.2804992198944092
0.2523763179779053
0.24362659454345703
0.24468278884887695
0.2516160011291504
0.2379770278930664
0.24200177192687988
0.24158239364624023
0.23505926132202148
0.23644733428955078
0.2537064552307129
0.26643919944763184
0.2916557788848877
0.23975276947021484
0.2554056644439697
0.24242472648620605
0.2355666160583496
0.23819494247436523
0.23990249633789062
0.24188685417175293
0.24134159088134766
0.26665616035461426
0.25254368782043457
0.26889705657958984
0.24556493759155273
0.24709844589233398
0.22953534126281738
0.24270033836364746
0.2481691837310791
0.24509477615356445
0.25025320053100586
0.2636730670928955
0.24912238121032715
0.23553848266601562
0.25478124618530273
0.29083728790283203
0.2484734058380127
0.23996663093566895
0.23703765869140625
0.23418307304382324
0.2896127700805664
0.23696470260620117
0.23839402198791504
0.2356584072113037
0.22855663299560547
0.28543758392333984
0.25312352180480957
0.26444101333618164
0.2604560852050781
0.24354934692382812
0.2655770778656006
0.25264406204223633
0.23773598670959473
0.24339723587036133
0.251903772354126
0.23984622955322266
0.24050211906433105
0.29991698265075684
0.34510040283203125
0.27256155014038086
0.3407611846923828
0.33949875831604004
0.45958375930786133
0.2480311393737793
0.24297475814819336
0.39600229263305664
0.26393675804138184
0.3057260513305664
0.36362457275390625
0.30687689781188965
0.3333399295806885
0.30159807205200195
0.3842506408691406
0.2887284755706787
0.33847498893737793
0.45272064208984375
0.42586278915405273
0.4333786964416504
0.3443000316619873
0.30682826042175293
0.3713393211364746
0.2974731922149658
0.3607923984527588
0.30046701431274414
0.39102911949157715
