0.2476029396057129
0.23856878280639648
0.23680639266967773
0.24521398544311523
0.25613856315612793
0.24960684776306152
0.24717092514038086
0.23857450485229492
0.24536514282226562
0.23988938331604004
0.2413332462310791
0.23842453956604004
0.2782933712005615
0.22570109367370605
0.2689955234527588
0.24826598167419434
0.2420334815979004
0.25499606132507324
0.24730753898620605
0.24182987213134766
0.23366928100585938
0.24085712432861328
0.23364925384521484
0.2443845272064209
0.2540614604949951
0.280210018157959
0.2360372543334961
0.2518932819366455
0.2201862335205078
0.2431941032409668
0.24132299423217773
0.2383105754852295
0.2493877410888672
0.23712778091430664
0.26288485527038574
0.24424147605895996
0.24961137771606445
0.24377918243408203
0.24094676971435547
0.25995731353759766
0.24011516571044922
0.25321173667907715
0.23361611366271973
0.23861455917358398
0.24345946311950684
0.24238848686218262
0.23291802406311035
0.24902582168579102
0.2399427890777588
0.24461984634399414
0.2496330738067627
0.2409353256225586
0.2442646026611328
0.25486302375793457
0.24988675117492676
0.2597947120666504
0.24614858627319336
0.2337801456451416
0.27077770233154297
0.22293376922607422
0.24509835243225098
0.25537562370300293
0.25428128242492676
0.24582672119140625
0.2525491714477539
0.24754595756530762
0.2675337791442871
0.2660677433013916
0.237579345703125
0.23858237266540527
0.2391643524169922
0.2346172332763672
0.2429487705230713
0.24700617790222168
0.2757248878479004
0.2536888122558594
0.2606077194213867
0.24104857444763184
0.23927569389343262
0.25604963302612305
0.250244140625
0.23912858963012695
0.2581660747528076
0.24438834190368652
0.24370455741882324
0.25281810760498047
0.2540707588195801
0.22867918014526367
0.2452404499053955
0.24824976921081543
0.24004864692687988
0.23102116584777832
0.24090981483459473
0.23647379875183105
0.2580142021179199
0.2312614917755127
0.254047155380249
0.2412703037261963
0.25522756576538086
0.24002385139465332
0.24364376068115234
0.23992347717285156
0.24106383323669434
0.23789358139038086
0.25116848945617676
0.23780584335327148
0.24030113220214844
0.24161458015441895
0.2441115379333496
0.23716998100280762
0.2368476390838623
0.2431776523590088
0.2511441707611084
0.26874709129333496
0.2747313976287842
0.24318552017211914
0.2370164394378662
0.23732233047485352
0.25872039794921875
0.23705148696899414
0.23953890800476074
0.24419140815734863
0.24950861930847168
0.24708127975463867
0.24931836128234863
0.242750883102417
0.3789641857147217
0.2539632320404053
0.26503610610961914
0.23005914688110352
0.24864912033081055
0.29991722106933594
0.25789618492126465
0.25005412101745605
0.25366902351379395
0.26564669609069824
0.22798418998718262
0.22452354431152344
0.23876953125
0.24161839485168457
0.23914003372192383
0.23762011528015137
0.23407363891601562
0.2569594383239746
0.23932886123657227
0.26197028160095215
0.23819589614868164
0.2498457431793213
0.2417893409729004
0.23906731605529785
0.27109575271606445
0.286823034286499
0.24721240997314453
0.23985648155212402
0.23801755905151367
0.25939059257507324
0.2448577880859375
0.24000144004821777
0.23900866508483887
0.2590022087097168
0.23235583305358887
0.22832632064819336
0.2348015308380127
0.2534773349761963
0.2572202682495117
0.2583327293395996
0.2704758644104004
0.2451469898223877
0.24615931510925293
0.251190185546875
0.2431650161743164
0.23729896545410156
0.3990030288696289
0.24910902976989746
0.25667500495910645
0.277803897857666
0.25981593132019043
0.24080204963684082
0.23818421363830566
0.24343109130859375
0.3044419288635254
0.23243117332458496
0.23731517791748047
0.331986665725708
0.318162202835083
0.2909870147705078
0.24904489517211914
0.24825143814086914
0.2393951416015625
0.24291753768920898
0.2426896095275879
0.24049592018127441
0.22746896743774414
0.2418375015258789
0.23648333549499512
0.2634773254394531
0.23262810707092285
0.23822522163391113
0.23902201652526855
0.23960280418395996
0.259629487991333
0.23695731163024902
0.24426507949829102
0.2410264015197754
0.2392268180847168
0.2641420364379883
0.2666909694671631
0.2501194477081299
0.26813650131225586
0.2730288505554199
0.2683124542236328
0.2540714740753174
0.2518143653869629
0.244551420211792
0.24450993537902832
0.2646303176879883
0.2786238193511963
0.28263425827026367
0.24233651161193848
0.2784092426300049
0.2532384395599365
0.24159669876098633
0.23248887062072754
0.2720339298248291
0.2319927215576172
0.23911547660827637
0.26192307472229004
0.22791218757629395
0.2433338165283203
0.23585224151611328
0.3079569339752197
0.257678747177124
0.2429955005645752
0.2378535270690918
0.24671578407287598
0.23575186729431152
0.2623920440673828
0.28533077239990234
0.2699618339538574
0.23995447158813477
0.23829412460327148
0.23143553733825684
0.2657327651977539
0.2647125720977783
0.23665595054626465
0.23978209495544434
0.24720978736877441
0.23778748512268066
0.2532680034637451
0.2492532730102539
0.2352604866027832
0.26079463958740234
0.23502779006958008
0.28788304328918457
0.2479705810546875
0.24900174140930176
0.23151230812072754
0.2559244632720947
0.24443650245666504
0.24223709106445312
0.24628353118896484
0.2573387622833252
0.2257061004638672
0.26653289794921875
0.2625424861907959
0.25054240226745605
0.24959039688110352
0.27423739433288574
0.24232196807861328
0.24373149871826172
0.22829341888427734
0.2292940616607666
0.26621246337890625
0.25467419624328613
0.2396390438079834
0.3069901466369629
0.2426903247833252
0.24767255783081055
0.2381272315979004
0.2600581645965576
0.23910045623779297
0.2353501319885254
0.23476839065551758
0.24952006340026855
0.2423534393310547
0.24263668060302734
0.2481377124786377
0.2379894256591797
0.23513078689575195
0.30201172828674316
0.2511630058288574
0.2355799674987793
0.24207377433776855
0.2399582862854004
0.26778125762939453
0.24298644065856934
0.24319171905517578
0.2604990005493164
0.2582571506500244
0.26090240478515625
0.2611672878265381
0.2365717887878418
0.24242925643920898
0.2609822750091553
0.26612114906311035
0.2449626922607422
0.24996304512023926
0.2751352787017822
0.23615169525146484
0.262251615524292
0.25392746925354004
0.2689080238342285
0.24969768524169922
0.29960012435913086
0.2896082401275635
0.24700570106506348
0.2409989833831787
0.2391679286956787
0.23065495491027832
0.24058938026428223
0.24449849128723145
0.25449657440185547
0.25643277168273926
0.22779273986816406
0.24410009384155273
0.24258804321289062
0.25827646255493164
0.23116064071655273
0.23796558380126953
0.24700546264648438
0.231978178024292
0.2580854892730713
0.26276350021362305
0.2590641975402832
0.39709043502807617
0.25696229934692383
0.2451481819152832
0.23353219032287598
0.24053049087524414
0.2337496280670166
0.23511219024658203
0.23929429054260254
0.2359480857849121
0.2391185760498047
0.24515390396118164
0.253964900970459
0.22559857368469238
0.24975252151489258
0.2321305274963379
0.24602913856506348
0.2819488048553467
0.25779151916503906
0.24820828437805176
0.2481849193572998
0.2425541877746582
0.2706153392791748
0.2362360954284668
0.23163795471191406
0.25554847717285156
0.2558097839355469
0.28999876976013184
0.2634396553039551
0.24660754203796387
0.24636363983154297
0.23432326316833496
0.23189187049865723
0.23609352111816406
0.28711414337158203
0.23837018013000488
0.27468395233154297
0.22323346138000488
0.23322820663452148
0.2609598636627197
0.24385952949523926
0.2711336612701416
0.2571690082550049
0.24729132652282715
0.24712681770324707
0.2428452968597412
0.22459125518798828
0.23290228843688965
0.2582268714904785
0.26392030715942383
0.23775482177734375
0.24658989906311035
0.2535524368286133
0.240128755569458
0.2682814598083496
0.23834681510925293
0.23901891708374023
0.26597118377685547
0.2320563793182373
0.23445439338684082
0.2438335418701172
0.2635927200317383
0.2479701042175293
0.24244117736816406
0.24328947067260742
0.25458860397338867
0.3161044120788574
0.2445080280303955
0.23179316520690918
0.26098203659057617
0.24799489974975586
0.22499656677246094
0.24229979515075684
0.24889039993286133
0.2572669982910156
0.30888962745666504
0.26773762702941895
0.26787853240966797
0.28937244415283203
0.324918270111084
0.2709369659423828
0.25362563133239746
0.27667689323425293
0.23876547813415527
0.26119518280029297
0.2353670597076416
0.23558545112609863
0.23346853256225586
0.2801070213317871
0.27110815048217773
0.2668311595916748
0.24076390266418457
0.2402937412261963
0.25572657585144043
0.2502896785736084
0.2808694839477539
0.26183533668518066
0.2456362247467041
0.2986588478088379
0.26367640495300293
0.2521059513092041
0.24672985076904297
0.24769020080566406
0.2640500068664551
0.29456329345703125
0.27486419677734375
0.2510986328125
0.262683629989624
0.3296682834625244
0.24904394149780273
0.25809550285339355
0.23407649993896484
0.23732304573059082
0.24027800559997559
0.24170541763305664
0.24970054626464844
0.25276994705200195
0.27371668815612793
0.2340986728668213
0.2501034736633301
0.2442340850830078
0.23683714866638184
0.2690010070800781
0.25801920890808105
0.27700328826904297
0.2530035972595215
0.2409672737121582
0.2514982223510742
0.2515132427215576
0.2906975746154785
0.2577831745147705
0.24180221557617188
0.2408456802368164
0.26723361015319824
0.23903989791870117
0.24209141731262207
0.24065256118774414
0.2503697872161865
0.23642492294311523
0.24569487571716309
0.2798006534576416
0.26421618461608887
0.2940506935119629
0.30589795112609863
0.2709212303161621
0.24179553985595703
0.24295830726623535
0.24803924560546875
0.2560133934020996
0.24227643013000488
0.23691606521606445
0.26361727714538574
0.2584671974182129
0.5286333560943604
0.2793881893157959
0.2554135322570801
0.26912665367126465
0.2941298484802246
0.2563474178314209
0.23506736755371094
0.24704360961914062
0.2482283115386963
0.2592008113861084
0.2592172622680664
0.2228691577911377
0.2381589412689209
0.23539972305297852
0.22592973709106445
0.22897052764892578
0.26021242141723633
0.23483681678771973
0.27620363235473633
0.23563170433044434
0.22736310958862305
0.2690000534057617
0.24121952056884766
0.23461461067199707
0.24631381034851074
0.25124454498291016
0.23860597610473633
0.2560276985168457
0.28669214248657227
0.2393496036529541
0.23226046562194824
0.23897242546081543
0.291348934173584
0.24500799179077148
0.2708292007446289
0.27719736099243164
0.2666609287261963
0.24475955963134766
0.240020751953125
0.2389979362487793
0.24381542205810547
0.23419857025146484
0.2473001480102539
0.2339003086090088
0.22823548316955566
0.24701642990112305
0.26514530181884766
0.23986148834228516
0.23847365379333496
0.25580811500549316
0.24434804916381836
0.24697422981262207
0.40334558486938477
0.26163148880004883
0.239898681640625
1.2763597965240479
0.2573058605194092
0.23600268363952637
0.24601030349731445
0.25400447845458984
0.39519762992858887
0.2412564754486084
0.25774526596069336
0.2402961254119873
0.26403331756591797
0.265002965927124
0.26593732833862305
0.2529270648956299
0.2656867504119873
0.2287304401397705
0.24074983596801758
0.22686266899108887
0.22999238967895508
0.27459168434143066
0.27158212661743164
0.2621119022369385
0.4818849563598633
0.4479339122772217
0.34801387786865234
0.27673935890197754
0.24179887771606445
0.24132227897644043
0.27564263343811035
0.27799105644226074
0.3825557231903076
0.23093819618225098
0.2480144500732422
0.23598623275756836
0.25191760063171387
0.24536895751953125
0.23522520065307617
0.25931692123413086
0.2742276191711426
0.26033663749694824
0.26449108123779297
0.2438516616821289
0.24732422828674316
0.23942136764526367
0.243941068649292
0.27992725372314453
0.2529010772705078
0.2540128231048584
0.2590305805206299
0.2527751922607422
0.2834908962249756
0.24543070793151855
0.2402334213256836
0.2480027675628662
0.23821425437927246
0.24913787841796875
0.2513713836669922
0.29835963249206543
0.26636600494384766
0.24946379661560059
0.2453625202178955
0.25638484954833984
0.25306248664855957
0.24151372909545898
0.2465214729309082
0.2503693103790283
0.2477424144744873
0.2291402816772461
0.2337355613708496
0.24921178817749023
0.23898959159851074
0.25297045707702637
0.2401573657989502
0.26213598251342773
0.2518031597137451
0.346555233001709
0.24808907508850098
0.2413177490234375
0.25402212142944336
0.23428058624267578
0.2532386779785156
0.2441120147705078
0.2540147304534912
0.2659468650817871
0.27097582817077637
0.2475121021270752
0.23251986503601074
0.2519853115081787
0.23452425003051758
0.2449350357055664
0.24103355407714844
0.24038076400756836
0.2437140941619873
0.23090505599975586
0.24621987342834473
0.2386488914489746
0.23335051536560059
0.25089406967163086
0.24499917030334473
0.23845744132995605
0.23635530471801758
0.3759725093841553
0.27195119857788086
0.3070492744445801
0.24319219589233398
0.2540881633758545
0.2549421787261963
0.25127315521240234
0.25837039947509766
0.2535088062286377
0.29248738288879395
0.23967528343200684
0.2522611618041992
0.24334216117858887
0.23031330108642578
0.24502134323120117
0.2564864158630371
0.24278473854064941
0.2526845932006836
0.2592959403991699
0.26507091522216797
0.2810378074645996
0.26282739639282227
0.26013946533203125
0.28974056243896484
0.25477170944213867
0.25032854080200195
0.24724364280700684
0.24530553817749023
0.24659299850463867
0.24575424194335938
0.2721230983734131
0.246964693069458
0.2695910930633545
0.24953174591064453
0.3118782043457031
0.24757647514343262
0.2686789035797119
0.24969124794006348
0.24161839485168457
0.24283432960510254
0.23401546478271484
0.26792192459106445
0.2541940212249756
0.24514269828796387
0.24908852577209473
0.2583808898925781
0.23935317993164062
0.25551366806030273
0.2779712677001953
0.33852314949035645
0.24572014808654785
0.24383330345153809
0.2725827693939209
0.28769612312316895
0.3147130012512207
0.29829978942871094
0.27857089042663574
0.27196478843688965
0.25502634048461914
0.26546430587768555
0.23288321495056152
0.24724316596984863
0.24154353141784668
0.23871421813964844
0.23896527290344238
0.2453010082244873
0.2573049068450928
0.2429206371307373
0.24300193786621094
0.2388920783996582
0.2372739315032959
0.23702597618103027
0.23797869682312012
0.24149680137634277
0.26828813552856445
0.24038076400756836
0.2499222755432129
0.25414395332336426
0.2436692714691162
0.24991965293884277
0.24085712432861328
0.24097371101379395
0.24489617347717285
0.23831439018249512
0.2260425090789795
0.23093724250793457
0.2499256134033203
0.23951315879821777
0.2370750904083252
0.23529458045959473
0.2310497760772705
0.2469186782836914
0.2342538833618164
0.25284552574157715
0.23795127868652344
0.27956438064575195
0.22767376899719238
0.24721193313598633
0.24353313446044922
0.2523007392883301
0.30623960494995117
0.25072455406188965
0.2418510913848877
0.2692415714263916
0.2722454071044922
0.33021020889282227
0.24373269081115723
0.266895055770874
0.24439001083374023
0.24172520637512207
0.23955607414245605
0.2911980152130127
0.2386467456817627
0.24091839790344238
0.2449045181274414
0.23289918899536133
0.23037481307983398
0.293306827545166
0.2386479377746582
0.2464735507965088
0.25196409225463867
0.23636794090270996
0.25037646293640137
0.2450084686279297
0.2850077152252197
0.2391963005065918
0.2395029067993164
0.2380962371826172
0.23617172241210938
0.23981451988220215
0.23796367645263672
0.3539586067199707
0.2458796501159668
0.23898077011108398
0.24394750595092773
0.2408900260925293
0.23812556266784668
0.23202967643737793
0.24941563606262207
0.23524856567382812
0.22855830192565918
0.2718925476074219
0.25115060806274414
0.24513816833496094
0.272097110748291
0.245985746383667
0.24101614952087402
0.23400521278381348
0.25259876251220703
0.24169135093688965
0.25071191787719727
0.27069687843322754
0.27170634269714355
0.24884366989135742
0.2471027374267578
0.25009608268737793
0.24148058891296387
0.24982500076293945
0.24354815483093262
0.2534029483795166
0.23166680335998535
0.24263215065002441
0.24574685096740723
0.2663612365722656
0.25551629066467285
0.2468738555908203
0.2410128116607666
0.2382810115814209
0.2589540481567383
0.23700594902038574
0.2470090389251709
0.2986414432525635
0.2441704273223877
0.23993587493896484
0.24069905281066895
0.2552523612976074
0.23882460594177246
0.25678348541259766
0.25647711753845215
0.24484801292419434
0.2642800807952881
0.23921871185302734
0.25156164169311523
0.24869370460510254
0.23694944381713867
0.28873300552368164
0.2531132698059082
0.2665598392486572
0.24183034896850586
0.24074316024780273
0.24678850173950195
0.2357161045074463
0.3125886917114258
0.27957582473754883
0.2505156993865967
0.25313901901245117
0.2911186218261719
0.2812981605529785
0.2703664302825928
0.28215694427490234
0.24939990043640137
0.2436215877532959
0.23694157600402832
0.25795960426330566
0.27365756034851074
0.25000500679016113
0.22344279289245605
0.2332630157470703
0.24596858024597168
0.25821399688720703
0.2536811828613281
0.2402188777923584
0.2365715503692627
0.2452380657196045
0.245133638381958
0.2562243938446045
0.24954819679260254
0.2586328983306885
0.23726963996887207
0.23612594604492188
0.321033239364624
0.24349522590637207
0.21795892715454102
0.25127196311950684
0.2672255039215088
0.2312476634979248
0.2622795104980469
0.264009952545166
0.2230076789855957
0.2533407211303711
0.2653772830963135
0.2407693862915039
0.23981070518493652
0.2642538547515869
0.2501819133758545
0.3091926574707031
0.258563756942749
0.22633671760559082
0.26654863357543945
0.26590609550476074
0.41466546058654785
0.2268967628479004
0.24788141250610352
0.23798274993896484
0.23789191246032715
0.2618277072906494
0.23554205894470215
0.2401895523071289
0.2687664031982422
0.25049304962158203
0.2397613525390625
0.25150299072265625
0.2505178451538086
0.23912596702575684
0.26511669158935547
0.2758171558380127
0.2473890781402588
0.2881498336791992
0.24315261840820312
0.2710764408111572
0.30536460876464844
0.26039600372314453
0.28504371643066406
0.255878210067749
0.2669339179992676
0.27596426010131836
0.30196380615234375
0.25269627571105957
0.24764037132263184
0.26929807662963867
0.23580050468444824
0.23660492897033691
0.24651741981506348
0.23657679557800293
0.2366650104522705
0.2459263801574707
0.24320459365844727
0.28307127952575684
0.27002930641174316
0.28603148460388184
0.26449131965637207
0.2352590560913086
0.2507627010345459
0.23476362228393555
0.23202157020568848
0.26002979278564453
0.2540712356567383
0.24518418312072754
0.2244722843170166
0.24991393089294434
0.2768104076385498
0.23856401443481445
0.2467052936553955
0.2779383659362793
0.2200465202331543
0.30464744567871094
0.3223381042480469
0.28034496307373047
0.2833578586578369
0.2926323413848877
0.2659614086151123
0.23798203468322754
0.2811734676361084
0.26621389389038086
0.23856067657470703
0.2915334701538086
0.23163127899169922
0.2646372318267822
0.22736024856567383
0.26689815521240234
0.24402713775634766
0.2878293991088867
0.26995420455932617
0.24535083770751953
0.24784541130065918
0.2565023899078369
0.24480319023132324
0.2635374069213867
0.2735161781311035
0.2903010845184326
0.23876357078552246
0.24050688743591309
0.2365713119506836
0.23018908500671387
0.2292008399963379
0.2432558536529541
0.27533864974975586
0.24216437339782715
0.27262043952941895
0.24154376983642578
0.23052525520324707
0.23248291015625
0.24368548393249512
0.2451314926147461
0.2652254104614258
0.25550007820129395
0.2624976634979248
0.23871874809265137
0.24354028701782227
0.2507660388946533
0.26957130432128906
0.22119545936584473
0.2321624755859375
0.24244141578674316
0.24511170387268066
0.2621278762817383
0.24717402458190918
0.2566182613372803
0.29897475242614746
0.26041722297668457
0.24811720848083496
0.2941930294036865
0.22279596328735352
0.24948883056640625
0.23697900772094727
0.22488164901733398
0.23007988929748535
0.24225974082946777
0.23625612258911133
0.2994391918182373
0.2367992401123047
0.3009161949157715
0.2259986400604248
0.23199868202209473
0.23714828491210938
0.2347710132598877
0.24904823303222656
0.24761557579040527
0.2528672218322754
0.2453629970550537
0.24242854118347168
0.24664306640625
0.24103903770446777
0.2508101463317871
0.2596311569213867
0.25731801986694336
0.24334049224853516
0.24072575569152832
0.2524995803833008
0.2489943504333496
0.24117302894592285
0.2805206775665283
0.257993221282959
0.2814669609069824
0.29251885414123535
0.24850010871887207
0.26493310928344727
0.27880001068115234
0.2768280506134033
0.27719783782958984
0.24112296104431152
0.25636887550354004
0.2422349452972412
0.25868725776672363
0.2333240509033203
0.23760628700256348
0.2455582618713379
0.23963570594787598
0.2370154857635498
0.25469470024108887
0.24391794204711914
0.2448732852935791
0.255033016204834
0.2619330883026123
0.3491518497467041
0.2759988307952881
0.24217891693115234
0.24140572547912598
0.2442185878753662
0.25921177864074707
0.24160265922546387
0.24933338165283203
0.2649664878845215
0.24131131172180176
0.2853281497955322
0.2413945198059082
0.2443561553955078
0.23742437362670898
0.25510716438293457
0.24253273010253906
0.2645385265350342
0.2626800537109375
0.24519586563110352
0.24151873588562012
0.23842453956604004
0.2554965019226074
0.24059629440307617
0.23677635192871094
0.24122023582458496
0.25891852378845215
0.2628633975982666
0.2790718078613281
0.35046815872192383
0.22565841674804688
0.22856545448303223
0.24207377433776855
0.2514827251434326
0.2268815040588379
0.24713850021362305
0.265949010848999
0.2612943649291992
0.260526180267334
0.2804076671600342
0.25063657760620117
0.2866671085357666
0.2451179027557373
0.24726533889770508
0.24410200119018555
0.22120141983032227
0.248246431350708
0.24242782592773438
0.24769210815429688
0.23168563842773438
0.23056674003601074
0.23424172401428223
0.27355194091796875
0.24757862091064453
0.2418222427368164
0.22699499130249023
0.24403834342956543
0.24825239181518555
0.27519941329956055
0.29230809211730957
0.25930261611938477
0.2260727882385254
0.28853702545166016
0.30150270462036133
0.24106693267822266
0.2441236972808838
0.23514914512634277
0.23880743980407715
0.23073363304138184
0.23480224609375
0.25634336471557617
0.2555060386657715
0.3338663578033447
0.23054766654968262
0.24902033805847168
0.2494039535522461
0.23124003410339355
0.26769447326660156
0.27765727043151855
0.24895620346069336
0.2388172149658203
0.3527524471282959
0.2491159439086914
0.2403087615966797
0.24419784545898438
0.2530653476715088
0.25911951065063477
0.26081275939941406
0.333402156829834
0.23094439506530762
0.22057604789733887
0.24435949325561523
0.24965381622314453
0.2471625804901123
0.24064135551452637
0.23637723922729492
0.23737454414367676
0.23436880111694336
0.24182343482971191
0.2637958526611328
0.2460315227508545
0.30714869499206543
0.24912214279174805
0.24980854988098145
0.24712467193603516
0.25888562202453613
0.2873687744140625
0.2483522891998291
0.29186582565307617
0.2383270263671875
0.23134684562683105
0.2294025421142578
0.2357025146484375
0.24568724632263184
0.28119897842407227
0.27297496795654297
0.23801565170288086
0.24896669387817383
0.253004789352417
0.2337789535522461
0.26473522186279297
0.2776064872741699
0.2567274570465088
0.25337982177734375
0.255481481552124
0.27234339714050293
0.3042259216308594
0.2604084014892578
0.29123759269714355
0.2732725143432617
0.28796815872192383
0.268017053604126
0.2490711212158203
0.26305246353149414
0.2553577423095703
0.26441168785095215
0.253936767578125
0.23735499382019043
0.23852849006652832
0.24459314346313477
0.243516206741333
0.2977638244628906
0.24087762832641602
0.24020838737487793
0.24764776229858398
0.25260257720947266
0.2525947093963623
0.2549262046813965
0.2818779945373535
0.28226447105407715
0.3074188232421875
0.23356270790100098
0.2367556095123291
0.28522419929504395
0.22891783714294434
0.22909808158874512
0.24206209182739258
0.23688125610351562
0.2500417232513428
0.24177074432373047
0.2864208221435547
0.2554476261138916
0.2485036849975586
0.2524595260620117
0.23828434944152832
0.2506086826324463
0.26361083984375
0.2476806640625
0.2404778003692627
0.23603200912475586
0.2374892234802246
0.2353830337524414
0.25595951080322266
0.2718009948730469
0.24979591369628906
0.25147175788879395
0.2543833255767822
0.23625826835632324
0.26109957695007324
0.27245116233825684
0.24646496772766113
0.3104524612426758
0.24869489669799805
0.26169276237487793
0.26384568214416504
0.2862379550933838
0.2178049087524414
0.2485945224761963
0.27065038681030273
0.23486948013305664
0.25052428245544434
0.2575569152832031
0.24654650688171387
0.24274253845214844
0.25096702575683594
0.260967493057251
0.2774384021759033
0.2704586982727051
0.2804422378540039
0.24506878852844238
0.2414546012878418
0.23923540115356445
0.24068999290466309
0.26076459884643555
0.23779797554016113
0.24966764450073242
0.2884387969970703
0.25800514221191406
0.24796509742736816
0.2709386348724365
0.26398158073425293
0.2365858554840088
0.24037504196166992
0.24385952949523926
0.2398982048034668
0.25588226318359375
0.24460339546203613
0.2527298927307129
0.24815726280212402
0.2601642608642578
0.27839088439941406
0.24644017219543457
0.2554912567138672
0.2648754119873047
0.22579574584960938
0.23289871215820312
0.21597981452941895
0.24429583549499512
0.2522432804107666
0.2521531581878662
0.2700967788696289
0.32503271102905273
0.27605605125427246
0.23421669006347656
0.24011993408203125
0.23716378211975098
0.2637302875518799
0.23896050453186035
0.2577991485595703
0.24540472030639648
0.276644229888916
0.2739593982696533
0.2372570037841797
0.25566697120666504
0.23676395416259766
0.23704147338867188
0.2431018352508545
0.2498915195465088
0.229902982711792
0.2395477294921875
0.23545432090759277
0.24370193481445312
0.24516081809997559
0.23210501670837402
0.22550320625305176
0.2566244602203369
0.2947423458099365
0.2817506790161133
0.2442035675048828
0.2723879814147949
0.24198627471923828
0.2606184482574463
0.24809741973876953
0.24303102493286133
0.2427046298980713
0.23969101905822754
0.24333667755126953
0.24595046043395996
0.2999446392059326
0.24245882034301758
0.24396657943725586
0.2491753101348877
0.24680423736572266
0.24458932876586914
0.2569746971130371
0.2416086196899414
0.3733978271484375
0.38634157180786133
0.34917330741882324
0.2555558681488037
0.2463064193725586
0.25468873977661133
0.24515318870544434
0.2411205768585205
0.2452864646911621
0.24329113960266113
0.24242067337036133
0.23431158065795898
0.24197983741760254
0.27495741844177246
0.27460289001464844
0.23962736129760742
0.24047398567199707
0.24377918243408203
0.24492454528808594
0.24438881874084473
0.26885199546813965
0.24283075332641602
0.23937177658081055
0.2388138771057129
0.24906396865844727
0.23299074172973633
0.2381882667541504
0.3362143039703369
0.2758309841156006
0.26671671867370605
0.2456367015838623
0.2533140182495117
0.23025989532470703
0.23910951614379883
0.24071073532104492
0.23891210556030273
0.26710033416748047
0.24739313125610352
0.24872207641601562
0.2567942142486572
0.238969087600708
0.27713727951049805
0.2367091178894043
0.2384343147277832
0.5739500522613525
0.23859167098999023
0.24714255332946777
0.269092321395874
0.23781800270080566
0.23514795303344727
0.32174205780029297
0.26677918434143066
0.26342201232910156
0.26654720306396484
0.31402039527893066
0.24419808387756348
0.23414993286132812
0.24346637725830078
0.27111387252807617
0.24608516693115234
0.29768824577331543
0.2771484851837158
0.33235740661621094
0.2345273494720459
0.25715017318725586
0.2413191795349121
0.23988127708435059
0.22595953941345215
0.24306774139404297
0.2286512851715088
0.24767160415649414
0.22941946983337402
0.23973298072814941
0.23772883415222168
0.24678921699523926
0.23977398872375488
0.24582409858703613
0.24678397178649902
0.2601914405822754
0.25638675689697266
0.2561204433441162
0.2509627342224121
0.26765918731689453
0.25099921226501465
0.2560007572174072
0.2580540180206299
0.24939513206481934
0.26500773429870605
0.24699950218200684
0.28273653984069824
0.2445518970489502
0.24673080444335938
0.2544422149658203
0.2658705711364746
0.24248480796813965
0.24900054931640625
0.281994104385376
0.2572140693664551
0.24812531471252441
0.2406618595123291
0.2530665397644043
0.25028300285339355
0.26824235916137695
0.24557113647460938
0.2335038185119629
0.24541950225830078
0.2383735179901123
0.28037118911743164
0.24221205711364746
0.2284090518951416
0.23949909210205078
0.23189043998718262
0.22925996780395508
0.30742740631103516
0.22574973106384277
0.257279634475708
0.23074030876159668
0.24425959587097168
0.24170970916748047
0.24298977851867676
0.23358845710754395
0.22972416877746582
0.24425530433654785
0.22746539115905762
0.2642972469329834
0.2276754379272461
0.2520155906677246
0.2665097713470459
0.2736985683441162
0.23972392082214355
0.22984600067138672
0.24546027183532715
0.2465200424194336
0.23988008499145508
0.29854440689086914
0.26856184005737305
0.24169206619262695
0.2716076374053955
0.2700352668762207
0.28400087356567383
0.2456188201904297
0.24601340293884277
0.2531132698059082
0.23723483085632324
0.2866694927215576
0.2639918327331543
0.32066822052001953
0.22831964492797852
0.259448766708374
0.23353791236877441
0.26696109771728516
0.23655343055725098
0.23656654357910156
0.27536439895629883
0.25334858894348145
0.2464137077331543
0.2393794059753418
0.2366175651550293
0.36183762550354004
0.39192986488342285
0.2868528366088867
0.26111364364624023
0.2268211841583252
0.2632732391357422
0.24939298629760742
0.25942373275756836
0.24656915664672852
0.2924327850341797
0.2591533660888672
0.2461228370666504
0.23900341987609863
0.24782013893127441
0.22966861724853516
0.28896570205688477
0.3516123294830322
0.23719501495361328
0.24341392517089844
0.24426865577697754
0.25321221351623535
0.24692535400390625
