0.2509133815765381
0.24305272102355957
0.22406840324401855
0.24107027053833008
0.28494834899902344
0.26824498176574707
0.2957582473754883
0.2987840175628662
0.271806001663208
0.27477312088012695
0.25591230392456055
0.2572288513183594
0.2810323238372803
0.29207468032836914
0.2540280818939209
0.23898983001708984
0.24223065376281738
0.24789643287658691
0.24836349487304688
0.24755096435546875
0.2728555202484131
0.2519707679748535
0.23909211158752441
0.2501957416534424
0.2575104236602783
0.23642420768737793
0.24609708786010742
0.24370050430297852
0.2436530590057373
0.23600172996520996
0.26498985290527344
0.262986421585083
0.27199816703796387
0.25803112983703613
0.24097943305969238
0.23297429084777832
0.24838948249816895
0.28064656257629395
0.2426750659942627
0.2457106113433838
0.24278521537780762
0.23099851608276367
0.2312779426574707
0.2577190399169922
0.230712890625
0.25058841705322266
0.24443840980529785
0.2502930164337158
0.24265336990356445
0.24825239181518555
0.2398226261138916
0.25064849853515625
0.2284550666809082
0.23904204368591309
0.25074005126953125
0.2485668659210205
0.2597489356994629
0.23868155479431152
0.25177741050720215
0.23475122451782227
0.23737049102783203
0.23641085624694824
0.24297690391540527
0.2309892177581787
0.2289726734161377
0.26897382736206055
0.2789788246154785
0.2386634349822998
0.2445681095123291
0.23357391357421875
0.2293407917022705
0.2429029941558838
0.23768353462219238
0.2421114444732666
0.23915624618530273
0.2392275333404541
0.24468302726745605
0.23270773887634277
0.2327723503112793
0.28502702713012695
0.28901004791259766
0.23597097396850586
0.2516627311706543
0.23867321014404297
0.23195981979370117
0.24059796333312988
0.21831941604614258
0.2515130043029785
0.22996091842651367
0.24750590324401855
0.25466036796569824
0.23296260833740234
0.23472857475280762
0.2243964672088623
0.23929977416992188
0.2443068027496338
0.28031468391418457
0.2383430004119873
0.2399759292602539
0.26457762718200684
0.24224400520324707
0.22156858444213867
0.2489783763885498
0.24972939491271973
0.21961522102355957
0.22002911567687988
0.24931931495666504
0.2653937339782715
0.2323904037475586
0.24601292610168457
0.2975189685821533
0.24181365966796875
0.23279237747192383
0.2527799606323242
0.2418053150177002
0.25202012062072754
0.2386324405670166
0.2462317943572998
0.24217581748962402
0.2342522144317627
0.23711514472961426
0.2390308380126953
0.2600736618041992
0.23076581954956055
0.2387073040008545
0.2546803951263428
0.23823952674865723
0.2517240047454834
0.25469446182250977
0.25485682487487793
0.25313544273376465
0.25247716903686523
0.2664830684661865
0.24966096878051758
0.2455158233642578
0.24451732635498047
0.24221062660217285
0.2404015064239502
0.2390439510345459
0.3525054454803467
0.23699212074279785
0.2525777816772461
0.22859978675842285
0.23142790794372559
0.23742890357971191
0.23641014099121094
0.23266339302062988
0.24760818481445312
0.243424654006958
0.2186589241027832
0.2718667984008789
0.27185750007629395
0.23287701606750488
0.2368333339691162
0.2700200080871582
0.2374272346496582
0.24147439002990723
0.25171589851379395
0.22918105125427246
0.2402336597442627
0.23036575317382812
0.25398945808410645
0.2599916458129883
0.28844738006591797
0.28455519676208496
0.22908759117126465
0.23006987571716309
0.2586841583251953
0.29610729217529297
0.2450699806213379
0.2389070987701416
0.236891508102417
0.2785947322845459
0.3406839370727539
0.2886173725128174
0.29959917068481445
0.2755885124206543
0.2291579246520996
0.25945425033569336
0.2545320987701416
0.2665441036224365
0.24394655227661133
0.261030912399292
0.27300047874450684
0.28800392150878906
0.25600409507751465
0.2423725128173828
0.23950481414794922
0.2376570701599121
0.268263578414917
0.24114656448364258
0.2692372798919678
0.28020358085632324
0.32311320304870605
0.276080846786499
0.35517263412475586
0.29907870292663574
0.37217259407043457
0.24122381210327148
0.24520564079284668
0.23003101348876953
0.24390196800231934
0.24614191055297852
0.24712324142456055
0.22335052490234375
0.23448562622070312
0.2507436275482178
0.2547874450683594
0.23389625549316406
0.2619903087615967
0.24054574966430664
0.24198365211486816
0.24399471282958984
0.23001742362976074
0.23799896240234375
0.24918389320373535
0.23327422142028809
0.22858309745788574
0.23751091957092285
0.23794054985046387
0.24050617218017578
0.23706316947937012
0.23623967170715332
0.24383997917175293
0.24181318283081055
0.2683389186859131
0.2400815486907959
0.2452867031097412
0.2272481918334961
0.2555575370788574
0.25771021842956543
0.26171302795410156
0.23349499702453613
0.2334761619567871
0.24647736549377441
0.22412848472595215
0.25939345359802246
0.23141860961914062
0.24604296684265137
0.2466902732849121
0.25725603103637695
0.2554054260253906
0.24918889999389648
0.23909592628479004
0.21741771697998047
0.2317192554473877
0.23468375205993652
0.260653018951416
0.25162768363952637
0.26361751556396484
0.2619926929473877
0.23198890686035156
0.23491430282592773
0.2339949607849121
0.24103832244873047
0.2360701560974121
0.2518463134765625
0.2529182434082031
0.24472260475158691
0.2826695442199707
0.22652482986450195
0.25875329971313477
0.2692911624908447
0.23957014083862305
0.2401740550994873
0.39842772483825684
0.24489426612854004
0.25284266471862793
0.25922298431396484
0.24585914611816406
0.29497814178466797
0.24386930465698242
0.24193334579467773
0.24892663955688477
0.22708797454833984
0.23408198356628418
0.24605774879455566
0.27210402488708496
0.28363776206970215
0.25900888442993164
0.26095151901245117
0.2539184093475342
0.2488996982574463
0.2318882942199707
0.3270127773284912
0.30860114097595215
0.2626502513885498
0.23804140090942383
0.28409314155578613
0.26504063606262207
0.24605798721313477
0.22576451301574707
0.22854399681091309
0.23996400833129883
0.22693634033203125
0.26679491996765137
0.23391127586364746
0.24921131134033203
0.3184845447540283
0.28151369094848633
0.32355642318725586
0.25399112701416016
0.2645585536956787
0.2645585536956787
0.2405557632446289
0.27098846435546875
0.2768423557281494
0.2435474395751953
0.24959897994995117
0.24482083320617676
0.24719452857971191
0.2521967887878418
0.24419355392456055
0.24918365478515625
0.24509048461914062
0.2539560794830322
0.2728691101074219
0.24694585800170898
0.27263689041137695
0.26462674140930176
0.2973165512084961
0.24818730354309082
0.24822759628295898
0.25110721588134766
0.24866819381713867
0.2576112747192383
0.24113249778747559
0.24212002754211426
0.21693754196166992
0.24234604835510254
0.23278021812438965
0.2451310157775879
0.227158784866333
0.2480306625366211
0.24601268768310547
0.2700362205505371
0.2510547637939453
0.24773263931274414
0.2387082576751709
0.2254924774169922
0.22647714614868164
0.23023104667663574
0.2350625991821289
0.2520883083343506
0.24202370643615723
0.23167681694030762
0.23475885391235352
0.2409663200378418
0.25327181816101074
0.24799871444702148
0.3038339614868164
0.314852237701416
0.2580599784851074
0.2671477794647217
0.24429941177368164
0.2523376941680908
0.24826288223266602
0.2443854808807373
0.30452990531921387
0.3125183582305908
0.24942874908447266
0.24843811988830566
0.23740649223327637
0.2393205165863037
0.22409391403198242
0.23715972900390625
0.2333533763885498
0.23631978034973145
0.26810669898986816
0.22967195510864258
0.22891521453857422
0.24881792068481445
0.2427518367767334
0.23077726364135742
0.24382996559143066
0.24698376655578613
0.2830026149749756
0.2710001468658447
0.24599599838256836
0.23610901832580566
0.24099302291870117
0.22999167442321777
0.23181533813476562
0.22314715385437012
0.24046730995178223
0.2562432289123535
0.25023865699768066
0.2261519432067871
0.23975682258605957
0.23103642463684082
0.25304555892944336
0.24013829231262207
0.24611520767211914
0.2502729892730713
0.25342726707458496
0.24248933792114258
0.24620866775512695
0.22327089309692383
0.34168171882629395
0.2678241729736328
0.2534754276275635
0.29796504974365234
0.23999357223510742
0.24360895156860352
0.2508358955383301
0.25492429733276367
0.2677614688873291
0.2588326930999756
0.24077343940734863
0.28106045722961426
0.2680954933166504
0.23523521423339844
0.2772235870361328
0.22922778129577637
0.2231142520904541
0.2611374855041504
0.24637389183044434
0.23865723609924316
0.2616462707519531
0.34729933738708496
0.28532862663269043
0.2903151512145996
0.35829830169677734
0.24164462089538574
0.2359776496887207
0.2299962043762207
0.21377944946289062
0.24625158309936523
0.2600111961364746
0.2366795539855957
0.24271869659423828
0.24279427528381348
0.25876474380493164
0.24077796936035156
0.2516639232635498
0.2496020793914795
0.30702638626098633
0.2617228031158447
0.23985695838928223
0.24765706062316895
0.27359485626220703
0.29960012435913086
0.2735769748687744
0.28462743759155273
0.2336139678955078
0.23965048789978027
0.27574896812438965
0.23610639572143555
0.25451040267944336
0.2643930912017822
0.2355048656463623
0.22892212867736816
0.24939393997192383
0.2409679889678955
0.2989819049835205
0.2380540370941162
0.24504375457763672
0.24662566184997559
0.23671221733093262
0.3477761745452881
0.3234851360321045
0.5500948429107666
0.4963259696960449
0.3987460136413574
0.4940023422241211
0.5886068344116211
0.4942927360534668
0.8041329383850098
0.6395463943481445
0.3540654182434082
0.6734127998352051
0.7555773258209229
0.6984751224517822
0.6124539375305176
0.8001964092254639
0.7541546821594238
0.8308258056640625
0.8930513858795166
0.49758338928222656
0.6246926784515381
0.538855791091919
0.5498213768005371
0.3582019805908203
0.3691830635070801
0.33049845695495605
0.3131287097930908
0.3471057415008545
0.4092071056365967
0.36835694313049316
0.997788667678833
0.750969648361206
0.8727638721466064
0.7619547843933105
0.5692710876464844
0.8644893169403076
0.5083248615264893
0.802386999130249
0.4473226070404053
0.47531652450561523
0.29631829261779785
0.7758395671844482
0.24224090576171875
0.28167247772216797
0.2711048126220703
0.26141905784606934
0.2543778419494629
0.2554025650024414
0.25849270820617676
0.22855639457702637
0.2513856887817383
0.27033019065856934
0.25551581382751465
0.25385427474975586
0.2206587791442871
0.24710583686828613
0.2584991455078125
0.24749088287353516
0.2554891109466553
0.27338600158691406
0.2587137222290039
0.264801025390625
0.2627854347229004
0.23200154304504395
0.25680017471313477
0.2571086883544922
0.28441691398620605
0.29049229621887207
0.27950286865234375
0.2764890193939209
0.24379730224609375
0.27497053146362305
0.29100489616394043
0.29201292991638184
0.30401110649108887
0.23697543144226074
0.2704160213470459
0.2669215202331543
0.2383739948272705
0.2623865604400635
0.3140125274658203
0.25588154792785645
0.2707085609436035
0.26322340965270996
0.26020050048828125
0.23623299598693848
0.25264835357666016
0.2457878589630127
0.2444310188293457
0.24558067321777344
0.24206233024597168
0.24626541137695312
0.2823340892791748
0.2833080291748047
0.2962982654571533
0.22506403923034668
0.24408316612243652
0.22385311126708984
0.23908185958862305
0.23731303215026855
0.24615025520324707
0.25313520431518555
0.23395061492919922
0.24972081184387207
0.24569940567016602
0.25070810317993164
0.22876930236816406
0.23173069953918457
0.26764607429504395
0.2623593807220459
0.2373673915863037
0.2435910701751709
0.24713611602783203
0.25452637672424316
0.24764132499694824
0.24620556831359863
0.23739886283874512
0.23163175582885742
0.24365758895874023
0.24512529373168945
0.2381432056427002
0.24242496490478516
0.24035906791687012
0.2513608932495117
0.2624852657318115
0.23067879676818848
0.2592771053314209
0.24608659744262695
0.23735642433166504
0.257354736328125
0.23922514915466309
0.274294376373291
0.24651432037353516
0.2395634651184082
0.2319166660308838
0.2251589298248291
0.24293112754821777
0.24890947341918945
0.2452535629272461
0.231964111328125
0.24804449081420898
0.2500443458557129
0.2801802158355713
0.2544405460357666
0.27042245864868164
0.27327895164489746
0.25032544136047363
0.24309611320495605
0.24117112159729004
0.2636730670928955
0.3166630268096924
0.24794244766235352
0.3187565803527832
0.24527549743652344
0.28644227981567383
0.270327091217041
0.25874829292297363
0.414386510848999
0.3863821029663086
0.37838077545166016
0.3673863410949707
0.2787330150604248
0.3124730587005615
0.24547290802001953
0.23574519157409668
0.23811745643615723
0.2461247444152832
0.2583291530609131
0.26331043243408203
0.2413339614868164
0.2330174446105957
0.23769068717956543
0.23550987243652344
0.22783970832824707
0.23090314865112305
0.2613554000854492
0.22892212867736816
0.24294281005859375
0.2578732967376709
0.29924726486206055
0.2652730941772461
0.2652730941772461
0.24289989471435547
0.24189066886901855
0.23552846908569336
0.2295830249786377
0.24739432334899902
0.22953081130981445
0.2395310401916504
0.2600672245025635
0.2292623519897461
0.24039697647094727
0.23015832901000977
0.2311999797821045
0.25029754638671875
0.2663915157318115
0.24923491477966309
0.24525833129882812
0.28401637077331543
0.23200559616088867
0.24001049995422363
0.2264847755432129
0.23284173011779785
0.2426750659942627
0.23899483680725098
0.23790478706359863
0.234389066696167
0.26522111892700195
0.265230655670166
0.2440173625946045
0.2500271797180176
0.24004125595092773
0.2710444927215576
0.23555302619934082
0.25473523139953613
0.25373005867004395
0.2501251697540283
0.2489941120147705
0.23145341873168945
0.24726223945617676
0.31932497024536133
0.2594928741455078
0.30158233642578125
0.269519567489624
0.2545046806335449
0.2664942741394043
0.3009934425354004
0.26200079917907715
0.4430418014526367
0.24396657943725586
0.24103617668151855
0.2361280918121338
0.2630937099456787
0.23734259605407715
0.22927021980285645
0.24030756950378418
0.25632357597351074
0.2318418025970459
0.31215977668762207
0.24010682106018066
0.2512357234954834
0.36308932304382324
0.24802756309509277
0.29935455322265625
0.25832605361938477
0.2783195972442627
0.28133392333984375
0.25955677032470703
0.2387402057647705
0.23485469818115234
0.2613973617553711
0.3105158805847168
0.31551265716552734
0.32052040100097656
0.3085348606109619
0.3215363025665283
0.3245413303375244
0.2485346794128418
0.2419586181640625
0.27538275718688965
0.23731374740600586
0.2573726177215576
0.25917792320251465
0.2576112747192383
0.2786562442779541
0.25556015968322754
0.251751184463501
0.2264847755432129
0.23549580574035645
0.24728012084960938
0.2425985336303711
0.2474498748779297
0.24556946754455566
0.26210808753967285
0.23899483680725098
0.23244214057922363
0.2585718631744385
0.247575044631958
0.2500576972961426
0.23524928092956543
0.24166536331176758
0.22846508026123047
0.2395784854888916
0.23354244232177734
0.2800765037536621
0.3097386360168457
0.2677614688873291
0.24775910377502441
0.2467665672302246
0.25113964080810547
0.2818005084991455
0.2570798397064209
0.245497465133667
0.2726588249206543
0.2346498966217041
0.2473750114440918
0.3234889507293701
0.3164947032928467
0.30445408821105957
0.2793996334075928
0.36049509048461914
0.26446032524108887
0.2390272617340088
0.2402026653289795
0.24255752563476562
0.263594388961792
0.2195281982421875
0.29299497604370117
0.25910067558288574
0.25999951362609863
0.23006558418273926
0.2478349208831787
0.22891640663146973
0.24060440063476562
0.2556159496307373
0.24826645851135254
0.24748826026916504
0.25249552726745605
0.269028902053833
0.2386460304260254
0.26203370094299316
0.26253247261047363
0.24596548080444336
0.23739242553710938
0.3244616985321045
0.24740314483642578
0.23699378967285156
0.27089500427246094
0.3108837604522705
0.2556769847869873
0.2417900562286377
0.2381119728088379
0.2521243095397949
0.2508223056793213
0.23889780044555664
0.22886013984680176
0.2549304962158203
0.2211625576019287
0.2651526927947998
0.23874902725219727
0.2444453239440918
0.24819087982177734
0.23360133171081543
0.23613786697387695
0.2961161136627197
0.23831892013549805
0.23529911041259766
0.2699713706970215
0.23064970970153809
0.2416532039642334
0.23792004585266113
0.26599907875061035
0.22916269302368164
0.2831094264984131
0.2991149425506592
0.29413580894470215
0.24704742431640625
0.31312131881713867
0.2361922264099121
0.2411937713623047
0.2653024196624756
0.24782013893127441
0.2325141429901123
0.24033904075622559
0.25561022758483887
0.2440338134765625
0.23314809799194336
0.27945804595947266
0.22365975379943848
0.23371648788452148
0.23405098915100098
0.24810099601745605
0.2723121643066406
0.24410748481750488
0.23723983764648438
0.2492673397064209
0.23343896865844727
0.23162508010864258
0.25198793411254883
0.2559671401977539
0.2660257816314697
0.25509071350097656
0.2260887622833252
0.24149632453918457
0.2374255657196045
0.23432207107543945
0.22458934783935547
0.25789570808410645
0.24989652633666992
0.25286364555358887
0.23990726470947266
0.28109288215637207
0.2393510341644287
0.23837018013000488
0.2518479824066162
0.24689078330993652
0.2518935203552246
0.23416352272033691
0.23422598838806152
0.23612189292907715
0.23917198181152344
0.24217653274536133
0.2318272590637207
0.2528212070465088
0.24196910858154297
0.26285433769226074
0.24499893188476562
0.2919943332672119
0.22943377494812012
0.24541449546813965
0.2833888530731201
0.2514169216156006
0.2632925510406494
0.23869657516479492
0.2540273666381836
0.2819991111755371
0.26796531677246094
0.28118038177490234
0.24620938301086426
0.25679969787597656
0.25079846382141113
0.30382609367370605
0.25962138175964355
0.24585318565368652
0.24350953102111816
0.26085472106933594
0.24677681922912598
0.23572063446044922
0.2957804203033447
0.28827571868896484
0.3107757568359375
0.30129003524780273
0.35076165199279785
0.2536754608154297
0.2467353343963623
0.23000812530517578
0.24501585960388184
0.24106240272521973
0.26218199729919434
0.22638988494873047
0.23663091659545898
0.24097347259521484
0.2529628276824951
0.26524972915649414
0.2346174716949463
0.26764965057373047
0.2404017448425293
0.21987175941467285
0.26668572425842285
0.2363283634185791
0.2412571907043457
0.246077299118042
0.23912525177001953
0.22386813163757324
0.24887776374816895
0.23606467247009277
0.24535489082336426
0.2524099349975586
0.24065160751342773
0.23663640022277832
0.23849058151245117
0.2375316619873047
0.24350452423095703
0.2383894920349121
0.23266911506652832
0.24859142303466797
0.2588527202606201
0.27307653427124023
0.2701435089111328
0.2631258964538574
0.2821176052093506
0.26413512229919434
0.27216029167175293
0.292130708694458
0.23241806030273438
0.23253226280212402
0.26259374618530273
0.277693510055542
0.24169397354125977
0.2617011070251465
0.2381136417388916
0.25598883628845215
0.26016926765441895
0.22416996955871582
0.23896145820617676
0.2416520118713379
0.2366173267364502
0.2533578872680664
0.33858227729797363
0.4370572566986084
0.4860715866088867
0.49007344245910645
0.48105311393737793
0.3840947151184082
0.26639580726623535
0.41774773597717285
0.23893427848815918
0.24483609199523926
0.24588704109191895
0.23795557022094727
0.23896002769470215
0.25800108909606934
0.24224185943603516
0.23710250854492188
0.24147367477416992
0.24142026901245117
0.25443077087402344
0.2559685707092285
0.26192545890808105
0.2727384567260742
0.24139928817749023
0.24529743194580078
0.25423598289489746
0.2502419948577881
0.22324204444885254
0.23801875114440918
0.2560386657714844
0.2369849681854248
0.2319622039794922
0.2423994541168213
0.21844124794006348
0.2356271743774414
0.26302599906921387
0.24419713020324707
0.2470099925994873
0.2549924850463867
0.23099994659423828
0.2499682903289795
0.280972957611084
0.2309587001800537
0.23858118057250977
0.2423079013824463
0.22650957107543945
0.2322559356689453
0.24695420265197754
0.2619762420654297
0.2326653003692627
0.27064037322998047
0.2816503047943115
0.26226091384887695
0.2640261650085449
0.2590315341949463
0.24562478065490723
0.2936885356903076
0.2756791114807129
0.2429978847503662
0.23876523971557617
0.22957682609558105
0.23720335960388184
0.24525785446166992
0.24824213981628418
0.24350380897521973
0.23722171783447266
0.25045299530029297
0.2567110061645508
0.22969865798950195
0.2245469093322754
0.23453092575073242
0.2350919246673584
0.22711658477783203
0.24685144424438477
0.2558631896972656
0.27023768424987793
0.2432558536529541
0.2662620544433594
0.24725079536437988
0.2312624454498291
0.24188446998596191
0.2615184783935547
0.23604846000671387
0.25507307052612305
0.24418139457702637
0.26702117919921875
0.2678649425506592
0.2318589687347412
0.247605562210083
0.26444005966186523
0.28145742416381836
0.2396848201751709
0.24265432357788086
0.24228978157043457
0.24000954627990723
0.23296093940734863
0.30504798889160156
0.24922895431518555
0.2672312259674072
0.2432248592376709
0.23032736778259277
0.27518248558044434
0.24348807334899902
0.24790167808532715
0.2509326934814453
0.26291751861572266
0.28994059562683105
0.25293517112731934
0.2368922233581543
0.23430085182189941
0.2341458797454834
0.24813556671142578
0.2390139102935791
0.23959922790527344
0.25798988342285156
0.2413182258605957
0.23517298698425293
0.2818007469177246
0.23681879043579102
0.3047013282775879
0.23168444633483887
0.24736309051513672
0.24207568168640137
0.2419261932373047
0.2581360340118408
0.27030372619628906
0.25149083137512207
0.24108552932739258
0.2547171115875244
0.2677590847015381
0.27492833137512207
0.27597618103027344
0.35544848442077637
0.22104930877685547
0.2441704273223877
0.25130295753479004
0.2297813892364502
0.256274938583374
0.24396514892578125
0.27187490463256836
0.5041368007659912
0.2901449203491211
0.25525474548339844
0.23178315162658691
0.24872612953186035
0.2812800407409668
0.2310962677001953
0.2624673843383789
0.2479846477508545
0.23723125457763672
0.25722217559814453
0.24676775932312012
0.24100232124328613
0.2339789867401123
0.23469972610473633
0.2468409538269043
0.22870349884033203
0.2533988952636719
0.23233532905578613
0.2559947967529297
0.24099946022033691
0.25300049781799316
0.2609851360321045
0.24801850318908691
0.22296357154846191
0.2351057529449463
0.23110580444335938
0.24221277236938477
0.22320151329040527
0.23880410194396973
0.24979233741760254
0.22481441497802734
0.2266712188720703
0.23605561256408691
0.23806118965148926
0.2934696674346924
0.2944612503051758
0.29846715927124023
0.25505566596984863
0.2363893985748291
0.231398344039917
0.26089930534362793
0.3244314193725586
0.22089409828186035
0.24695324897766113
0.2367548942565918
0.24879145622253418
0.2689957618713379
0.26900386810302734
0.2729942798614502
0.25099706649780273
0.23506712913513184
0.24042057991027832
0.23657703399658203
0.29474759101867676
0.28176403045654297
0.3457193374633789
0.2797584533691406
0.23203754425048828
0.5119595527648926
0.23520851135253906
0.2790067195892334
0.291018009185791
0.2649970054626465
0.25139737129211426
0.26071858406066895
0.24564862251281738
0.2466139793395996
0.2413947582244873
0.26540708541870117
0.27056884765625
0.26955270767211914
0.26651906967163086
0.24655461311340332
0.2323601245880127
0.2706575393676758
0.24994635581970215
0.26897287368774414
0.28694939613342285
0.2829594612121582
0.29595208168029785
0.2919621467590332
0.26560211181640625
0.24370288848876953
0.25933265686035156
0.25632309913635254
0.26375579833984375
0.27030014991760254
0.25629496574401855
0.24905610084533691
0.2618286609649658
0.2757713794708252
0.279796838760376
0.23916196823120117
0.23217463493347168
0.24742817878723145
0.24050641059875488
0.2383265495300293
0.24001431465148926
0.2695178985595703
0.291532039642334
0.23330378532409668
0.2673168182373047
0.24585366249084473
0.24608397483825684
0.2649061679840088
0.26392221450805664
0.23290514945983887
0.22820663452148438
0.2623562812805176
0.2628209590911865
0.24197888374328613
0.2334284782409668
0.24080491065979004
0.23420405387878418
0.24359989166259766
0.25353121757507324
0.2312166690826416
0.2612793445587158
0.23826146125793457
0.24223852157592773
0.23102211952209473
0.24789094924926758
0.2500882148742676
0.24053502082824707
0.24604153633117676
0.24902796745300293
0.2310316562652588
0.25090932846069336
0.24390506744384766
0.27466750144958496
0.27272748947143555
0.27466750144958496
0.23681282997131348
0.26430225372314453
0.24210405349731445
0.25148653984069824
0.31151890754699707
0.2647385597229004
0.2373793125152588
0.2529637813568115
0.24796199798583984
0.23433375358581543
0.22774958610534668
0.23636937141418457
0.2388923168182373
0.2470083236694336
0.24901103973388672
0.23201370239257812
0.22820472717285156
0.2259829044342041
0.24354934692382812
0.22420263290405273
0.24079060554504395
0.22777414321899414
0.22709989547729492
0.24641180038452148
0.2426450252532959
0.2280106544494629
0.24003028869628906
0.2729356288909912
0.2669963836669922
0.23404288291931152
0.23806095123291016
0.2349405288696289
0.23977899551391602
0.26976680755615234
0.23703312873840332
0.25791358947753906
0.24095678329467773
0.23223328590393066
0.23538470268249512
0.23601889610290527
0.2318403720855713
0.25684285163879395
0.24214386940002441
0.23501300811767578
0.25057196617126465
0.2575404644012451
0.23678112030029297
0.239837646484375
0.23784327507019043
0.24360370635986328
0.2376406192779541
0.25257134437561035
0.25918149948120117
0.2732563018798828
0.24425816535949707
0.2248554229736328
0.22988438606262207
0.25098586082458496
0.2909843921661377
0.26963281631469727
0.2486279010772705
0.2363879680633545
0.22705483436584473
0.2602410316467285
0.23715901374816895
0.24567556381225586
0.22968697547912598
0.23258256912231445
0.2337477207183838
0.22281432151794434
0.2238445281982422
0.2379014492034912
0.2489020824432373
0.2329540252685547
0.24021291732788086
0.2512795925140381
0.2272953987121582
0.23685002326965332
0.27839088439941406
0.24372410774230957
0.22936511039733887
0.33254575729370117
0.2765214443206787
0.27951741218566895
0.24552035331726074
0.23217487335205078
0.23900580406188965
0.24199914932250977
0.23094892501831055
0.25494956970214844
0.24371576309204102
0.23467063903808594
0.23282933235168457
0.254962682723999
0.251239538192749
0.25833654403686523
0.24255847930908203
0.24720191955566406
0.2396233081817627
0.23215866088867188
0.24776291847229004
0.2436363697052002
0.2357182502746582
0.2206876277923584
0.22236180305480957
0.2418818473815918
0.2543516159057617
0.24170899391174316
0.23889732360839844
0.29051804542541504
0.25152111053466797
0.22744011878967285
0.22297120094299316
0.25212597846984863
0.22200560569763184
0.22932767868041992
0.2363414764404297
0.24623417854309082
0.25342535972595215
0.2423722743988037
0.3098776340484619
0.2358541488647461
0.2369987964630127
0.2388598918914795
0.25696611404418945
0.2600417137145996
0.2334432601928711
0.23343491554260254
0.23943829536437988
0.25568294525146484
0.2391209602355957
0.2635989189147949
0.27963829040527344
0.23320865631103516
0.24998974800109863
0.23600149154663086
0.24209094047546387
0.2569315433502197
0.23929619789123535
0.2513701915740967
0.23751115798950195
0.24255156517028809
0.24579262733459473
0.24681401252746582
0.23681187629699707
0.2428882122039795
0.26212382316589355
0.2471003532409668
0.22413921356201172
0.2403874397277832
0.23802995681762695
0.2578732967376709
0.24587368965148926
0.2558720111846924
0.28090548515319824
0.22346782684326172
0.22998881340026855
0.24402070045471191
0.2301924228668213
0.24226617813110352
0.29125118255615234
0.22373461723327637
0.2439720630645752
0.23190903663635254
0.23297715187072754
0.23814773559570312
0.25908589363098145
0.24551844596862793
0.24070501327514648
0.2305302619934082
0.2630934715270996
0.2555994987487793
0.25224804878234863
0.26517724990844727
0.24925494194030762
0.25206828117370605
0.2682521343231201
0.27425670623779297
0.3232762813568115
0.2567920684814453
0.2607846260070801
0.2398383617401123
0.24020624160766602
0.25229573249816895
0.25998497009277344
0.2892625331878662
0.29326605796813965
0.24040579795837402
0.24086260795593262
0.2720818519592285
0.2430567741394043
0.24492740631103516
0.2735710144042969
0.24370980262756348
0.252025842666626
0.23600411415100098
0.3077540397644043
0.2628297805786133
0.2757878303527832
0.21964454650878906
0.23076701164245605
0.24207520484924316
0.25693607330322266
0.27693700790405273
0.2320997714996338
0.23395729064941406
0.237457275390625
0.2420639991760254
0.24332141876220703
0.26297926902770996
0.2460038661956787
0.2740309238433838
0.2770419120788574
0.26300549507141113
0.29000329971313477
0.2359936237335205
0.303041934967041
0.2651963233947754
0.26021265983581543
0.2660558223724365
0.25708889961242676
0.2823200225830078
0.23742365837097168
0.24248957633972168
0.24323821067810059
0.24005961418151855
0.2550020217895508
0.27898526191711426
0.2570052146911621
0.24477863311767578
0.2434227466583252
0.23945403099060059
0.2324204444885254
0.24489974975585938
0.24689769744873047
0.24990558624267578
0.2719111442565918
0.231842041015625
0.23700523376464844
0.2610137462615967
0.23399996757507324
0.2389841079711914
0.23015189170837402
0.2381300926208496
0.24387741088867188
0.23506641387939453
0.24714374542236328
0.25789880752563477
0.2629210948944092
0.22327518463134766
0.2572593688964844
0.2492833137512207
0.2607455253601074
0.23190999031066895
0.2414994239807129
0.25551843643188477
0.264507532119751
0.2745366096496582
0.29365992546081543
0.2390148639678955
0.28574061393737793
0.2617621421813965
0.26573944091796875
0.2277381420135498
0.23957204818725586
0.22408390045166016
0.2417590618133545
0.2433943748474121
0.25239038467407227
0.2543313503265381
0.25531888008117676
0.2508413791656494
0.28406453132629395
0.22143936157226562
0.2361149787902832
0.24568581581115723
0.2317061424255371
0.24164938926696777
0.23158860206604004
0.24606728553771973
0.24982047080993652
0.26131105422973633
0.26340770721435547
0.24638962745666504
0.26398611068725586
0.2570030689239502
0.2640068531036377
0.24601292610168457
0.24306869506835938
0.2360215187072754
0.23012924194335938
0.24606871604919434
0.2534482479095459
0.23642253875732422
0.24912261962890625
0.24319911003112793
0.2745680809020996
0.26348090171813965
0.2827732563018799
0.28489232063293457
0.2888622283935547
0.2868688106536865
0.27986860275268555
0.24387598037719727
0.2778501510620117
0.23867464065551758
0.2481372356414795
0.2521400451660156
0.24381542205810547
0.2406609058380127
0.26203274726867676
0.27575039863586426
0.2730429172515869
0.27704334259033203
0.2561204433441162
0.24187517166137695
0.2840759754180908
0.2844552993774414
0.29640960693359375
0.29343461990356445
0.2845907211303711
0.2884488105773926
0.30068421363830566
0.25208568572998047
0.34008193016052246
0.2284841537475586
0.2519996166229248
0.25499701499938965
0.26792478561401367
0.2257685661315918
0.24672484397888184
0.2593255043029785
0.28333520889282227
0.2543306350708008
0.23587536811828613
0.24404549598693848
0.22201132774353027
0.23473858833312988
0.24536776542663574
0.2716705799102783
0.25769543647766113
0.2756533622741699
0.30014777183532715
0.28836941719055176
0.29035329818725586
0.257770299911499
0.2440042495727539
0.23694777488708496
0.2268977165222168
0.23197269439697266
0.26310133934020996
0.23891258239746094
0.23443984985351562
0.24161839485168457
0.24785327911376953
0.24811863899230957
0.2721285820007324
0.24466323852539062
0.2578725814819336
0.2949678897857666
0.28379058837890625
0.277799129486084
0.25711750984191895
0.2630026340484619
0.281033992767334
0.311032772064209
0.31599926948547363
0.30802273750305176
0.2620224952697754
0.2361128330230713
0.23326921463012695
0.22373199462890625
0.2705976963043213
0.24245929718017578
0.2407851219177246
0.24682354927062988
0.24399185180664062
0.24599981307983398
0.25006937980651855
0.21934151649475098
0.2357959747314453
0.24301886558532715
0.2389686107635498
0.24699139595031738
0.2694714069366455
0.2714507579803467
0.266477108001709
0.2534444332122803
0.25144267082214355
0.22986912727355957
0.2381269931793213
0.23162341117858887
0.24259114265441895
0.2584829330444336
0.26549720764160156
0.2612802982330322
0.2783203125
0.24538064002990723
0.24225163459777832
0.26232004165649414
0.24123406410217285
0.2466905117034912
0.2588539123535156
0.23978400230407715
0.25000572204589844
0.24099302291870117
0.2519798278808594
0.23196816444396973
0.26946353912353516
0.26044607162475586
0.26744556427001953
0.23769712448120117
0.34925150871276855
0.2276911735534668
0.23308658599853516
0.24024105072021484
0.239227294921875
0.24721431732177734
0.23130035400390625
0.22240090370178223
0.264146089553833
0.23554730415344238
0.2307109832763672
0.2497248649597168
0.23836183547973633
0.24515461921691895
0.22803425788879395
0.24302387237548828
0.2460024356842041
0.2471022605895996
0.2801392078399658
0.25113964080810547
0.2327871322631836
0.23538804054260254
0.23428750038146973
0.24080157279968262
0.24692964553833008
0.23684430122375488
0.22604656219482422
0.24052715301513672
0.23331308364868164
0.2483224868774414
0.24832534790039062
0.25859999656677246
0.24960541725158691
0.24262642860412598
0.24706411361694336
0.2636401653289795
0.27015113830566406
0.24910593032836914
0.2287747859954834
0.24462080001831055
0.29947400093078613
0.27262187004089355
0.2835080623626709
0.2451169490814209
0.24377155303955078
0.2771341800689697
0.23321247100830078
0.25811076164245605
0.27810144424438477
0.26239490509033203
0.25537919998168945
0.2603921890258789
0.2583775520324707
0.25128769874572754
0.26785993576049805
0.2268977165222168
0.24658870697021484
0.24860286712646484
0.24262380599975586
0.21643757820129395
0.2535078525543213
0.29478001594543457
0.24725747108459473
0.23752689361572266
0.23813414573669434
0.23330307006835938
0.24705862998962402
0.2560701370239258
0.26700758934020996
0.23232126235961914
0.2569711208343506
0.24097108840942383
0.29396605491638184
0.25196361541748047
0.2381453514099121
0.2884562015533447
0.28845858573913574
0.24745464324951172
0.25145673751831055
0.3388509750366211
0.31126999855041504
0.31725192070007324
0.31068849563598633
0.2856900691986084
0.23338627815246582
0.36747074127197266
0.30142807960510254
0.29605674743652344
0.33003759384155273
0.2609736919403076
0.2519261837005615
0.225006103515625
0.23491811752319336
0.2638850212097168
0.2673676013946533
0.2540881633758545
0.26626157760620117
0.26479506492614746
0.255814790725708
0.24574899673461914
0.24277520179748535
0.26889729499816895
0.28186583518981934
0.24290895462036133
0.24473881721496582
0.2442777156829834
0.2247180938720703
0.22758865356445312
0.2595705986022949
0.3422274589538574
0.2524752616882324
0.23946428298950195
0.23632407188415527
0.23099875450134277
0.2269759178161621
0.2539787292480469
0.24098634719848633
0.22500133514404297
0.2435472011566162
0.28717517852783203
0.22673678398132324
0.2517366409301758
0.2517976760864258
0.2506105899810791
0.28664469718933105
0.24784421920776367
0.2938559055328369
0.26285886764526367
0.27186083793640137
0.23911833763122559
0.2360219955444336
0.22991299629211426
0.2538790702819824
0.2400805950164795
0.2443530559539795
0.22032713890075684
0.2485349178314209
0.24230432510375977
0.2543001174926758
0.25279831886291504
0.22409892082214355
0.23710298538208008
0.25110340118408203
0.23654770851135254
0.22568225860595703
0.24233746528625488
0.2341325283050537
0.24654126167297363
0.24253368377685547
0.23680782318115234
0.24292302131652832
0.25827956199645996
0.25514960289001465
0.2671360969543457
0.22716403007507324
0.24299287796020508
0.25002169609069824
0.24100279808044434
0.24161386489868164
0.2496626377105713
0.23867011070251465
0.23283839225769043
0.2501347064971924
0.23623275756835938
0.2315375804901123
0.2915201187133789
0.2301328182220459
0.23534560203552246
0.24241089820861816
0.2699747085571289
0.24674439430236816
0.23382782936096191
0.24500155448913574
0.26167893409729004
0.24595022201538086
0.21724152565002441
0.250258207321167
0.26657724380493164
0.252150297164917
0.25016283988952637
0.2384788990020752
0.24210453033447266
0.2461557388305664
0.24010133743286133
0.29680800437927246
0.2678947448730469
0.2789041996002197
0.2425999641418457
0.2286531925201416
0.266887903213501
0.2567319869995117
0.23173213005065918
0.2430098056793213
0.2660491466522217
0.22581696510314941
0.2418680191040039
0.2865259647369385
0.27161622047424316
0.27161622047424316
0.273179292678833
0.2545328140258789
0.2380237579345703
0.23696541786193848
0.24894404411315918
0.261871337890625
0.27380824089050293
0.23777198791503906
0.22986531257629395
0.237562894821167
0.238661527633667
0.24592304229736328
0.24155211448669434
0.2485504150390625
0.24990224838256836
0.25028014183044434
0.23378825187683105
0.2518341541290283
0.24615097045898438
0.2532222270965576
0.23893308639526367
0.2944374084472656
0.22515630722045898
0.23215913772583008
0.23361492156982422
0.23533868789672852
0.2247002124786377
0.23339438438415527
0.23050785064697266
0.21943235397338867
0.24543046951293945
0.24693846702575684
0.24422216415405273
0.24494051933288574
0.2757833003997803
0.28481221199035645
0.2150287628173828
0.23800897598266602
0.2409839630126953
0.25604987144470215
0.2459886074066162
0.24014663696289062
0.25313544273376465
0.26416873931884766
0.23923063278198242
0.2448711395263672
0.24222278594970703
0.23225188255310059
0.24528837203979492
0.24525833129882812
0.24260687828063965
0.22043514251708984
0.24219059944152832
0.22940564155578613
0.23426556587219238
0.2472214698791504
0.2542097568511963
0.24509811401367188
0.23413467407226562
0.2277662754058838
0.2352149486541748
0.26580047607421875
0.24645590782165527
0.25235629081726074
0.2433633804321289
0.2514464855194092
0.23221945762634277
0.24264311790466309
0.22713541984558105
0.2388615608215332
0.23353886604309082
0.24588298797607422
0.24085021018981934
0.24187946319580078
0.21909260749816895
0.252655029296875
0.22803497314453125
0.2470238208770752
0.2269737720489502
0.22155022621154785
0.2439887523651123
0.23499774932861328
0.23903965950012207
0.24205446243286133
0.24905180931091309
0.24506568908691406
0.2531135082244873
0.24078130722045898
0.4058959484100342
0.26093435287475586
0.29087400436401367
0.22266840934753418
0.2829318046569824
0.2507162094116211
0.24462080001831055
0.23898530006408691
0.23321223258972168
0.238525390625
0.24522042274475098
0.2532176971435547
0.2532217502593994
0.2732102870941162
0.23653864860534668
0.24073553085327148
0.24192285537719727
0.23456764221191406
0.24357342720031738
0.23856425285339355
0.23465299606323242
0.25667500495910645
0.2173759937286377
0.24515104293823242
0.24289345741271973
0.24374818801879883
0.252732515335083
0.26494836807250977
0.23986005783081055
0.24373936653137207
0.24176502227783203
0.23663973808288574
0.24463748931884766
0.2409987449645996
0.2510359287261963
0.27568984031677246
0.2980771064758301
0.2920684814453125
0.2850770950317383
0.2500782012939453
0.26311230659484863
0.2391977310180664
0.2995026111602783
0.27796435356140137
0.33635473251342773
0.24409031867980957
0.23235797882080078
0.24157333374023438
0.2545127868652344
0.24028444290161133
0.2575860023498535
0.23261499404907227
0.2364809513092041
0.22963809967041016
0.23606586456298828
0.2287600040435791
0.25377559661865234
0.25647473335266113
0.2743830680847168
0.29080724716186523
0.2400226593017578
0.24806499481201172
0.23955631256103516
0.2495567798614502
0.2652144432067871
0.24105501174926758
0.2469332218170166
0.255983829498291
0.236039400100708
0.23781466484069824
0.24126768112182617
0.2844722270965576
0.27994585037231445
0.2799708843231201
0.269089937210083
0.24835896492004395
0.24606943130493164
0.2496018409729004
0.2194957733154297
0.2426605224609375
0.24759936332702637
0.2539823055267334
0.28301358222961426
0.25899410247802734
0.25591444969177246
0.23847556114196777
0.22249794006347656
0.22298574447631836
0.23673439025878906
0.26049113273620605
0.23952841758728027
0.25013017654418945
0.26735949516296387
0.23543167114257812
0.2203209400177002
0.22992253303527832
0.24499750137329102
0.2599806785583496
0.236006498336792
0.2539994716644287
0.2140195369720459
0.23542189598083496
0.24695944786071777
0.24553322792053223
0.24170470237731934
0.25955629348754883
0.25398850440979004
0.23669767379760742
0.26372551918029785
0.22971320152282715
0.2299027442932129
0.2475748062133789
0.24461603164672852
0.25358057022094727
0.2546253204345703
0.2615182399749756
0.26381874084472656
0.2916390895843506
0.30740833282470703
0.31239962577819824
0.27734804153442383
0.2778301239013672
0.2729949951171875
0.24031782150268555
0.23444700241088867
0.22650361061096191
0.24744272232055664
0.294252872467041
0.3092994689941406
0.24928712844848633
0.2783010005950928
0.24788832664489746
0.24001383781433105
0.2243647575378418
0.23227286338806152
0.28688907623291016
0.24947786331176758
0.24158525466918945
0.24270844459533691
0.24637269973754883
0.24442791938781738
0.231184720993042
0.24199938774108887
0.2520003318786621
0.2520003318786621
0.24175786972045898
0.22319674491882324
0.24298477172851562
0.237396240234375
0.24967718124389648
0.2487468719482422
0.24417781829833984
0.23714303970336914
0.23883485794067383
0.23282170295715332
0.24647760391235352
0.2232058048248291
0.22449898719787598
0.27724528312683105
0.25824403762817383
0.26824378967285156
0.23892736434936523
0.2310042381286621
0.2282102108001709
0.2248094081878662
0.23503446578979492
0.2398364543914795
0.24085569381713867
0.25371360778808594
0.24176383018493652
0.2598130702972412
0.2285327911376953
0.21483635902404785
0.26099348068237305
0.3089931011199951
0.27198243141174316
0.22483563423156738
0.259321928024292
0.3003261089324951
0.2542417049407959
0.24637436866760254
0.24837827682495117
0.24006223678588867
0.2420670986175537
0.24397945404052734
0.23446297645568848
0.24042510986328125
0.24744248390197754
0.25944995880126953
0.23204517364501953
0.2431473731994629
0.2562296390533447
0.2413802146911621
0.24034881591796875
0.23530149459838867
0.24210786819458008
0.2480025291442871
0.25499773025512695
0.2630174160003662
0.2554142475128174
0.24534225463867188
0.26363277435302734
0.23235678672790527
0.23931884765625
0.24536824226379395
0.26360273361206055
0.24054813385009766
0.24872851371765137
0.32779645919799805
0.23910045623779297
0.2421870231628418
0.27329087257385254
0.23503375053405762
0.25855565071105957
0.2835352420806885
0.2825782299041748
0.26358604431152344
0.2488851547241211
0.2370309829711914
0.24458551406860352
0.23717164993286133
0.2399449348449707
0.25621461868286133
0.2591989040374756
0.26911187171936035
0.2921452522277832
0.29814672470092773
0.25214195251464844
0.24111604690551758
0.2361609935760498
0.23783016204833984
0.25145912170410156
0.21863675117492676
0.23406744003295898
0.24361371994018555
0.259594202041626
0.23978066444396973
0.24135446548461914
0.318789005279541
0.3277859687805176
0.2882568836212158
0.25429224967956543
0.25095391273498535
0.24607515335083008
0.26043009757995605
0.265394926071167
0.2444171905517578
0.2715613842010498
0.23926901817321777
0.233259916305542
0.27893662452697754
0.2668912410736084
0.2438678741455078
0.24478626251220703
0.3238253593444824
0.22658014297485352
0.23866605758666992
0.24157381057739258
0.2541661262512207
0.27748751640319824
0.2644350528717041
0.24846315383911133
0.24166393280029297
0.2587156295776367
0.25477170944213867
0.24174880981445312
0.2700023651123047
0.6228744983673096
0.23044729232788086
0.2547414302825928
0.25376081466674805
0.2508680820465088
0.2502937316894531
0.25800323486328125
0.2709929943084717
0.23410844802856445
0.23808765411376953
0.29761695861816406
0.2635622024536133
0.27357983589172363
0.2633535861968994
0.25803661346435547
0.27298831939697266
0.24631738662719727
0.2694737911224365
0.23754119873046875
0.27054476737976074
0.2735476493835449
0.2714724540710449
0.24511313438415527
0.23811030387878418
0.2332146167755127
0.24791741371154785
0.24099397659301758
0.2297348976135254
0.2563316822052002
0.2453320026397705
0.2635385990142822
0.2491776943206787
0.23171114921569824
0.2329726219177246
0.29633450508117676
0.2573661804199219
0.23937153816223145
0.26636672019958496
0.24699640274047852
0.2769958972930908
0.24400043487548828
0.24899768829345703
0.2369999885559082
0.24743056297302246
0.24455785751342773
0.24454522132873535
0.250258207321167
0.26124072074890137
0.25927281379699707
0.21099019050598145
0.23602700233459473
0.24265003204345703
0.23765206336975098
0.23801445960998535
0.27489733695983887
0.25985074043273926
0.239715576171875
0.2548253536224365
0.2318434715270996
0.2261521816253662
0.23320293426513672
0.22708582878112793
0.2268695831298828
0.23785090446472168
0.24201583862304688
0.24599885940551758
0.23704791069030762
0.24801087379455566
0.2330608367919922
0.24382781982421875
0.23816442489624023
0.24363446235656738
0.2733495235443115
0.2911801338195801
0.23421883583068848
0.2572145462036133
0.24185657501220703
0.24549221992492676
0.24163603782653809
0.22859930992126465
0.24898099899291992
0.2373046875
0.2420027256011963
0.26027989387512207
0.23948001861572266
0.24248170852661133
0.2383134365081787
0.22974038124084473
0.26958489418029785
0.24349522590637207
0.2524240016937256
0.24420642852783203
0.23705244064331055
0.24306726455688477
0.22977519035339355
0.27771449089050293
0.23771119117736816
0.27974963188171387
0.276745080947876
0.29878783226013184
0.24085378646850586
0.22872710227966309
0.2858297824859619
0.27128171920776367
0.23946857452392578
0.24605584144592285
0.2541377544403076
0.24432897567749023
0.24634075164794922
0.2347421646118164
0.2328348159790039
0.26409029960632324
0.24173283576965332
0.24371886253356934
0.2358248233795166
0.2879347801208496
0.24110198020935059
0.24210619926452637
0.23072290420532227
0.22124671936035156
0.23313665390014648
0.26815295219421387
0.24416232109069824
0.2619054317474365
0.24801254272460938
0.26476335525512695
0.24250364303588867
0.2264878749847412
0.24739813804626465
0.23643136024475098
0.24939465522766113
0.23096060752868652
0.24588322639465332
0.23711562156677246
0.2507343292236328
0.27117085456848145
0.26462554931640625
0.25863099098205566
0.23749661445617676
0.24392986297607422
0.2448885440826416
0.26010775566101074
0.2661159038543701
0.3621509075164795
0.2526848316192627
0.23970317840576172
0.24074316024780273
0.2488245964050293
0.25573062896728516
0.260098934173584
0.24502253532409668
0.23887300491333008
0.23256707191467285
0.23791813850402832
0.24488401412963867
0.24006342887878418
0.23605823516845703
0.24408674240112305
0.22938275337219238
0.24036598205566406
0.24178576469421387
0.24077391624450684
0.2931678295135498
0.27118468284606934
0.26818227767944336
0.23012423515319824
0.23703646659851074
0.22024130821228027
0.24329042434692383
0.23420429229736328
0.24019312858581543
0.22402572631835938
0.22386717796325684
0.22974586486816406
0.23554682731628418
0.23809576034545898
0.3984665870666504
0.26380109786987305
0.259091854095459
0.25811147689819336
0.22496795654296875
0.2477114200592041
0.23607969284057617
0.23813748359680176
0.2571380138397217
0.23212814331054688
0.2755625247955322
0.24328279495239258
0.24527311325073242
0.24226617813110352
0.23690581321716309
0.2281036376953125
0.2400972843170166
0.25203943252563477
0.24124646186828613
0.24031901359558105
0.23575615882873535
0.23175811767578125
0.2770073413848877
0.27599525451660156
0.27699995040893555
0.2479996681213379
0.23798060417175293
0.29665136337280273
0.2416830062866211
0.24302053451538086
0.28486061096191406
0.28687095642089844
0.29685354232788086
0.2518734931945801
0.2827920913696289
0.30294322967529297
0.27678823471069336
0.24377107620239258
0.2661879062652588
0.24364519119262695
0.2279202938079834
0.24277162551879883
0.2438066005706787
0.24097299575805664
0.22398161888122559
0.23330450057983398
0.23360967636108398
0.24061369895935059
0.23250818252563477
0.24898242950439453
0.23696565628051758
0.24399852752685547
0.2409968376159668
0.2409679889678955
0.23900461196899414
0.23143935203552246
0.23424601554870605
0.28319406509399414
0.238295316696167
0.23975610733032227
0.2547574043273926
0.23975253105163574
0.24932384490966797
0.2917182445526123
0.2851431369781494
0.23606181144714355
0.2300119400024414
0.23388004302978516
0.24713969230651855
0.2587134838104248
0.23401141166687012
0.25954389572143555
0.2616105079650879
0.24159479141235352
0.24180817604064941
0.22978925704956055
0.22986459732055664
0.2378389835357666
0.2369232177734375
0.24396324157714844
0.2374119758605957
0.2450695037841797
0.2599830627441406
0.24088430404663086
0.23684477806091309
0.2341313362121582
0.24236679077148438
0.24118828773498535
0.2380969524383545
0.24809551239013672
0.25473642349243164
0.2334749698638916
0.2311573028564453
0.24135375022888184
0.2432105541229248
0.2365574836730957
0.2545185089111328
0.26470255851745605
0.22339534759521484
0.23789334297180176
0.2878546714782715
0.2558119297027588
0.25850510597229004
0.2275984287261963
0.2505972385406494
0.25033068656921387
0.24223709106445312
0.2362208366394043
0.2442035675048828
0.22393250465393066
0.47509217262268066
0.3500034809112549
0.40300583839416504
0.2804388999938965
0.29141855239868164
0.2614147663116455
0.2834188938140869
0.2894172668457031
0.2410414218902588
0.2379441261291504
0.24390482902526855
0.22618460655212402
0.2479567527770996
0.2544410228729248
0.24158620834350586
0.2735786437988281
0.22116708755493164
0.24718642234802246
0.23810553550720215
0.24241423606872559
0.24442291259765625
0.24907612800598145
0.2409515380859375
0.24061203002929688
0.2359778881072998
0.2530074119567871
0.2741055488586426
0.2502133846282959
0.24163246154785156
0.2438676357269287
0.24837446212768555
0.23628878593444824
0.24523043632507324
0.23691678047180176
0.2369372844696045
0.24669241905212402
0.2436974048614502
0.2312304973602295
0.2532496452331543
0.25844669342041016
0.2406904697418213
0.2605724334716797
0.2665598392486572
0.2785184383392334
0.27407217025756836
0.27907443046569824
0.24107003211975098
0.26515889167785645
0.27658915519714355
0.2705996036529541
0.24159908294677734
0.23206257820129395
0.2352008819580078
0.2384498119354248
0.23733735084533691
0.22282862663269043
0.3012681007385254
0.23684167861938477
0.23876333236694336
0.25504326820373535
0.24501991271972656
0.2554342746734619
0.25449395179748535
0.2604990005493164
0.23139095306396484
0.24998712539672852
0.24200439453125
0.24897170066833496
0.24606657028198242
0.24906635284423828
0.24999022483825684
0.22297263145446777
0.24360322952270508
0.23322153091430664
0.22622990608215332
0.2272958755493164
0.24237895011901855
0.22255301475524902
0.2433948516845703
0.24204611778259277
0.22859644889831543
0.23871779441833496
0.2310953140258789
0.2576885223388672
0.2712540626525879
0.23851799964904785
0.244415283203125
0.26041102409362793
0.23791718482971191
0.2370898723602295
0.24062252044677734
0.25794148445129395
0.26895761489868164
0.2287425994873047
0.245805025100708
0.24485397338867188
0.27550292015075684
0.28445005416870117
0.31171607971191406
0.29572629928588867
0.24643874168395996
0.24336934089660645
0.2580230236053467
0.24193668365478516
0.25303196907043457
0.23784279823303223
0.2389698028564453
0.22896718978881836
0.24202799797058105
0.23799490928649902
0.23603487014770508
0.24531245231628418
0.24634099006652832
0.25834107398986816
0.27134227752685547
0.2553868293762207
0.2410581111907959
0.23477768898010254
0.23123621940612793
0.24229669570922852
0.2253873348236084
0.26026272773742676
0.23443102836608887
0.24536657333374023
0.22164702415466309
0.23293805122375488
0.24161338806152344
0.23166728019714355
0.2506392002105713
0.26038241386413574
0.25336170196533203
0.28238940238952637
0.29918646812438965
0.2224733829498291
0.2314133644104004
0.23689484596252441
0.24094676971435547
0.24503421783447266
0.23203349113464355
0.24988818168640137
0.2410123348236084
0.24470973014831543
0.25673699378967285
0.2667388916015625
0.22777843475341797
0.2507781982421875
0.24439692497253418
0.22422146797180176
0.230241060256958
0.23594450950622559
0.25206685066223145
0.23357558250427246
0.24563145637512207
0.2774031162261963
0.291379451751709
0.25320911407470703
0.2618398666381836
0.2431652545928955
0.24014067649841309
0.23467469215393066
0.24267959594726562
0.2396705150604248
0.23977994918823242
0.24411654472351074
0.2555980682373047
0.23755526542663574
0.2594025135040283
0.23572278022766113
0.2557187080383301
0.254990816116333
0.23979496955871582
0.24830293655395508
0.24637246131896973
0.26537179946899414
0.2873871326446533
0.2663719654083252
0.24000215530395508
0.24284720420837402
0.2426750659942627
0.28276705741882324
0.28177523612976074
0.27159571647644043
0.28662967681884766
0.2896747589111328
0.24308133125305176
0.24201154708862305
0.255054235458374
0.26904821395874023
0.34500885009765625
0.2632746696472168
0.2384965419769287
0.2388145923614502
0.24949216842651367
0.25935888290405273
0.25736021995544434
0.2640197277069092
0.2581796646118164
0.2531571388244629
0.2360236644744873
0.22716951370239258
0.23972153663635254
0.2356889247894287
0.2446889877319336
0.23439669609069824
0.2428593635559082
0.2464616298675537
0.260448694229126
0.24016022682189941
0.27768969535827637
0.2876739501953125
0.24962806701660156
0.2556149959564209
0.257183313369751
0.24036550521850586
0.24134182929992676
0.2669389247894287
0.2639963626861572
0.2329869270324707
0.24044013023376465
0.2767457962036133
0.23267769813537598
0.3360130786895752
0.2518954277038574
0.24925804138183594
0.26650214195251465
0.2387092113494873
0.25876617431640625
0.2350010871887207
0.2579948902130127
0.2500293254852295
0.25702619552612305
0.24401402473449707
0.24390530586242676
0.2525327205657959
0.2510230541229248
0.24300670623779297
0.2676093578338623
0.2356109619140625
0.22814583778381348
0.27823424339294434
0.23421597480773926
0.30322861671447754
0.2863285541534424
0.3464653491973877
0.37749218940734863
0.23069047927856445
0.24586868286132812
0.26387715339660645
0.2851369380950928
0.23455500602722168
0.2534322738647461
0.24778056144714355
0.2467794418334961
0.22735905647277832
0.22649407386779785
0.25351428985595703
0.24101638793945312
0.2510509490966797
0.24518465995788574
0.24919462203979492
0.28016066551208496
0.23798823356628418
0.2225933074951172
0.2659721374511719
0.25872206687927246
0.28296542167663574
0.26604747772216797
0.2610785961151123
0.25241541862487793
0.34434032440185547
0.27753448486328125
0.25354504585266113
0.2615675926208496
0.23489665985107422
0.24566984176635742
0.26166296005249023
0.2373812198638916
0.25403714179992676
0.2320718765258789
0.24421429634094238
0.22829484939575195
0.2283015251159668
0.26262736320495605
0.24562525749206543
0.24602198600769043
0.2461106777191162
0.2412419319152832
0.2500910758972168
0.23818445205688477
0.22203922271728516
0.22260761260986328
0.24666690826416016
0.2386617660522461
0.22601652145385742
0.25045323371887207
0.25710368156433105
0.2423410415649414
0.25081539154052734
0.265777587890625
0.20951175689697266
0.2559058666229248
0.24041390419006348
0.23825883865356445
0.2443990707397461
0.22088265419006348
0.24612998962402344
0.23708200454711914
0.2244422435760498
0.36336302757263184
0.23419785499572754
0.23817110061645508
0.23626399040222168
0.22928214073181152
0.23928141593933105
0.2646358013153076
0.24384689331054688
0.231614351272583
0.28491830825805664
0.3219115734100342
0.28790903091430664
0.2929108142852783
0.25564026832580566
0.23736906051635742
0.24815750122070312
0.2312014102935791
0.26916074752807617
0.3164684772491455
0.252485990524292
0.2482128143310547
0.23442721366882324
0.2488853931427002
0.24943208694458008
0.236130952835083
0.2466733455657959
0.25898098945617676
0.25017237663269043
0.2529892921447754
0.2549891471862793
0.22513628005981445
0.30623698234558105
0.24327468872070312
0.24926233291625977
0.22945690155029297
0.24146318435668945
0.23551297187805176
0.24763059616088867
0.26079583168029785
0.25086164474487305
0.23987293243408203
0.23522114753723145
0.23913025856018066
0.24315595626831055
0.23330450057983398
0.2533431053161621
0.33951544761657715
0.291611909866333
0.268157958984375
0.24018049240112305
0.23342180252075195
0.2256162166595459
0.23134279251098633
0.25220155715942383
0.2321488857269287
0.2420797348022461
0.22699689865112305
0.25088047981262207
0.22308087348937988
0.23973894119262695
0.23769664764404297
0.24489450454711914
0.23041176795959473
0.2666184902191162
0.28362298011779785
0.27895569801330566
0.24599957466125488
0.31595945358276367
0.24898648262023926
0.23298287391662598
0.2370162010192871
0.26747560501098633
0.23348474502563477
0.24956917762756348
0.24267792701721191
0.27297139167785645
0.27496814727783203
0.24596476554870605
0.23061156272888184
0.23342251777648926
0.2527153491973877
0.2220292091369629
0.21706366539001465
0.22743797302246094
0.22970175743103027
0.2384493350982666
0.2695746421813965
0.2585768699645996
0.24692678451538086
0.23754215240478516
0.25048208236694336
0.23659086227416992
0.24518156051635742
0.23717951774597168
0.2281801700592041
0.22501587867736816
0.22800087928771973
0.23806047439575195
0.22118353843688965
0.23110294342041016
0.2537851333618164
0.2422618865966797
0.2543797492980957
0.22332501411437988
0.2558746337890625
0.2448735237121582
0.29502129554748535
0.28441381454467773
0.2794311046600342
0.31201910972595215
0.24296903610229492
0.23999905586242676
0.23402094841003418
0.2608366012573242
0.22938919067382812
0.24637746810913086
0.2417287826538086
0.265289306640625
0.2924308776855469
0.2804439067840576
0.28143811225891113
0.2574944496154785
0.2344954013824463
0.25248003005981445
0.2754096984863281
0.23242592811584473
0.23808598518371582
0.25017571449279785
0.2304704189300537
0.22589421272277832
0.2438971996307373
0.2609536647796631
0.26995086669921875
0.286008358001709
0.23369574546813965
0.2385542392730713
0.22960782051086426
0.2499845027923584
0.25841522216796875
0.28337883949279785
0.2513871192932129
0.22092676162719727
0.26612138748168945
0.23803949356079102
0.2514514923095703
0.25209522247314453
0.23885822296142578
0.2892425060272217
0.2634308338165283
0.292696475982666
0.29769086837768555
0.3127872943878174
0.327761173248291
0.2887887954711914
0.29783177375793457
0.2263011932373047
0.23371434211730957
0.22687959671020508
0.24614620208740234
0.24585175514221191
0.24209189414978027
0.2590177059173584
0.23712491989135742
0.24100351333618164
0.23949456214904785
0.24848079681396484
0.25150227546691895
0.31365108489990234
0.24259686470031738
0.24972319602966309
0.32565975189208984
0.25101518630981445
0.2492992877960205
0.25830817222595215
0.2379295825958252
0.25698304176330566
0.24019217491149902
0.25879454612731934
0.23977184295654297
0.2318270206451416
0.25870752334594727
0.25211524963378906
0.2549307346343994
0.22593426704406738
0.23615169525146484
0.24138259887695312
0.2636129856109619
0.24276208877563477
0.23225164413452148
0.24434614181518555
0.24139809608459473
0.23932456970214844
0.23358750343322754
0.26551365852355957
0.2434091567993164
0.2390453815460205
0.24849987030029297
0.23915433883666992
0.25261878967285156
0.2403578758239746
0.24016427993774414
0.2337944507598877
0.25998353958129883
0.2645254135131836
0.2445204257965088
0.23851513862609863
0.24664759635925293
0.22528481483459473
0.23740863800048828
0.24987483024597168
0.2528045177459717
0.24057722091674805
0.25705742835998535
0.2772367000579834
0.24300742149353027
0.239410400390625
0.25690698623657227
0.23676705360412598
0.24068975448608398
0.2481238842010498
