0.26981306076049805
0.23076725006103516
0.26570868492126465
0.2647109031677246
0.23950552940368652
0.24366116523742676
0.23897862434387207
0.26410984992980957
0.23963618278503418
0.2573120594024658
0.2399599552154541
0.24211835861206055
0.2601006031036377
0.3206775188446045
0.27082061767578125
0.26055073738098145
0.2528500556945801
0.24048280715942383
0.2520012855529785
0.24346661567687988
0.2368767261505127
0.2577340602874756
0.24272942543029785
0.2543354034423828
0.23917531967163086
0.23954129219055176
0.23902535438537598
0.24005579948425293
0.23352313041687012
0.24010777473449707
0.23944401741027832
0.2410738468170166
0.2623767852783203
0.2628047466278076
0.2606797218322754
0.2530663013458252
0.24282169342041016
0.23740363121032715
0.24252986907958984
0.24297022819519043
0.2956376075744629
0.25442004203796387
0.2675597667694092
0.2475447654724121
0.24008607864379883
0.22390270233154297
0.2547018527984619
0.25400876998901367
0.2464580535888672
0.2513697147369385
0.29883813858032227
0.2380359172821045
0.24892306327819824
0.24194812774658203
0.40113282203674316
0.24084997177124023
0.24196434020996094
0.23137855529785156
0.24126601219177246
0.22950458526611328
0.24086284637451172
0.23738336563110352
0.25494956970214844
0.24389886856079102
0.2436375617980957
0.2472083568572998
0.2618386745452881
0.24895143508911133
0.2410438060760498
0.28083038330078125
0.4439890384674072
0.25344228744506836
0.23635005950927734
0.23405671119689941
0.24274158477783203
0.2689521312713623
0.2503812313079834
0.24078869819641113
0.23654603958129883
0.2359325885772705
0.2391669750213623
0.2356574535369873
0.2832159996032715
0.26613545417785645
0.27161097526550293
0.23900866508483887
0.24152636528015137
0.2370162010192871
0.2431488037109375
0.2823662757873535
0.23743748664855957
0.24454593658447266
0.2774820327758789
0.2689380645751953
0.23559141159057617
0.24099230766296387
0.23996329307556152
0.24830842018127441
0.23128080368041992
0.2987334728240967
0.24221229553222656
0.2477586269378662
0.2406601905822754
0.25338029861450195
0.27199435234069824
0.25528860092163086
0.22866320610046387
0.23135018348693848
0.24392414093017578
0.27913546562194824
0.2677791118621826
0.24047088623046875
0.23998498916625977
0.25966715812683105
0.23955154418945312
0.2559702396392822
0.2511897087097168
0.242997407913208
0.2514667510986328
0.2440030574798584
0.23798823356628418
0.2449650764465332
0.22629308700561523
0.24302005767822266
0.2639963626861572
0.23860669136047363
0.24411582946777344
0.24420809745788574
0.2669053077697754
0.23836016654968262
0.26297950744628906
0.24000024795532227
0.24096131324768066
0.24268412590026855
0.2435009479522705
0.23700952529907227
0.2912285327911377
0.2400057315826416
0.29877233505249023
0.24780511856079102
0.25287842750549316
0.2396399974822998
0.24016571044921875
0.26311230659484863
0.24530935287475586
0.24845433235168457
0.2609062194824219
0.24524664878845215
0.2422168254852295
0.2425220012664795
0.2503020763397217
0.24759936332702637
0.24335694313049316
0.24397778511047363
0.2514963150024414
0.25241875648498535
0.2491304874420166
0.2460777759552002
0.268798828125
0.23961472511291504
0.2404005527496338
0.23571324348449707
0.24081683158874512
0.25771284103393555
0.26355886459350586
0.26337742805480957
0.23879599571228027
0.23637008666992188
0.25504112243652344
0.23982739448547363
0.24040961265563965
0.2985525131225586
0.23750853538513184
0.2918550968170166
0.2658507823944092
0.2424173355102539
0.2861757278442383
0.25080084800720215
0.23847484588623047
0.24170422554016113
0.2647702693939209
0.27062249183654785
0.2430579662322998
0.24193501472473145
0.2360072135925293
0.26492929458618164
0.25975489616394043
0.2632632255554199
0.26493215560913086
0.23871827125549316
0.24210572242736816
0.24127602577209473
0.2560880184173584
0.23374557495117188
0.2593371868133545
0.24603605270385742
0.2379465103149414
0.26552557945251465
0.26017332077026367
0.25270509719848633
0.26300954818725586
0.2480027675628662
0.24402856826782227
0.28926658630371094
0.25109100341796875
0.27481532096862793
0.23977923393249512
0.24833202362060547
0.244276762008667
0.24895000457763672
0.24618935585021973
0.2606663703918457
0.28752994537353516
0.2562839984893799
0.24158358573913574
0.2570180892944336
0.2548809051513672
0.24402189254760742
0.26323366165161133
0.36229729652404785
0.26110076904296875
0.26892685890197754
0.24486374855041504
0.2410736083984375
0.2636234760284424
0.2358231544494629
0.2379753589630127
0.2465512752532959
0.2405240535736084
0.2378678321838379
0.23778557777404785
0.25385141372680664
0.2378087043762207
0.4614448547363281
0.23445367813110352
0.23872828483581543
0.2567565441131592
0.22895026206970215
0.23943305015563965
0.24206876754760742
0.2600672245025635
0.2844705581665039
0.2527906894683838
0.2535567283630371
0.2633321285247803
0.2387218475341797
0.24102187156677246
0.25551605224609375
0.24822425842285156
0.260267972946167
0.44124531745910645
0.2691199779510498
0.2765309810638428
0.24271583557128906
0.24637651443481445
0.25286221504211426
0.24414610862731934
0.26529359817504883
0.3039371967315674
0.28227972984313965
0.2467648983001709
0.2520105838775635
0.2941288948059082
0.26093578338623047
0.24500155448913574
0.2433335781097412
0.25008344650268555
0.290255069732666
0.23993778228759766
0.2696831226348877
0.25931835174560547
0.25528764724731445
0.28604865074157715
0.2668650150299072
0.31766319274902344
0.2506253719329834
0.25252294540405273
0.2490091323852539
0.24542570114135742
0.2437434196472168
0.24100065231323242
0.25589871406555176
0.28847312927246094
0.24304938316345215
0.239654541015625
0.26568007469177246
0.2664334774017334
0.24204301834106445
0.264995813369751
0.2409970760345459
0.24254393577575684
0.25359463691711426
0.2467517852783203
0.24085164070129395
0.26531052589416504
0.2440783977508545
0.242919921875
0.24231958389282227
0.24561786651611328
0.23700809478759766
