0.25647521018981934
0.25818395614624023
0.24358391761779785
0.2583348751068115
0.27317166328430176
0.24692726135253906
0.25150394439697266
0.24665403366088867
0.24308514595031738
0.24819326400756836
0.2619338035583496
0.25064611434936523
0.25440454483032227
0.2649862766265869
0.24633193016052246
0.2663722038269043
0.2458937168121338
0.23989105224609375
0.2526979446411133
0.24501419067382812
0.2386484146118164
0.27109861373901367
0.2619013786315918
0.2359473705291748
0.24257969856262207
0.2499701976776123
0.2505049705505371
0.24472475051879883
0.25283312797546387
0.24413394927978516
0.24350571632385254
0.25331664085388184
0.24742650985717773
0.274890661239624
0.24339938163757324
0.3577239513397217
0.3316917419433594
0.24689054489135742
0.24663424491882324
0.23774409294128418
0.2625389099121094
0.24769186973571777
0.2516515254974365
0.24869012832641602
0.2686779499053955
0.265566349029541
0.26396656036376953
0.263150691986084
0.2663140296936035
0.2533905506134033
0.24491310119628906
0.247359037399292
0.24450111389160156
0.2447659969329834
0.2617971897125244
0.24818015098571777
0.2683067321777344
0.2507438659667969
0.267636775970459
0.24664998054504395
0.27210187911987305
0.24561619758605957
0.24699974060058594
0.2569999694824219
0.25099802017211914
0.2413170337677002
0.25252389907836914
0.2404954433441162
0.23842883110046387
0.2600588798522949
0.24519634246826172
0.23768043518066406
0.2359926700592041
0.23248529434204102
0.23911809921264648
0.2550849914550781
0.25719523429870605
0.23288369178771973
0.241851806640625
0.25269389152526855
0.22142362594604492
0.26018476486206055
0.25769877433776855
0.2570810317993164
0.23205995559692383
0.24408555030822754
0.2586944103240967
0.2429041862487793
0.25588488578796387
0.2407243251800537
0.2611565589904785
0.26398229598999023
0.24098610877990723
0.24229907989501953
0.2652113437652588
0.24991750717163086
0.27832508087158203
0.24988722801208496
0.2598259449005127
0.2452554702758789
0.25293850898742676
0.24315452575683594
0.24413156509399414
0.2524707317352295
0.24585938453674316
0.24463462829589844
0.25794196128845215
0.24190878868103027
0.2541022300720215
0.244767427444458
0.2448735237121582
0.2507495880126953
0.27163124084472656
0.25539731979370117
0.26908135414123535
0.26665639877319336
0.24590301513671875
0.24442648887634277
0.2280263900756836
0.24311351776123047
0.26228833198547363
0.25191211700439453
0.24729299545288086
0.2384960651397705
0.2924180030822754
0.267627477645874
0.30197954177856445
0.27301931381225586
0.2499547004699707
0.23994040489196777
0.23717403411865234
0.26214170455932617
0.2841329574584961
0.23214483261108398
0.24500155448913574
0.26909899711608887
0.24742698669433594
0.24491238594055176
0.26299238204956055
0.2490062713623047
0.2428145408630371
0.2670156955718994
0.2586982250213623
0.3026750087738037
0.25949549674987793
0.2406301498413086
0.24201393127441406
0.23793601989746094
0.24858975410461426
0.2558410167694092
0.27984046936035156
0.2661571502685547
0.24251174926757812
0.24352717399597168
0.25093984603881836
0.27723169326782227
0.29410505294799805
0.2616097927093506
0.24052739143371582
0.25447535514831543
0.2426607608795166
0.25382065773010254
0.24996566772460938
0.24499273300170898
0.23900341987609863
0.259258508682251
0.24340128898620605
0.25226426124572754
0.24532318115234375
0.25640034675598145
0.3173809051513672
0.2376246452331543
0.25367259979248047
0.24604392051696777
0.24167609214782715
0.37345385551452637
0.25777244567871094
0.24490737915039062
0.24667644500732422
0.24218058586120605
0.24413847923278809
0.2930908203125
0.3040890693664551
0.2479536533355713
0.2574594020843506
0.24077844619750977
0.2622699737548828
0.24873661994934082
0.24240493774414062
0.24411511421203613
0.24941515922546387
0.2245345115661621
0.241180419921875
0.2557835578918457
0.2466435432434082
0.24368691444396973
0.2764749526977539
0.24041986465454102
0.24657773971557617
0.2411649227142334
0.26604509353637695
0.27803826332092285
0.2609884738922119
0.25075554847717285
0.34458112716674805
0.27824854850769043
0.24727082252502441
0.2509582042694092
0.23830842971801758
0.2407059669494629
0.28667497634887695
0.2407238483428955
0.2444005012512207
0.2613823413848877
0.24466228485107422
0.24993276596069336
0.23480892181396484
0.27346348762512207
0.23178982734680176
0.23815226554870605
0.30014657974243164
0.26770782470703125
0.24236559867858887
0.2472846508026123
0.2420511245727539
0.23991084098815918
0.24250173568725586
0.23834514617919922
0.24623346328735352
0.2757093906402588
0.24181318283081055
0.2624490261077881
0.2624490261077881
0.2668161392211914
0.23921656608581543
0.24549078941345215
0.24538516998291016
0.25623416900634766
0.30220580101013184
0.24320530891418457
0.23344182968139648
0.2551610469818115
0.2651708126068115
0.2559370994567871
0.25789642333984375
0.2588956356048584
0.24589848518371582
0.2468557357788086
0.2467365264892578
0.24668598175048828
0.25211095809936523
0.2357180118560791
0.24886870384216309
0.24443721771240234
0.24975132942199707
0.2494351863861084
0.2567484378814697
0.262984037399292
0.25402235984802246
0.24525761604309082
0.2626988887786865
0.25216054916381836
0.3091418743133545
0.2555265426635742
0.24394512176513672
0.24017953872680664
0.23731613159179688
0.24375367164611816
0.24834537506103516
0.2485044002532959
0.23749208450317383
0.24618101119995117
0.2444455623626709
0.24003958702087402
0.2559826374053955
0.2769956588745117
0.24393749237060547
0.2617628574371338
0.26285219192504883
0.2461872100830078
0.27123522758483887
0.2574148178100586
0.24969935417175293
0.2668488025665283
0.26972031593322754
0.24707674980163574
0.254169225692749
0.2951662540435791
0.2517378330230713
0.26255226135253906
0.2341785430908203
0.25023794174194336
0.2325289249420166
0.2621326446533203
0.24368524551391602
0.2413184642791748
0.24836993217468262
0.25156164169311523
0.2451333999633789
0.24380898475646973
0.5841639041900635
0.2711803913116455
0.2630646228790283
0.26695799827575684
0.24590706825256348
0.25992393493652344
0.24895095825195312
0.24425959587097168
0.2277071475982666
0.25329089164733887
0.2456188201904297
0.2419300079345703
0.23985075950622559
0.28170180320739746
0.23680496215820312
0.2520430088043213
0.2480454444885254
0.2547190189361572
0.2566227912902832
0.2918074131011963
0.2463362216949463
0.23952507972717285
0.23542332649230957
0.2389075756072998
0.22998046875
0.27055978775024414
0.2515289783477783
0.24884033203125
3.640514373779297
3.653867483139038
1.125291347503662
0.7779006958007812
3.28743052482605
1.46616530418396
3.444469690322876
3.335430145263672
2.490196943283081
2.810460329055786
0.7939341068267822
3.6043710708618164
2.3131918907165527
1.522792100906372
1.5158514976501465
2.0533783435821533
2.161724328994751
0.48294615745544434
2.872133731842041
0.4880094528198242
0.23830747604370117
0.23931121826171875
0.4356553554534912
0.24111437797546387
0.243269681930542
0.2303628921508789
0.2550668716430664
0.2504143714904785
0.26665163040161133
0.25673985481262207
0.24318695068359375
0.2390766143798828
0.23760771751403809
0.24803924560546875
0.26466846466064453
0.25019216537475586
0.2368602752685547
0.23923230171203613
0.23621392250061035
0.22966289520263672
0.23608946800231934
0.3558235168457031
0.24740171432495117
0.24356508255004883
0.2522861957550049
0.26229310035705566
0.24389934539794922
0.23291730880737305
0.23938608169555664
0.24872541427612305
0.2608318328857422
0.31089305877685547
0.27590513229370117
0.2829000949859619
0.2259657382965088
0.24279260635375977
0.2448267936706543
0.25424647331237793
0.24359965324401855
0.2983367443084717
0.26534247398376465
0.27765345573425293
0.25685667991638184
0.25740909576416016
0.3549003601074219
0.2544889450073242
0.2789614200592041
0.6968574523925781
0.745232343673706
0.6251749992370605
0.3408851623535156
0.2699882984161377
0.24236845970153809
0.23923730850219727
0.8868968486785889
0.3708629608154297
1.048732042312622
1.2749927043914795
1.4046523571014404
0.7394261360168457
0.40033864974975586
0.5799543857574463
0.46930766105651855
0.5249667167663574
0.33652353286743164
0.2725498676300049
0.37851881980895996
0.22344326972961426
0.2420823574066162
0.2543628215789795
0.23294639587402344
0.26375794410705566
0.2563469409942627
0.2658824920654297
0.25623011589050293
0.34198594093322754
0.33917951583862305
0.3022012710571289
0.2577340602874756
0.47031259536743164
0.3308732509613037
0.23746728897094727
0.8413288593292236
0.7137682437896729
0.8930068016052246
0.6367263793945312
0.47420454025268555
0.4397404193878174
0.3797011375427246
0.3457355499267578
0.5334789752960205
0.3812391757965088
0.40258097648620605
0.4025857448577881
0.27678751945495605
0.2618405818939209
0.28778719902038574
0.26521730422973633
0.25172972679138184
0.2232508659362793
0.2444453239440918
0.24195265769958496
0.2491893768310547
0.25061464309692383
0.2606010437011719
0.2647359371185303
0.24452924728393555
0.23487544059753418
0.22549724578857422
0.25299620628356934
0.23896098136901855
0.21799802780151367
0.24006319046020508
0.24457573890686035
0.34906768798828125
0.22932887077331543
0.2285923957824707
0.24965786933898926
0.25769472122192383
0.2366943359375
0.24739813804626465
0.2504723072052002
0.27715516090393066
0.2351977825164795
0.24889373779296875
0.2546670436859131
0.22208809852600098
0.23414921760559082
0.22896790504455566
0.23430156707763672
0.30265331268310547
0.2686896324157715
0.26166462898254395
0.22980260848999023
0.2466437816619873
0.22947430610656738
0.23911190032958984
0.24908065795898438
0.24781441688537598
0.23786258697509766
0.24768710136413574
0.27170276641845703
0.23595643043518066
0.2530248165130615
0.26016712188720703
0.2721710205078125
0.2505638599395752
0.23696637153625488
0.24112534523010254
0.23167872428894043
0.32070064544677734
0.2761037349700928
0.2880673408508301
0.24273180961608887
0.23294639587402344
0.28853511810302734
0.29051637649536133
0.25456929206848145
0.23099327087402344
0.2339801788330078
0.22974395751953125
0.2504088878631592
0.2804117202758789
0.2673206329345703
0.23914289474487305
0.24300146102905273
0.24040508270263672
0.22795367240905762
0.2211592197418213
0.23845314979553223
0.2305305004119873
0.2755410671234131
0.2526266574859619
0.28220081329345703
0.22959232330322266
0.23106145858764648
0.2531735897064209
0.2293686866760254
0.23117518424987793
0.2691929340362549
0.2164783477783203
0.25927162170410156
0.24146771430969238
0.23630785942077637
0.2546389102935791
0.23895931243896484
0.24294567108154297
0.22063922882080078
0.23291468620300293
0.24352335929870605
0.23323988914489746
0.22664642333984375
0.24483680725097656
0.24360275268554688
0.2314436435699463
0.24650359153747559
0.27814531326293945
0.2364804744720459
0.2324540615081787
0.23757076263427734
0.23679757118225098
0.2908191680908203
0.23130464553833008
0.2348496913909912
0.24010777473449707
0.2829477787017822
0.24182510375976562
0.2340700626373291
0.2347884178161621
0.2414076328277588
0.2548985481262207
0.26581692695617676
0.2246253490447998
0.23414301872253418
0.24585604667663574
0.23956537246704102
0.24112200736999512
0.22397565841674805
0.2500119209289551
0.25501561164855957
0.23528528213500977
0.2845020294189453
0.24288511276245117
0.25658273696899414
0.23749518394470215
0.23347759246826172
0.25320982933044434
0.2561838626861572
0.24715495109558105
0.2641143798828125
0.24309015274047852
0.2433474063873291
0.2519111633300781
0.2649576663970947
0.23436236381530762
0.2366485595703125
0.2737996578216553
0.25435638427734375
0.23828649520874023
0.2673051357269287
0.2632408142089844
0.27910399436950684
0.2668190002441406
0.23810482025146484
0.2589681148529053
0.23144197463989258
0.24646997451782227
0.23685073852539062
0.24186444282531738
0.3008575439453125
0.2435157299041748
0.24667978286743164
0.24772238731384277
0.3087000846862793
0.24542665481567383
0.2555820941925049
0.24106192588806152
0.25409388542175293
0.24852657318115234
0.2573380470275879
0.23917341232299805
0.27027249336242676
0.2472376823425293
0.2252669334411621
0.24853229522705078
0.25546908378601074
0.26427578926086426
0.25527238845825195
0.2492516040802002
0.24741673469543457
0.2471330165863037
0.2490227222442627
0.23787903785705566
0.2691202163696289
0.24145817756652832
0.2575850486755371
0.24388337135314941
0.23620915412902832
0.36478686332702637
0.32279300689697266
0.285738468170166
0.24974679946899414
0.2335672378540039
0.25539207458496094
0.24733734130859375
0.23736262321472168
0.25391721725463867
0.25490713119506836
0.23646068572998047
0.22526073455810547
0.260148286819458
0.2931251525878906
0.298999547958374
0.23296260833740234
0.29420995712280273
0.3052525520324707
0.2512845993041992
0.23348021507263184
0.2504868507385254
0.26160573959350586
0.23314547538757324
0.2490701675415039
0.2483518123626709
0.29008936882019043
0.2694816589355469
0.2824821472167969
0.23039603233337402
0.23972010612487793
0.24290871620178223
0.25322842597961426
0.24676847457885742
0.22974467277526855
0.21634697914123535
0.23879218101501465
0.28707098960876465
0.24480962753295898
0.2476198673248291
0.2129054069519043
0.24566173553466797
0.24010396003723145
0.2377631664276123
0.2263045310974121
0.23571443557739258
0.2291102409362793
0.25105857849121094
0.22664642333984375
0.24765872955322266
0.2656280994415283
0.2357194423675537
0.22884273529052734
0.23808503150939941
0.23058557510375977
0.25963783264160156
0.2605292797088623
0.29710912704467773
0.23031258583068848
0.24371838569641113
0.2521352767944336
0.2324509620666504
0.2296924591064453
0.24614739418029785
0.24560308456420898
0.2626049518585205
0.24058008193969727
0.24268746376037598
0.3381638526916504
0.3022029399871826
0.2639892101287842
0.21758651733398438
0.23454022407531738
0.25028395652770996
0.27086901664733887
0.22406983375549316
0.24409198760986328
0.24253034591674805
0.23656797409057617
0.2519540786743164
0.22705316543579102
0.2299797534942627
0.2422041893005371
0.23734712600708008
0.28070855140686035
0.389026403427124
0.2436819076538086
0.23145556449890137
0.23813462257385254
0.25240254402160645
0.2326815128326416
0.25688672065734863
0.27422070503234863
0.23502874374389648
0.269761323928833
0.24118423461914062
0.25456666946411133
0.2565650939941406
0.2445361614227295
0.26516246795654297
0.2515428066253662
0.24420642852783203
0.25607848167419434
0.2442643642425537
0.2579526901245117
0.24416589736938477
0.2453451156616211
0.24887347221374512
0.24653291702270508
0.2650301456451416
0.27898502349853516
0.24490928649902344
0.2321164608001709
0.25231003761291504
0.23831820487976074
0.23583555221557617
0.2509772777557373
0.2398676872253418
0.22787022590637207
0.25422239303588867
0.2668612003326416
0.2502305507659912
0.2639951705932617
0.2592437267303467
0.24607419967651367
0.24567461013793945
0.2493600845336914
0.24357891082763672
0.24698734283447266
0.27333760261535645
0.3194563388824463
0.2643296718597412
0.2606532573699951
0.24296092987060547
0.24358344078063965
0.2623751163482666
0.24477291107177734
0.24508929252624512
0.25610828399658203
0.24978852272033691
0.2427072525024414
0.24166059494018555
0.2293708324432373
0.24675941467285156
0.2594444751739502
0.31485891342163086
0.24231314659118652
0.22748327255249023
0.22804689407348633
0.2533233165740967
0.2374880313873291
0.2651951313018799
0.26781558990478516
0.2378833293914795
0.2433335781097412
0.23385930061340332
0.2837035655975342
0.22998857498168945
0.23996281623840332
0.24343037605285645
0.2403421401977539
0.2716856002807617
0.24188017845153809
0.30382633209228516
0.24126696586608887
0.23968219757080078
0.2492198944091797
0.2352457046508789
0.2557961940765381
0.28037333488464355
0.26392340660095215
0.24901747703552246
0.24416041374206543
0.23562049865722656
0.2950265407562256
0.24410581588745117
0.235762357711792
0.2493908405303955
0.2640807628631592
0.28810834884643555
0.24485230445861816
0.24419546127319336
0.25189852714538574
0.25069665908813477
0.27186059951782227
0.2598907947540283
0.24816679954528809
0.27336788177490234
0.2353510856628418
0.24866294860839844
0.2362213134765625
0.22685599327087402
0.2429981231689453
0.23381829261779785
0.23622989654541016
0.23978137969970703
0.2369978427886963
0.24178791046142578
0.23900723457336426
0.24033522605895996
0.24207758903503418
0.2741379737854004
0.2308042049407959
0.2567565441131592
0.2635679244995117
0.23935794830322266
0.22570133209228516
0.24722766876220703
0.2386033535003662
0.26604390144348145
0.24305248260498047
0.25687575340270996
0.2439441680908203
0.22337746620178223
0.25850820541381836
0.2708854675292969
0.2774965763092041
0.2374279499053955
0.2623720169067383
0.27953100204467773
0.23655986785888672
0.2351071834564209
0.2440166473388672
0.2564835548400879
0.24962592124938965
0.24003839492797852
0.2605874538421631
0.24284672737121582
0.23502683639526367
0.24639225006103516
0.2285909652709961
0.2533090114593506
0.2585117816925049
0.2638731002807617
0.25106000900268555
0.2723197937011719
0.24251222610473633
0.24027681350708008
0.22575068473815918
0.23941445350646973
0.2534618377685547
0.2710578441619873
0.24892401695251465
0.2240455150604248
0.2416384220123291
0.23186635971069336
0.2636606693267822
0.25624656677246094
0.23958635330200195
0.23276567459106445
0.2210371494293213
0.29405808448791504
0.2661283016204834
0.25290894508361816
0.26022839546203613
0.2960188388824463
0.25701165199279785
0.2484443187713623
0.2605867385864258
0.2429976463317871
0.24271583557128906
0.23207783699035645
0.22610020637512207
0.305788516998291
0.25886011123657227
0.26689696311950684
0.23515033721923828
0.2408454418182373
0.22185611724853516
0.22976136207580566
0.2347550392150879
0.23072075843811035
0.26662468910217285
0.24961519241333008
0.288036584854126
0.2808401584625244
0.2647120952606201
0.23791813850402832
0.2942845821380615
0.24109172821044922
0.24042820930480957
0.25348973274230957
0.2612478733062744
0.22997450828552246
0.24651575088500977
0.29038071632385254
0.234391450881958
0.2738666534423828
0.24089598655700684
0.2685844898223877
0.23165297508239746
0.2708570957183838
0.24437689781188965
0.2571396827697754
0.26076340675354004
0.23993968963623047
0.24115657806396484
0.25174498558044434
0.2926511764526367
0.2268049716949463
0.29116344451904297
0.2607431411743164
0.23621559143066406
0.24378442764282227
0.26067447662353516
0.3812992572784424
0.31516480445861816
0.3882632255554199
0.2851088047027588
0.2679281234741211
0.2714412212371826
0.2714395523071289
0.2567319869995117
0.24733352661132812
0.2455158233642578
0.2271411418914795
0.2650187015533447
0.24758577346801758
0.28044795989990234
0.28145432472229004
0.2530691623687744
0.23982787132263184
0.24756765365600586
0.24622511863708496
0.2643735408782959
0.25392913818359375
0.23355865478515625
0.23788738250732422
0.26697850227355957
0.24327945709228516
0.27930569648742676
0.2278916835784912
0.2918734550476074
0.271467924118042
0.23697853088378906
0.2547171115875244
0.23374176025390625
0.23356151580810547
0.24549221992492676
0.2703540325164795
0.23897671699523926
0.24156928062438965
0.24864912033081055
0.23856329917907715
0.24302124977111816
0.28659605979919434
0.244215726852417
0.26313209533691406
0.2563924789428711
0.26785707473754883
0.254772424697876
0.23950862884521484
0.24227023124694824
0.26248645782470703
0.24089884757995605
0.24227499961853027
0.23923301696777344
0.26305317878723145
0.2610461711883545
0.24616599082946777
0.25394558906555176
0.24576902389526367
0.23979687690734863
0.28903627395629883
0.25588417053222656
0.24582982063293457
0.25359010696411133
0.2406308650970459
0.3045313358306885
0.2605299949645996
0.31587958335876465
0.2449965476989746
0.22973275184631348
0.2358694076538086
0.25087594985961914
0.24477052688598633
0.24898886680603027
0.2625126838684082
0.2465043067932129
0.22450995445251465
0.23895645141601562
0.2455277442932129
0.259357213973999
0.2441246509552002
0.23778605461120605
0.23549437522888184
0.2223200798034668
0.23855209350585938
0.24273276329040527
0.24370169639587402
0.2360687255859375
0.23295307159423828
0.22606635093688965
0.23182106018066406
0.24523472785949707
0.28423500061035156
0.25199365615844727
0.23887991905212402
0.25365185737609863
0.2467195987701416
0.24371910095214844
0.25856971740722656
0.24519991874694824
0.26930713653564453
0.23010921478271484
0.2570455074310303
0.26601314544677734
0.23491334915161133
0.24825549125671387
0.23299288749694824
0.22304821014404297
0.2183060646057129
0.22936487197875977
0.24368643760681152
0.2640833854675293
0.25105834007263184
0.27669858932495117
0.24273133277893066
0.2571382522583008
0.28612542152404785
0.23598051071166992
0.23972511291503906
0.2323300838470459
0.24178600311279297
0.2467336654663086
0.2353229522705078
0.26090216636657715
0.2273111343383789
0.22387194633483887
0.2187185287475586
0.2582387924194336
0.2375028133392334
0.24579095840454102
0.2387402057647705
0.24480009078979492
0.27452826499938965
0.24448871612548828
0.2354884147644043
0.25000977516174316
0.24199724197387695
0.2385416030883789
0.226271390914917
0.2510373592376709
0.23568224906921387
0.24054503440856934
0.24329710006713867
0.22339320182800293
0.2245044708251953
0.22554469108581543
0.22756648063659668
0.2550051212310791
0.23743176460266113
0.2630026340484619
0.26244640350341797
0.22946906089782715
0.255124568939209
0.23766088485717773
0.24614953994750977
0.21803808212280273
0.23089861869812012
0.2752950191497803
0.2669668197631836
0.25202274322509766
0.23131060600280762
0.2250537872314453
0.27481555938720703
0.2308206558227539
0.24297690391540527
0.2500455379486084
0.2755265235900879
0.2203226089477539
0.2813832759857178
0.235595703125
0.22531652450561523
0.23132753372192383
0.2536759376525879
0.22974729537963867
0.22465753555297852
0.22814273834228516
0.2381439208984375
0.24665594100952148
0.2378838062286377
0.23614072799682617
0.2899363040924072
0.2280895709991455
0.23524117469787598
0.23776555061340332
0.21489644050598145
0.25758910179138184
0.23319292068481445
0.21825528144836426
0.24407291412353516
0.2594177722930908
0.2991955280303955
0.23919343948364258
0.2594740390777588
0.24055886268615723
0.22650694847106934
0.24734139442443848
0.39443373680114746
0.2429959774017334
0.2310929298400879
0.2195723056793213
0.22435331344604492
0.24049711227416992
0.26282715797424316
0.22070002555847168
0.23878240585327148
0.23883938789367676
0.22949600219726562
0.2563951015472412
0.23436713218688965
0.23927021026611328
0.2434098720550537
0.24305963516235352
0.24137306213378906
0.24899578094482422
0.24404358863830566
0.23762917518615723
0.2241501808166504
0.2392122745513916
0.2519540786743164
0.2798886299133301
0.23237967491149902
0.2546119689941406
0.27036547660827637
0.23788046836853027
0.25647854804992676
0.25861668586730957
0.2666599750518799
0.26164865493774414
0.23067522048950195
0.34920358657836914
0.2585721015930176
0.22788238525390625
0.2794976234436035
0.22570085525512695
0.26073598861694336
0.24976897239685059
0.23999714851379395
0.3317868709564209
0.4033238887786865
0.2593533992767334
0.23300528526306152
0.27562904357910156
0.2562375068664551
0.2523922920227051
0.2431480884552002
0.23764276504516602
0.2351546287536621
0.25769686698913574
0.2693355083465576
0.24758410453796387
0.24684667587280273
0.2510848045349121
0.24502801895141602
0.25205516815185547
0.2531745433807373
0.28421831130981445
0.24356985092163086
0.24176836013793945
0.24412798881530762
0.2929847240447998
0.21478724479675293
0.2376699447631836
0.37202954292297363
0.2409365177154541
0.2431645393371582
0.23843145370483398
0.24909734725952148
0.24825716018676758
0.262462854385376
0.24422502517700195
0.3889772891998291
0.24357986450195312
