0.24775934219360352
0.24095988273620605
0.2646615505218506
0.24126911163330078
0.23627924919128418
0.23528552055358887
0.23842763900756836
0.23853063583374023
0.23976874351501465
0.24064898490905762
0.2440345287322998
0.24574637413024902
0.24612951278686523
0.24627399444580078
0.23735308647155762
0.23041653633117676
0.2432727813720703
0.23916244506835938
0.24660873413085938
0.23356032371520996
0.23624324798583984
0.24719595909118652
0.24587297439575195
0.24300122261047363
0.24192523956298828
0.24721240997314453
0.24124956130981445
0.25436854362487793
0.2387070655822754
0.2526407241821289
0.257190465927124
0.2519087791442871
0.2579481601715088
0.24438142776489258
0.2788245677947998
0.2828195095062256
0.26151347160339355
0.23813724517822266
0.24759268760681152
0.2352762222290039
0.2458803653717041
0.25712108612060547
0.2406308650970459
0.24362993240356445
0.246504545211792
0.2723555564880371
0.3206210136413574
0.2641167640686035
0.37090206146240234
0.2349870204925537
0.2366013526916504
0.24395370483398438
0.2454204559326172
0.24092984199523926
0.24066162109375
0.23836779594421387
0.24015283584594727
0.24908185005187988
0.2753291130065918
0.2629368305206299
0.24257946014404297
0.263263463973999
0.2409377098083496
0.23010039329528809
0.24706363677978516
0.2475266456604004
0.24093389511108398
0.25478363037109375
0.24031519889831543
0.24108266830444336
0.2365398406982422
0.24670076370239258
0.24140620231628418
0.24651312828063965
0.23623895645141602
0.22878026962280273
0.26050853729248047
0.25119733810424805
0.2396233081817627
0.2611386775970459
0.26969218254089355
0.26083874702453613
0.24320483207702637
0.24863386154174805
0.2845158576965332
0.2586531639099121
0.2577962875366211
0.2587001323699951
0.2289586067199707
0.23734545707702637
0.2465050220489502
0.24021148681640625
0.24265551567077637
0.24525070190429688
0.24248766899108887
0.24091219902038574
0.2439265251159668
0.2570013999938965
0.24167108535766602
0.27355122566223145
0.26363182067871094
0.26547837257385254
0.24052882194519043
0.24001741409301758
0.2980072498321533
0.24698257446289062
0.2487950325012207
0.2662677764892578
0.2517671585083008
0.24674034118652344
0.2404177188873291
0.25609850883483887
0.24298572540283203
0.24430298805236816
0.25023388862609863
0.2548081874847412
0.24332213401794434
0.2600586414337158
0.24464917182922363
0.250795841217041
0.24335408210754395
0.2427515983581543
0.2463667392730713
0.2563974857330322
0.2753927707672119
0.24004697799682617
0.2454681396484375
0.24235320091247559
0.2566194534301758
0.22913503646850586
0.23868799209594727
0.24515986442565918
0.2591681480407715
0.22632575035095215
0.24629783630371094
0.23970389366149902
0.23876023292541504
0.24103713035583496
0.24644088745117188
0.2492976188659668
0.2728273868560791
0.24786639213562012
0.24705958366394043
0.2362821102142334
0.24180960655212402
0.24062681198120117
0.26061367988586426
0.24108624458312988
0.24805355072021484
0.26372861862182617
0.2309880256652832
0.2644062042236328
0.2535879611968994
0.26534557342529297
0.2593228816986084
0.24034786224365234
0.2415304183959961
0.24091649055480957
0.2393817901611328
0.24099969863891602
0.24174284934997559
0.26818084716796875
0.26853418350219727
0.22892069816589355
0.2771878242492676
0.26600050926208496
0.2701137065887451
0.2368755340576172
0.2499525547027588
0.23994064331054688
0.2687222957611084
0.2572765350341797
0.2486426830291748
0.26944732666015625
0.23911499977111816
0.28496813774108887
0.2510380744934082
0.27028703689575195
0.23816871643066406
0.25206756591796875
0.25194764137268066
0.33392786979675293
0.3486487865447998
0.2659599781036377
0.2348165512084961
0.2518324851989746
0.26073527336120605
0.2590146064758301
0.23604726791381836
0.24325966835021973
0.23885416984558105
0.2368755340576172
0.24173641204833984
0.2715625762939453
0.2789945602416992
0.2314603328704834
0.26155614852905273
0.24848628044128418
0.24960780143737793
0.24237847328186035
0.2515125274658203
0.2509286403656006
0.2541325092315674
0.23015403747558594
0.24354076385498047
0.2619156837463379
0.2641947269439697
0.2672567367553711
0.24913430213928223
0.2550499439239502
0.27304768562316895
0.2570838928222656
0.2500443458557129
0.2407064437866211
0.24536991119384766
0.2408134937286377
0.24298882484436035
0.23528695106506348
0.24133729934692383
0.25607872009277344
0.22901177406311035
0.26572251319885254
0.24330997467041016
0.24399328231811523
0.2361161708831787
0.24950146675109863
0.233504056930542
0.2637019157409668
0.24480915069580078
0.24486804008483887
0.24947381019592285
0.24129104614257812
0.24216079711914062
0.2656872272491455
0.23658204078674316
0.24262356758117676
0.24831700325012207
0.2433300018310547
0.28567934036254883
0.24529314041137695
0.25313615798950195
0.38640618324279785
0.24317693710327148
0.24285531044006348
0.23894071578979492
0.260178804397583
0.24524736404418945
0.23998236656188965
0.24004650115966797
0.2439565658569336
0.23627614974975586
0.32772207260131836
0.27077341079711914
0.28177666664123535
0.24244976043701172
0.3024277687072754
0.2420048713684082
0.23850679397583008
0.24150633811950684
0.2599756717681885
0.2669064998626709
0.2669394016265869
0.2298882007598877
0.2563040256500244
0.25325584411621094
0.24825501441955566
0.23907685279846191
0.24142980575561523
0.23934078216552734
0.239091157913208
0.2407686710357666
0.22980165481567383
0.2420673370361328
0.43576645851135254
0.3134186267852783
0.24387145042419434
0.26117801666259766
0.25026965141296387
0.2532215118408203
0.24051570892333984
0.2612459659576416
0.22990083694458008
0.23739862442016602
0.23638701438903809
0.2316267490386963
0.25167393684387207
0.25499963760375977
0.24354028701782227
0.24295282363891602
0.24844598770141602
0.26141929626464844
0.2452857494354248
0.2524526119232178
0.25499939918518066
0.267000675201416
0.2649366855621338
0.23643088340759277
0.23604583740234375
0.25215625762939453
0.24289202690124512
0.2446126937866211
0.2530078887939453
0.2439882755279541
0.26694488525390625
0.24281740188598633
0.24412202835083008
0.2502110004425049
0.2439584732055664
0.24260926246643066
0.24326586723327637
0.2413785457611084
0.2660956382751465
0.30805516242980957
0.22709202766418457
0.2610442638397217
0.26924586296081543
0.2631642818450928
0.26129722595214844
0.2516016960144043
0.2913358211517334
0.23537278175354004
0.24328231811523438
0.2516915798187256
0.24187183380126953
0.42659568786621094
0.25138354301452637
0.26091694831848145
0.24179506301879883
0.24289631843566895
0.27915072441101074
0.2859485149383545
0.24399518966674805
0.25139904022216797
0.26453423500061035
0.2443690299987793
0.24304914474487305
0.24121999740600586
0.30771636962890625
0.23787736892700195
0.22666025161743164
0.22762417793273926
0.267134428024292
0.26798510551452637
0.2449817657470703
0.23596668243408203
0.2631258964538574
0.2382652759552002
0.24676513671875
0.22561001777648926
0.23332691192626953
0.2560882568359375
0.25467658042907715
0.23767518997192383
0.2453465461730957
0.25836920738220215
0.2398240566253662
0.23696374893188477
0.26454663276672363
0.2730698585510254
0.24455785751342773
0.2638528347015381
0.24529623985290527
0.2696714401245117
0.23598575592041016
0.2632472515106201
0.24468159675598145
0.2557535171508789
0.2606937885284424
0.23613786697387695
0.2327260971069336
0.26636171340942383
0.2527198791503906
0.23236417770385742
0.2578620910644531
0.24377989768981934
0.25154829025268555
0.2658812999725342
0.24208736419677734
0.2419290542602539
0.2507760524749756
0.24974322319030762
0.24502873420715332
0.2455453872680664
0.24314260482788086
0.27716922760009766
0.24219655990600586
0.24468612670898438
0.24482393264770508
0.2398669719696045
0.29100751876831055
0.28118205070495605
0.22771096229553223
0.2650303840637207
0.26781129837036133
0.23955702781677246
0.25849366188049316
0.28661298751831055
0.26367640495300293
0.27824926376342773
0.24306607246398926
0.24220013618469238
0.2906479835510254
0.24121522903442383
0.2755007743835449
0.2594599723815918
0.23917841911315918
0.2288048267364502
0.24364781379699707
0.24429750442504883
0.2395031452178955
0.2481374740600586
0.2637906074523926
0.3577742576599121
0.26772189140319824
0.24354839324951172
0.23484134674072266
0.2507917881011963
0.2719898223876953
0.2404770851135254
0.2432856559753418
0.2650437355041504
0.22974467277526855
0.2630023956298828
0.24240446090698242
0.24631929397583008
0.24454188346862793
0.23617982864379883
0.23518776893615723
0.23986458778381348
0.2402360439300537
0.2593975067138672
0.24453139305114746
0.2627530097961426
0.24297118186950684
0.27698469161987305
0.28299927711486816
0.24621915817260742
0.2679164409637451
0.25990748405456543
0.2369067668914795
0.25747084617614746
0.26816272735595703
0.23676490783691406
0.23226213455200195
0.23197698593139648
0.2666969299316406
0.24007368087768555
0.23994874954223633
0.25548672676086426
0.27255797386169434
0.2674744129180908
0.2401258945465088
0.2607381343841553
0.24964690208435059
0.24152302742004395
0.22759056091308594
0.24971914291381836
0.23119878768920898
0.24072718620300293
0.24033308029174805
0.23234176635742188
0.26317763328552246
0.24436020851135254
0.2627549171447754
0.25934481620788574
0.2785911560058594
0.2521030902862549
0.24309706687927246
0.23803138732910156
0.25327277183532715
0.24657082557678223
0.25777220726013184
0.24100756645202637
0.2390604019165039
0.24509406089782715
0.25699901580810547
0.2799050807952881
0.27137255668640137
0.25040483474731445
0.24534058570861816
0.24505853652954102
0.26576733589172363
0.23886466026306152
0.26129627227783203
0.23682427406311035
0.23749709129333496
0.24496865272521973
0.23246526718139648
0.253828763961792
0.24271178245544434
0.2742927074432373
0.2403252124786377
0.2431473731994629
0.23783636093139648
0.23786211013793945
0.34548187255859375
0.2804555892944336
0.2457141876220703
0.23494291305541992
0.27655768394470215
0.24007058143615723
0.24617552757263184
0.3319091796875
0.3258388042449951
0.41446924209594727
0.25301456451416016
0.26491451263427734
0.2537841796875
0.26325130462646484
0.23264408111572266
0.24265694618225098
0.2576582431793213
0.24220514297485352
0.24788880348205566
0.24204063415527344
0.26799941062927246
0.2539184093475342
0.24635720252990723
0.25329136848449707
0.2361466884613037
0.24597501754760742
0.24271893501281738
0.23407578468322754
0.2408885955810547
0.23904800415039062
0.2519388198852539
0.23943543434143066
0.2741353511810303
0.24097418785095215
0.24170517921447754
0.24150824546813965
0.24337077140808105
0.2583293914794922
0.24405932426452637
0.241011381149292
0.2591280937194824
0.2960855960845947
0.26424145698547363
0.24369001388549805
0.2353818416595459
0.24753117561340332
0.2421572208404541
0.2376117706298828
0.2677884101867676
0.25810885429382324
0.23424315452575684
0.2425522804260254
0.24746441841125488
0.2599973678588867
0.2580721378326416
0.23537445068359375
0.23996448516845703
0.26366353034973145
0.24245524406433105
0.2579829692840576
0.2605631351470947
0.2569756507873535
0.24240708351135254
0.2982056140899658
0.24093174934387207
0.251267671585083
0.2945363521575928
0.23884367942810059
0.24192357063293457
0.27797770500183105
0.2380506992340088
0.275285005569458
0.2568247318267822
0.24587631225585938
0.24349212646484375
0.27048420906066895
0.24335932731628418
0.3152048587799072
0.2595701217651367
0.2464139461517334
0.2414102554321289
0.24309110641479492
0.28266453742980957
0.2767343521118164
0.24701738357543945
0.24124956130981445
0.24667906761169434
0.29868388175964355
0.2537717819213867
0.25493907928466797
0.24684405326843262
0.25459837913513184
0.251035213470459
0.23979687690734863
0.24214887619018555
0.23740839958190918
0.23312854766845703
0.24983716011047363
0.24988842010498047
0.2490999698638916
0.24424195289611816
0.2472233772277832
0.23456168174743652
0.24008417129516602
0.2617154121398926
0.2398080825805664
0.24277234077453613
0.2643272876739502
0.24840688705444336
0.24327921867370605
0.24166631698608398
0.26470041275024414
0.2432081699371338
0.24233436584472656
0.2618422508239746
0.2383406162261963
0.25031185150146484
0.22294902801513672
0.2800893783569336
0.35750389099121094
0.2680060863494873
0.2424912452697754
0.24732756614685059
0.25435304641723633
0.23757362365722656
0.23988676071166992
0.25100159645080566
0.24397921562194824
0.23732399940490723
0.2352588176727295
0.23729872703552246
0.24673700332641602
0.24701714515686035
0.253920316696167
0.23081517219543457
0.2537877559661865
0.27289509773254395
0.24442839622497559
0.24990057945251465
0.2521932125091553
0.2259528636932373
0.267592191696167
0.25508856773376465
0.23894786834716797
0.23065948486328125
0.2906839847564697
0.24121832847595215
0.24342870712280273
0.3260471820831299
0.31880712509155273
0.23801660537719727
0.2514653205871582
0.2608203887939453
0.2963113784790039
0.250887393951416
0.23914527893066406
0.22936391830444336
0.2681305408477783
0.2432079315185547
0.27666807174682617
0.2360379695892334
0.2484722137451172
0.24350595474243164
0.2359604835510254
0.23526287078857422
0.244002103805542
0.24409008026123047
0.2504713535308838
0.23308038711547852
0.2359614372253418
0.2455589771270752
0.28066563606262207
0.24849772453308105
0.2432091236114502
0.24499797821044922
0.24373173713684082
0.25153064727783203
0.33904576301574707
0.29966163635253906
0.24015092849731445
0.2411653995513916
0.24648070335388184
0.2372300624847412
0.23197722434997559
0.3019680976867676
0.24238133430480957
0.24131417274475098
0.2512397766113281
0.23555445671081543
0.27141237258911133
0.23587656021118164
0.229400634765625
0.2696249485015869
0.24246001243591309
0.24190020561218262
0.24186301231384277
0.2997732162475586
0.23712992668151855
0.26412153244018555
0.2570779323577881
0.24861574172973633
0.24489212036132812
0.24434781074523926
0.27248549461364746
0.26266026496887207
0.24064207077026367
0.23500823974609375
0.2869575023651123
0.25514817237854004
0.24602985382080078
0.2511475086212158
0.2564241886138916
0.29033350944519043
0.2736485004425049
0.2461104393005371
0.24307894706726074
0.25313234329223633
0.2460775375366211
0.2443070411682129
0.24802803993225098
0.2701866626739502
0.28453755378723145
0.24463224411010742
0.2547760009765625
0.23835206031799316
0.2547469139099121
0.3248937129974365
0.24397015571594238
0.25233006477355957
0.2462162971496582
0.2532012462615967
0.3002288341522217
0.25510239601135254
0.24480819702148438
0.24112439155578613
0.24445581436157227
0.2982523441314697
0.23325443267822266
0.23317813873291016
0.23888039588928223
0.24595308303833008
0.24041104316711426
0.24119877815246582
0.24208879470825195
0.25824832916259766
0.2504231929779053
0.2709956169128418
0.2406015396118164
0.3597750663757324
0.29581165313720703
0.2368152141571045
0.24395084381103516
0.2580888271331787
0.2372734546661377
0.2413322925567627
0.24084949493408203
0.25687289237976074
0.3119082450866699
0.2434096336364746
0.2364199161529541
0.24634051322937012
0.2891366481781006
0.2687110900878906
0.2490062713623047
0.2401599884033203
0.23584938049316406
0.26319122314453125
0.2481250762939453
0.24000167846679688
0.24399828910827637
0.24822187423706055
0.24295496940612793
0.24290871620178223
0.2402501106262207
0.24297165870666504
0.2364048957824707
0.2351834774017334
0.2456655502319336
0.24281907081604004
0.25647830963134766
0.24180316925048828
0.2459416389465332
0.25298357009887695
0.25960230827331543
0.2816140651702881
0.2531008720397949
0.24910354614257812
0.2600264549255371
0.2794454097747803
0.23852801322937012
0.3126556873321533
0.2532939910888672
0.271162748336792
0.2457287311553955
0.2641570568084717
0.26992082595825195
0.29569435119628906
0.241041898727417
0.2529306411743164
0.2523200511932373
0.25839853286743164
0.26775288581848145
0.2458333969116211
0.24177885055541992
0.24600791931152344
0.23626184463500977
0.24066376686096191
0.2560234069824219
0.24146747589111328
0.2550065517425537
0.29310107231140137
0.24183082580566406
0.3571932315826416
0.2447953224182129
0.2393932342529297
0.24609637260437012
0.24512481689453125
0.24222350120544434
0.3936161994934082
0.24551773071289062
0.2525613307952881
0.24190378189086914
0.24122118949890137
0.2286849021911621
0.2373511791229248
0.2681441307067871
0.24541950225830078
0.2606837749481201
0.23631501197814941
0.24220585823059082
0.24194049835205078
0.266451358795166
0.2908191680908203
0.2301769256591797
0.24866390228271484
0.2409827709197998
0.2263650894165039
0.24108386039733887
0.2754988670349121
0.26405954360961914
0.2543375492095947
0.2646358013153076
0.27163076400756836
0.2559943199157715
0.3356351852416992
0.24402403831481934
0.23966288566589355
0.2433028221130371
0.24495983123779297
0.2492234706878662
0.2450270652770996
0.2525026798248291
0.2382338047027588
0.2633044719696045
0.2901449203491211
0.26963186264038086
0.2644965648651123
0.25029468536376953
0.26287031173706055
0.25899648666381836
0.26094651222229004
0.22899746894836426
0.2595391273498535
0.26718616485595703
0.23682713508605957
0.2460322380065918
0.27223873138427734
0.24432969093322754
0.23608946800231934
0.23784756660461426
0.2596611976623535
0.24156522750854492
0.23846769332885742
0.24241352081298828
0.23661375045776367
0.2530360221862793
0.2352900505065918
0.23807358741760254
0.25797438621520996
0.25571656227111816
0.2453470230102539
0.2980458736419678
0.23913121223449707
0.2412400245666504
0.3291780948638916
0.2391221523284912
0.2720763683319092
0.24236130714416504
0.24158906936645508
0.2813272476196289
0.24757814407348633
0.24393534660339355
0.2481081485748291
0.24738430976867676
0.2409992218017578
0.24299287796020508
0.2560396194458008
0.2921290397644043
0.23607373237609863
0.26619434356689453
0.23847532272338867
0.2504270076751709
0.26048803329467773
0.23629045486450195
0.38078761100769043
