0.1854267120361328
0.16951394081115723
0.18437814712524414
0.1806943416595459
0.19071197509765625
0.18761539459228516
0.1830296516418457
0.18402886390686035
0.18094515800476074
0.1860823631286621
0.18738889694213867
0.1917436122894287
0.18120956420898438
0.18543386459350586
0.18439579010009766
0.18697118759155273
0.1844782829284668
0.1986844539642334
0.18262815475463867
0.18355083465576172
0.17610669136047363
0.18422412872314453
0.18401384353637695
0.19526958465576172
0.17385101318359375
0.18168020248413086
0.1772308349609375
0.1823747158050537
0.1844160556793213
0.20147705078125
0.1828451156616211
0.18332958221435547
0.19130492210388184
0.18775200843811035
0.19023656845092773
0.17797446250915527
0.1871953010559082
0.1840956211090088
0.1862187385559082
0.18510937690734863
0.18698906898498535
0.1854414939880371
0.18271350860595703
0.19434523582458496
0.19159603118896484
0.18556952476501465
0.1866474151611328
0.18469858169555664
0.1872718334197998
0.1849689483642578
0.18497490882873535
0.18779659271240234
0.18584203720092773
0.18349146842956543
0.18396615982055664
0.17184185981750488
0.18502330780029297
0.18653202056884766
0.18398404121398926
0.18455147743225098
0.1821730136871338
0.18385672569274902
0.1825118064880371
0.18626689910888672
0.1996309757232666
0.1870265007019043
0.18350958824157715
0.18845081329345703
0.17220330238342285
0.18832969665527344
0.18239164352416992
0.18117690086364746
0.18305063247680664
0.1861414909362793
0.17768478393554688
0.18217992782592773
0.17673707008361816
0.17792987823486328
0.17893385887145996
0.18284869194030762
0.20280909538269043
0.18544220924377441
0.18584442138671875
0.17982244491577148
0.18492436408996582
0.1825549602508545
0.1811378002166748
0.18610882759094238
0.17426323890686035
0.18200135231018066
0.18616652488708496
0.18619132041931152
0.19298720359802246
0.18604540824890137
0.1999530792236328
0.18413853645324707
0.1884479522705078
0.1963789463043213
0.19182229042053223
0.18837881088256836
0.19910335540771484
0.1850121021270752
0.18311309814453125
0.19056224822998047
0.18674683570861816
0.17806625366210938
0.19369077682495117
0.19298768043518066
0.2059798240661621
0.20757484436035156
0.17779874801635742
0.17746973037719727
0.18314528465270996
0.1876966953277588
0.18251967430114746
0.1823737621307373
0.16963577270507812
0.19223904609680176
0.18898916244506836
0.19057440757751465
0.1833200454711914
0.18996953964233398
0.1853494644165039
0.19332027435302734
0.19585728645324707
0.19513392448425293
0.17554879188537598
0.18074846267700195
0.18144655227661133
0.18545818328857422
0.1856071949005127
0.18631339073181152
0.18525266647338867
0.18258905410766602
0.18413186073303223
0.1829986572265625
0.18462324142456055
0.18329453468322754
0.1816108226776123
0.18426895141601562
0.2126626968383789
0.18428349494934082
0.18697762489318848
0.17750072479248047
0.17808747291564941
0.1882460117340088
0.19600915908813477
0.1725013256072998
0.18825602531433105
0.1844797134399414
0.18697857856750488
0.18382787704467773
0.18674612045288086
0.18198156356811523
0.18375110626220703
0.18222880363464355
0.18172907829284668
0.18948650360107422
0.1836857795715332
0.18408823013305664
0.18367242813110352
0.2234344482421875
0.18151402473449707
0.24442338943481445
0.3296854496002197
0.20113730430603027
0.18890762329101562
0.1884462833404541
0.1920175552368164
0.18212127685546875
0.1858680248260498
0.18480563163757324
0.183668851852417
0.19899845123291016
0.20035099983215332
0.19095110893249512
0.1836707592010498
0.1852712631225586
0.18593931198120117
0.18956208229064941
0.1885545253753662
0.18415546417236328
0.1846306324005127
0.1870412826538086
0.18436145782470703
0.19897007942199707
0.18693184852600098
0.18583059310913086
0.1831669807434082
0.18801569938659668
0.1837785243988037
0.17647147178649902
0.19026541709899902
0.18333005905151367
0.182966947555542
0.18548059463500977
0.18750381469726562
0.1835329532623291
0.18323469161987305
0.19160199165344238
0.18929171562194824
0.1829209327697754
0.22607994079589844
0.18267536163330078
0.19091486930847168
0.18440937995910645
0.18598127365112305
0.20005273818969727
0.18729496002197266
0.18346858024597168
0.18283700942993164
0.18247342109680176
0.18142342567443848
0.18430161476135254
0.1857757568359375
0.1787281036376953
0.17390823364257812
0.17418885231018066
0.18540143966674805
0.1838691234588623
0.18947339057922363
0.18779730796813965
0.18494415283203125
0.20753216743469238
0.2821834087371826
0.2785634994506836
0.18513894081115723
0.18500471115112305
0.1844480037689209
0.18304920196533203
0.18239283561706543
0.1876823902130127
0.17502737045288086
0.1730036735534668
0.18329358100891113
0.18468523025512695
0.18851613998413086
0.18878889083862305
0.19197440147399902
0.1958329677581787
0.1831052303314209
0.17988801002502441
0.18494629859924316
0.1851494312286377
0.1715841293334961
0.18671631813049316
0.1824028491973877
0.18120360374450684
0.17441415786743164
0.18935680389404297
0.18748807907104492
0.17412161827087402
0.19696974754333496
0.1889634132385254
0.18332481384277344
0.18382859230041504
0.17090606689453125
0.18437957763671875
0.18647360801696777
0.18753767013549805
0.17595648765563965
0.1855945587158203
0.18584704399108887
0.16799092292785645
0.18796944618225098
0.1867537498474121
0.1991288661956787
0.1766529083251953
0.2032456398010254
0.1886453628540039
0.18228864669799805
0.19034743309020996
0.18424081802368164
0.18460607528686523
0.1881704330444336
0.18277502059936523
0.18668675422668457
0.18420910835266113
0.18485617637634277
0.1853330135345459
0.1851949691772461
0.1920790672302246
0.1815330982208252
0.17806100845336914
0.18973565101623535
0.18237042427062988
0.18532752990722656
0.18401384353637695
0.18410158157348633
0.18638038635253906
0.18572044372558594
0.18714499473571777
0.18404197692871094
0.1875898838043213
0.18496084213256836
0.1859605312347412
0.17354464530944824
0.1829085350036621
0.18849873542785645
0.18112850189208984
0.19545197486877441
0.173295259475708
0.18116354942321777
0.18152308464050293
0.18323063850402832
0.17973589897155762
0.18634366989135742
0.18395137786865234
0.18661093711853027
0.18468689918518066
0.18368864059448242
0.18491244316101074
0.18825507164001465
0.1889817714691162
0.17250299453735352
0.1819610595703125
0.18384408950805664
0.18599200248718262
0.18700790405273438
0.1824657917022705
0.18526744842529297
0.18479537963867188
0.18501615524291992
0.18402385711669922
0.18860960006713867
0.18924307823181152
0.19165492057800293
0.18702292442321777
0.18344593048095703
0.17176294326782227
0.19605541229248047
0.1921539306640625
0.18336248397827148
0.18249940872192383
0.17207121849060059
0.17472624778747559
0.17782020568847656
0.1821913719177246
0.1824951171875
0.18543601036071777
0.18614506721496582
0.18439555168151855
0.17428970336914062
0.16631531715393066
0.19875025749206543
0.18772149085998535
0.28552985191345215
0.18186593055725098
0.17679381370544434
0.1860663890838623
0.1856698989868164
0.18679118156433105
0.18852591514587402
0.18812990188598633
0.18229413032531738
0.16669440269470215
0.18465042114257812
0.18331098556518555
0.18465089797973633
0.1870262622833252
0.18197989463806152
0.18111896514892578
0.18736815452575684
0.1823279857635498
0.202162504196167
0.19455814361572266
0.18397068977355957
0.18211865425109863
0.20612311363220215
0.18812775611877441
0.1820206642150879
0.18440699577331543
0.18787169456481934
0.18471336364746094
0.1822497844696045
0.18503355979919434
0.18241190910339355
0.19034361839294434
0.18616390228271484
0.18163609504699707
0.20031309127807617
0.18154668807983398
0.18420910835266113
0.16778135299682617
0.17546796798706055
0.183793306350708
0.18630647659301758
0.18428730964660645
0.16562461853027344
0.18662714958190918
0.18397021293640137
0.1858680248260498
0.1838538646697998
0.18637847900390625
0.1820387840270996
0.185882568359375
0.1854085922241211
0.18362641334533691
0.1812593936920166
0.18396425247192383
0.2079305648803711
0.1839766502380371
0.18428421020507812
0.18729281425476074
0.18470978736877441
0.1845717430114746
0.1921224594116211
0.18699312210083008
0.1879713535308838
0.17560505867004395
0.18961000442504883
0.1870734691619873
0.1837306022644043
0.18653368949890137
0.1742556095123291
0.18617796897888184
0.1886599063873291
0.18182873725891113
0.1827840805053711
0.18242263793945312
0.18362855911254883
0.18658185005187988
0.18737196922302246
0.18577265739440918
0.20260167121887207
0.18654155731201172
0.18597865104675293
0.18123102188110352
0.18822264671325684
0.18363738059997559
0.1754753589630127
0.1841869354248047
0.17809247970581055
0.17004680633544922
0.1823291778564453
0.1749582290649414
0.17939257621765137
0.18175387382507324
0.2170424461364746
0.17820119857788086
0.18596243858337402
0.4814567565917969
0.5587558746337891
0.344973087310791
0.20901703834533691
0.18278956413269043
0.1844937801361084
0.1821122169494629
0.18474793434143066
0.18738651275634766
0.1974658966064453
0.18953323364257812
0.18614745140075684
0.18485689163208008
0.1952505111694336
0.18451523780822754
0.18185663223266602
0.22636914253234863
0.17914271354675293
0.22241640090942383
0.20737314224243164
0.18780159950256348
0.2127976417541504
0.20381593704223633
0.17498016357421875
0.18007469177246094
0.1837315559387207
0.1900932788848877
0.28057169914245605
0.21729516983032227
0.20453333854675293
0.20958590507507324
0.1745591163635254
0.1884598731994629
0.1814897060394287
0.18468332290649414
0.18732380867004395
0.18491268157958984
0.1829679012298584
0.1927640438079834
0.18493151664733887
0.18612194061279297
0.18512272834777832
0.18400144577026367
0.17845463752746582
0.17984938621520996
0.1724848747253418
0.1745622158050537
0.18800067901611328
0.18713951110839844
0.19022130966186523
0.18490195274353027
0.1806480884552002
0.1835787296295166
0.18448162078857422
0.18813061714172363
0.18472766876220703
0.17122626304626465
0.18504977226257324
0.1722855567932129
0.1841270923614502
0.18218350410461426
0.18252062797546387
0.18131732940673828
0.1829814910888672
0.1827247142791748
0.18210840225219727
0.18433928489685059
0.18184137344360352
0.18161797523498535
0.18254303932189941
0.1838667392730713
0.18171954154968262
0.18578362464904785
0.18500685691833496
0.18600034713745117
0.18570446968078613
0.19507932662963867
0.1836681365966797
0.18709325790405273
0.19669818878173828
0.18311142921447754
0.18479299545288086
0.18499135971069336
0.18780040740966797
0.18004298210144043
0.18738532066345215
0.18314552307128906
0.18497920036315918
0.18327093124389648
0.19505643844604492
0.18811774253845215
0.1831519603729248
0.18799972534179688
0.18693113327026367
0.18553471565246582
0.19063019752502441
0.18246889114379883
0.18558192253112793
0.18673324584960938
0.18619561195373535
0.1890392303466797
0.18283820152282715
0.1844930648803711
0.1848287582397461
0.18845415115356445
0.18362140655517578
0.18367862701416016
0.18770122528076172
0.18146038055419922
0.1810464859008789
0.18386054039001465
0.18565154075622559
0.18577957153320312
0.18213248252868652
0.1876528263092041
0.18419814109802246
0.1865546703338623
0.17022442817687988
0.18720269203186035
0.1837620735168457
0.18764233589172363
0.18741250038146973
0.17861580848693848
0.18365859985351562
0.18878173828125
0.18347597122192383
0.18452811241149902
0.18099617958068848
0.1841564178466797
0.1917710304260254
0.18689942359924316
0.17913174629211426
0.18172335624694824
0.18481755256652832
0.18359613418579102
0.1846761703491211
0.18367505073547363
0.18300652503967285
0.18703913688659668
0.18498730659484863
0.1907963752746582
0.18407917022705078
0.18940234184265137
0.18190622329711914
0.18403387069702148
0.18467402458190918
0.18697309494018555
0.1979656219482422
0.18336057662963867
0.18663692474365234
0.18287301063537598
0.18751001358032227
0.19249582290649414
0.18367671966552734
0.184736967086792
0.177717924118042
0.17679119110107422
0.17447757720947266
0.1705615520477295
0.18813848495483398
0.1870558261871338
0.18135643005371094
0.17037582397460938
0.18499135971069336
0.2002241611480713
0.1743326187133789
0.18119025230407715
0.19203734397888184
0.1988847255706787
0.1841871738433838
0.18379831314086914
0.18445324897766113
0.18385672569274902
0.18821215629577637
0.1842355728149414
0.18300080299377441
0.19883179664611816
0.19117331504821777
0.22052884101867676
0.22648906707763672
0.18185973167419434
0.18460750579833984
0.1791691780090332
0.1903212070465088
0.18697142601013184
0.18037819862365723
0.1778430938720703
0.18262743949890137
0.1870720386505127
0.18734216690063477
0.18557405471801758
0.1846323013305664
0.1859889030456543
0.19112420082092285
0.1864917278289795
0.18264412879943848
0.182603120803833
0.18143296241760254
0.1833193302154541
0.20079779624938965
0.18468832969665527
0.18289566040039062
0.18255019187927246
0.2759740352630615
0.3199789524078369
0.18515491485595703
0.1821293830871582
0.1818835735321045
0.18683886528015137
0.18367671966552734
0.17420148849487305
0.19075250625610352
0.18329691886901855
0.18434453010559082
0.1860496997833252
0.18683886528015137
0.18459415435791016
0.1848595142364502
0.17053627967834473
0.18675780296325684
0.18283653259277344
0.18170666694641113
0.1658954620361328
0.16180968284606934
0.18376994132995605
0.18799829483032227
0.18397188186645508
0.17297601699829102
0.18428945541381836
0.18542933464050293
0.18347573280334473
0.1773223876953125
0.18228602409362793
0.18469524383544922
0.18300223350524902
0.18712735176086426
0.17172694206237793
0.19093728065490723
0.18633341789245605
0.18134713172912598
0.20139122009277344
0.18313860893249512
0.19180655479431152
0.18561530113220215
0.19207453727722168
0.18958020210266113
0.19318222999572754
0.1906294822692871
0.18859601020812988
0.18210363388061523
0.18592381477355957
0.19120144844055176
0.19078350067138672
0.18475055694580078
0.1814284324645996
0.18439888954162598
0.17954444885253906
0.18648052215576172
0.2669222354888916
0.1844027042388916
0.16338682174682617
0.17724823951721191
0.18231678009033203
0.18496465682983398
0.1866769790649414
0.18724489212036133
0.1844930648803711
0.18627238273620605
0.18241286277770996
0.17096662521362305
0.18427228927612305
0.1849973201751709
0.18670177459716797
0.18828201293945312
0.18678617477416992
0.18542122840881348
0.18477821350097656
0.1777637004852295
0.17539381980895996
0.17568683624267578
0.19744396209716797
0.1860032081604004
0.18218135833740234
0.1869344711303711
0.18460536003112793
0.18411016464233398
0.184340238571167
0.18682289123535156
0.17312335968017578
0.18377971649169922
0.18525052070617676
0.18603301048278809
0.1839895248413086
0.2652885913848877
0.1832733154296875
0.18341875076293945
0.17031240463256836
0.18431782722473145
0.18236899375915527
0.18389272689819336
0.18591594696044922
0.2017807960510254
0.19033145904541016
0.18316364288330078
0.18592309951782227
0.1868584156036377
0.1871495246887207
0.1641826629638672
0.18987774848937988
0.21294951438903809
0.1867082118988037
0.18531489372253418
0.18444156646728516
0.1846168041229248
0.18072795867919922
0.18827509880065918
0.2010049819946289
0.19073009490966797
0.18297767639160156
0.17038345336914062
0.19115328788757324
0.17987632751464844
0.18283867835998535
0.2430591583251953
0.18136858940124512
0.18233275413513184
0.17134714126586914
0.1829514503479004
0.17660069465637207
0.18469762802124023
0.1851520538330078
0.18465280532836914
0.1760878562927246
0.17677545547485352
0.1858842372894287
0.18278193473815918
0.17500019073486328
0.18646955490112305
0.18732190132141113
0.183396577835083
0.19143939018249512
0.18314099311828613
0.18425321578979492
0.18584251403808594
0.17731881141662598
0.1914081573486328
0.17047882080078125
0.18368244171142578
0.18182682991027832
0.18121910095214844
0.19720029830932617
0.18195271492004395
0.18601369857788086
0.1708526611328125
0.18559646606445312
0.1876535415649414
0.17704534530639648
0.17772841453552246
0.18300175666809082
0.18408799171447754
0.18352937698364258
0.17655467987060547
0.1713571548461914
0.19031214714050293
0.1816418170928955
0.1919844150543213
0.18496203422546387
0.17246437072753906
0.17544150352478027
0.18454360961914062
0.18146967887878418
0.18340039253234863
0.1815166473388672
0.19996976852416992
0.1809983253479004
0.18562817573547363
0.16843390464782715
0.18261027336120605
0.1893482208251953
0.18502378463745117
0.17261648178100586
0.18459653854370117
0.18693804740905762
0.1854872703552246
0.1978321075439453
0.2009596824645996
0.18786072731018066
0.17149972915649414
0.18253326416015625
0.18606305122375488
0.17210721969604492
0.18450021743774414
0.1824939250946045
0.1820511817932129
0.18514394760131836
0.17017078399658203
0.18503808975219727
0.19272255897521973
0.1827387809753418
0.18106865882873535
0.18543195724487305
0.2007451057434082
0.1930098533630371
0.18485474586486816
0.18522071838378906
0.1967167854309082
0.1879715919494629
0.18498945236206055
0.19000864028930664
0.18265342712402344
0.1816728115081787
0.17959260940551758
0.17438793182373047
0.17831897735595703
0.2001044750213623
0.1866610050201416
0.19359827041625977
0.18593478202819824
0.18393492698669434
0.20285582542419434
0.1861858367919922
0.18500494956970215
0.1771256923675537
0.17812323570251465
0.18458938598632812
0.1855006217956543
0.20251083374023438
0.2048637866973877
0.1925961971282959
0.2587463855743408
0.1836869716644287
0.18855595588684082
0.1827554702758789
0.17687273025512695
0.1826927661895752
0.17846131324768066
0.21033954620361328
0.18643879890441895
0.18324804306030273
0.183607816696167
0.21085047721862793
0.268963098526001
0.21852707862854004
0.187180757522583
0.18532276153564453
0.18299603462219238
0.18238353729248047
0.17955422401428223
0.18252849578857422
0.17777514457702637
0.17939233779907227
0.1862485408782959
0.1831951141357422
0.18389081954956055
0.1847057342529297
0.18466544151306152
0.18374156951904297
0.18747639656066895
0.18482422828674316
