0.18439054489135742
0.17479395866394043
0.17680120468139648
0.182358980178833
0.1803586483001709
0.18787455558776855
0.18298673629760742
0.17401337623596191
0.1807401180267334
0.18046212196350098
0.17285966873168945
0.18629837036132812
0.18253779411315918
0.1861114501953125
0.17245936393737793
0.17547202110290527
0.18663763999938965
0.18474817276000977
0.18167448043823242
0.2030801773071289
0.18294763565063477
0.1851365566253662
0.18360424041748047
0.18404507637023926
0.1870882511138916
0.18651485443115234
0.18345856666564941
0.18409252166748047
0.18634891510009766
0.17285871505737305
0.18559479713439941
0.18273401260375977
0.17370986938476562
0.18145394325256348
0.18298077583312988
0.2068462371826172
0.24410319328308105
0.18175721168518066
0.18288803100585938
0.17609262466430664
0.17833685874938965
0.17685389518737793
0.18596696853637695
0.2434239387512207
0.18283414840698242
0.18847870826721191
0.18459606170654297
0.18153905868530273
0.1856539249420166
0.18417572975158691
0.18258428573608398
0.18397283554077148
0.18097805976867676
0.17797112464904785
0.1849672794342041
0.18364405632019043
0.18700170516967773
0.1816864013671875
0.17092204093933105
0.18366336822509766
0.18511295318603516
0.18075919151306152
0.1855318546295166
0.18205928802490234
0.17324447631835938
0.17443346977233887
0.1759943962097168
0.18334555625915527
0.17674565315246582
0.17579960823059082
0.18053269386291504
0.18604540824890137
0.18354582786560059
0.1833031177520752
0.18746542930603027
0.1877889633178711
0.1893930435180664
0.1978762149810791
0.17656230926513672
0.1857469081878662
0.17081308364868164
0.18778753280639648
0.17253756523132324
0.17194342613220215
0.18089938163757324
0.18634486198425293
0.1831343173980713
0.18974828720092773
0.18555688858032227
0.18715620040893555
0.18493103981018066
0.18152570724487305
0.1780378818511963
0.18649935722351074
0.18630766868591309
0.19231343269348145
0.18480134010314941
0.1819443702697754
0.18389034271240234
0.18491101264953613
0.17744159698486328
0.17133450508117676
0.17138409614562988
0.18576955795288086
0.18520617485046387
0.1610572338104248
0.18341684341430664
0.18561387062072754
0.18370532989501953
0.18455791473388672
0.17021846771240234
0.18378520011901855
0.1875007152557373
0.18033647537231445
0.18304109573364258
0.17696523666381836
0.18596768379211426
0.18391036987304688
0.18348217010498047
0.17639541625976562
0.18356776237487793
0.18790054321289062
0.17950797080993652
0.18506503105163574
0.18491840362548828
0.18481206893920898
0.18492937088012695
0.18497157096862793
0.1727595329284668
0.18149256706237793
0.18519186973571777
0.17168402671813965
0.18452072143554688
0.2153000831604004
0.1813216209411621
0.17882132530212402
0.17699718475341797
0.18411016464233398
0.18382024765014648
0.18512272834777832
0.18564200401306152
0.18510866165161133
0.18375802040100098
0.18989849090576172
0.18869590759277344
0.18630743026733398
0.18319320678710938
0.18435239791870117
0.1844029426574707
0.18406915664672852
0.17521452903747559
0.18875503540039062
0.18593645095825195
0.18608617782592773
0.1831834316253662
0.184736967086792
0.18198418617248535
0.18534326553344727
0.17116856575012207
0.18424439430236816
0.18500876426696777
0.18397808074951172
0.18599414825439453
0.1853649616241455
0.1763014793395996
0.182220458984375
0.18337202072143555
0.18540000915527344
0.1885824203491211
0.18680143356323242
0.18530058860778809
0.18678641319274902
0.18500423431396484
0.18390703201293945
0.18456053733825684
0.18311834335327148
0.19220733642578125
0.18189001083374023
0.18425297737121582
0.17481160163879395
0.17754530906677246
0.181016206741333
0.1848146915435791
0.17212724685668945
0.21261978149414062
0.1882774829864502
0.18555498123168945
0.18262934684753418
0.18242359161376953
0.1884298324584961
0.18459129333496094
0.18431591987609863
0.18891382217407227
0.18636798858642578
0.1849219799041748
0.18867111206054688
0.18319416046142578
0.19610071182250977
0.1690692901611328
0.1867685317993164
0.18419981002807617
0.18905282020568848
0.19798016548156738
0.17428898811340332
0.17226386070251465
0.17680096626281738
0.18108153343200684
0.18396639823913574
0.18326640129089355
0.1824817657470703
0.18453240394592285
0.18803858757019043
0.18285608291625977
0.17821931838989258
0.1685926914215088
0.18643450736999512
0.18619465827941895
0.18761348724365234
0.17378497123718262
0.1809682846069336
0.1849658489227295
0.18729948997497559
0.19038891792297363
0.17697739601135254
0.18208765983581543
0.1665482521057129
0.17624640464782715
0.18384432792663574
0.18540143966674805
0.16352343559265137
0.18054556846618652
0.1880035400390625
0.19699668884277344
0.18864870071411133
0.1835174560546875
0.1846168041229248
0.17092418670654297
0.18420124053955078
0.1932377815246582
0.18474888801574707
0.17282581329345703
0.17542624473571777
0.17644619941711426
0.18509626388549805
0.18127751350402832
0.18328189849853516
0.18429160118103027
0.20204496383666992
0.18260550498962402
0.1877119541168213
0.1882922649383545
0.17173051834106445
0.1887524127960205
0.1842789649963379
0.18601465225219727
0.18233418464660645
0.18659520149230957
0.18571209907531738
0.18529582023620605
0.1848437786102295
0.1894228458404541
0.19106292724609375
0.1861724853515625
0.18327617645263672
0.1834096908569336
0.18564128875732422
0.1823570728302002
0.1923666000366211
0.190582275390625
0.1892082691192627
0.1883559226989746
0.17759394645690918
0.18196368217468262
0.19581103324890137
0.19019627571105957
0.1887798309326172
0.19062519073486328
0.19013404846191406
0.17940258979797363
0.19280052185058594
0.18776917457580566
0.18547534942626953
0.17733454704284668
0.17930817604064941
0.18478870391845703
0.18933629989624023
0.181563138961792
0.17077016830444336
0.17299365997314453
0.17521071434020996
0.18698716163635254
0.18296217918395996
0.18467426300048828
0.18511724472045898
0.17553377151489258
0.18097949028015137
0.16898465156555176
0.17997050285339355
0.18904328346252441
0.18563008308410645
0.17147040367126465
0.1715085506439209
0.18360018730163574
0.177138090133667
0.19251537322998047
0.1748645305633545
0.1816725730895996
0.2365577220916748
0.18639183044433594
0.1930685043334961
0.18793773651123047
0.1845238208770752
0.1850910186767578
0.1766057014465332
0.2459251880645752
0.19185423851013184
0.18616342544555664
0.1892709732055664
0.18607854843139648
0.18428826332092285
0.18242120742797852
0.17323899269104004
0.18274807929992676
0.1844193935394287
0.18504834175109863
0.1855933666229248
0.20576024055480957
0.186906099319458
0.19330167770385742
0.18790960311889648
0.18814516067504883
0.1845409870147705
0.1826183795928955
0.19078660011291504
0.21098899841308594
0.18298125267028809
0.17980360984802246
0.17488312721252441
0.18198680877685547
0.18390297889709473
0.18103647232055664
0.18981170654296875
0.18586421012878418
0.17965483665466309
0.18663573265075684
0.18338608741760254
0.18314146995544434
0.18366074562072754
0.18201804161071777
0.18303132057189941
0.17506051063537598
0.18961858749389648
0.18257880210876465
0.20497894287109375
0.20695233345031738
0.17502045631408691
0.17061066627502441
0.20222067832946777
0.18549299240112305
0.17487406730651855
0.18347859382629395
0.1825089454650879
0.18410468101501465
0.18618130683898926
0.18865394592285156
0.18302273750305176
0.1831653118133545
0.18529820442199707
0.18576669692993164
0.17642831802368164
0.1836550235748291
0.19556879997253418
0.18571805953979492
0.18594765663146973
0.18278789520263672
0.18207049369812012
0.18598461151123047
0.18359041213989258
0.17479944229125977
0.18686366081237793
0.19167423248291016
0.1776587963104248
0.183150053024292
0.18278932571411133
0.18424582481384277
0.18269777297973633
0.18311691284179688
0.18459272384643555
0.17698907852172852
0.18270134925842285
0.19162869453430176
0.19948911666870117
0.1731119155883789
0.18352055549621582
0.186781644821167
0.17355012893676758
0.1847386360168457
0.18900847434997559
0.18897509574890137
0.18096184730529785
0.17096590995788574
0.18000149726867676
0.1904163360595703
0.1826465129852295
0.17014670372009277
0.18215346336364746
0.18630528450012207
0.18308615684509277
0.18415307998657227
0.18088960647583008
0.18376779556274414
0.1857454776763916
0.17820000648498535
0.1817784309387207
0.18585896492004395
0.18077898025512695
0.18436002731323242
0.18401336669921875
0.1764512062072754
0.1857917308807373
0.18511676788330078
0.1813507080078125
0.18587327003479004
0.18821239471435547
0.17625045776367188
0.1782665252685547
0.18288159370422363
0.18457508087158203
0.16251635551452637
0.1842973232269287
0.16817378997802734
0.18532133102416992
0.19395065307617188
0.1938943862915039
0.18678545951843262
0.18195676803588867
0.17707347869873047
0.18143582344055176
0.1743011474609375
0.17935895919799805
0.18321871757507324
0.18378233909606934
0.18726682662963867
0.19879603385925293
0.18815016746520996
0.18493986129760742
0.18775439262390137
0.18130183219909668
0.1840972900390625
0.18918347358703613
0.18627095222473145
0.19784164428710938
0.18948888778686523
0.18091106414794922
0.1901545524597168
0.1897718906402588
0.18273591995239258
0.18183255195617676
0.17829608917236328
0.18625664710998535
0.16623783111572266
0.18192172050476074
0.1870112419128418
0.17873573303222656
0.18131089210510254
0.17791152000427246
0.18596649169921875
0.1784815788269043
0.1828145980834961
0.1770308017730713
0.18878483772277832
0.1876823902130127
0.1766657829284668
0.1815629005432129
0.184983491897583
0.1840052604675293
0.1860361099243164
0.18808937072753906
0.18337011337280273
0.1685805320739746
0.18448996543884277
0.1738901138305664
0.19254302978515625
0.18277573585510254
0.18505287170410156
0.18546342849731445
0.1858820915222168
0.18695902824401855
0.1842648983001709
0.17575931549072266
0.1739966869354248
0.17703700065612793
0.17830562591552734
0.16947054862976074
0.18377017974853516
0.18590903282165527
0.18347477912902832
0.18529438972473145
0.18294477462768555
0.18958020210266113
0.18095827102661133
0.1814126968383789
0.18321585655212402
0.19061493873596191
0.1722264289855957
0.18220210075378418
0.18355345726013184
0.18393731117248535
0.1946263313293457
0.1791675090789795
0.17717504501342773
0.18155241012573242
0.177520751953125
0.1844465732574463
0.18547415733337402
0.18482136726379395
0.19136643409729004
0.1894388198852539
0.1822037696838379
0.185530424118042
0.1836075782775879
0.21071338653564453
0.17149901390075684
0.17897248268127441
0.1759629249572754
0.18792343139648438
0.1836702823638916
0.17443084716796875
0.17699456214904785
0.18468499183654785
0.18098759651184082
0.1736443042755127
0.183579683303833
0.1841719150543213
0.18696856498718262
0.17824959754943848
0.18204712867736816
0.18348455429077148
0.2051386833190918
0.20311927795410156
0.21114563941955566
0.18453669548034668
0.1953737735748291
0.16449666023254395
0.1839900016784668
0.18410229682922363
0.18807220458984375
0.16356706619262695
0.18233156204223633
0.19952058792114258
0.1851787567138672
0.16449642181396484
0.18749094009399414
0.18926572799682617
0.18300890922546387
0.182173490524292
0.18368148803710938
0.18645191192626953
0.1855785846710205
0.18219566345214844
0.18659138679504395
0.20277762413024902
0.1866755485534668
0.18477869033813477
0.18606162071228027
0.1811661720275879
0.18744683265686035
0.18793940544128418
0.18602967262268066
0.18961191177368164
0.18723392486572266
0.18708276748657227
0.1822807788848877
0.18511319160461426
0.1708216667175293
0.18272018432617188
0.18785834312438965
0.17708826065063477
0.18330001831054688
0.1835343837738037
0.18622207641601562
0.18922948837280273
0.18395495414733887
0.18657517433166504
0.17252016067504883
0.18385958671569824
0.2683570384979248
0.3191409111022949
0.1854548454284668
0.1831374168395996
0.1827239990234375
0.18503689765930176
0.18667912483215332
0.18268394470214844
0.1869649887084961
0.1852893829345703
0.18336796760559082
0.182570219039917
0.18252110481262207
0.18456363677978516
0.18431568145751953
0.18731069564819336
0.20302581787109375
0.1793661117553711
0.17851901054382324
0.17501473426818848
0.17395758628845215
0.18416452407836914
0.18300437927246094
0.18579578399658203
0.18510842323303223
0.17615532875061035
0.1883535385131836
0.1830737590789795
0.18108367919921875
0.18573594093322754
0.17577552795410156
0.1811215877532959
0.17014360427856445
0.18347430229187012
0.1829853057861328
0.18432235717773438
0.18236136436462402
0.18479037284851074
0.17949414253234863
0.1758747100830078
0.1889057159423828
0.18274140357971191
0.18478727340698242
0.18064403533935547
0.18470215797424316
0.17582988739013672
0.18431806564331055
0.16387319564819336
0.1817612648010254
0.2013261318206787
0.1900007724761963
0.18408942222595215
0.1840810775756836
0.1750352382659912
0.18295693397521973
0.18599152565002441
0.1854851245880127
0.18350481986999512
0.1843094825744629
0.18865442276000977
0.18699431419372559
0.18494939804077148
0.1743450164794922
0.1809849739074707
0.19131731986999512
0.18290138244628906
0.18609857559204102
0.19224262237548828
0.19212841987609863
0.1929457187652588
0.16559624671936035
0.18369436264038086
0.18418192863464355
0.17778730392456055
0.17373251914978027
0.20038747787475586
0.19065499305725098
0.19892120361328125
0.1815335750579834
0.20227408409118652
0.19693994522094727
0.24666714668273926
0.18279123306274414
0.2633345127105713
0.20986175537109375
0.30091381072998047
0.18337798118591309
0.18574118614196777
0.17913293838500977
0.19014310836791992
0.18460845947265625
0.1856076717376709
0.18484139442443848
0.19531488418579102
0.5806608200073242
0.185943603515625
0.1838221549987793
0.18911004066467285
0.175062894821167
0.1843278408050537
0.18854618072509766
0.18396210670471191
0.1715846061706543
0.18572115898132324
0.18424320220947266
0.17920494079589844
0.17560935020446777
0.1858527660369873
0.18090057373046875
0.17830348014831543
0.20142006874084473
0.19201874732971191
0.18399643898010254
0.1939680576324463
0.19175314903259277
0.18202614784240723
0.18247532844543457
0.17439508438110352
0.1770775318145752
0.17755341529846191
0.18342947959899902
0.1994640827178955
0.18632292747497559
0.1789560317993164
0.18660879135131836
0.1846299171447754
0.18377208709716797
0.18900442123413086
0.1877903938293457
0.1818101406097412
0.1845242977142334
0.1887836456298828
0.1865088939666748
0.18718910217285156
0.18511223793029785
0.18749523162841797
0.18577051162719727
0.18610143661499023
0.1842648983001709
0.19203996658325195
0.17831707000732422
0.1895461082458496
0.17051005363464355
0.18548107147216797
0.18316078186035156
0.1856367588043213
0.1856212615966797
0.1874547004699707
0.19244670867919922
0.18940234184265137
0.1717209815979004
0.18295025825500488
0.18399262428283691
0.1826457977294922
0.1836535930633545
0.18458127975463867
0.18555831909179688
0.1923360824584961
0.18174123764038086
0.17207574844360352
0.18297028541564941
0.19316959381103516
0.17928504943847656
0.17515254020690918
0.18754076957702637
0.1833806037902832
0.17357611656188965
0.17570781707763672
0.18425917625427246
0.18343853950500488
0.18702030181884766
0.19077706336975098
0.19181609153747559
0.18597936630249023
0.18293499946594238
0.18837451934814453
0.1994009017944336
0.18433475494384766
0.20054101943969727
0.18799638748168945
0.1892836093902588
0.1836080551147461
0.17796587944030762
0.18741726875305176
0.18509912490844727
0.17836427688598633
0.19392609596252441
0.18338561058044434
0.19306445121765137
0.18474364280700684
0.1836390495300293
0.18646883964538574
0.18529677391052246
0.1739189624786377
0.1835007667541504
0.18291044235229492
0.18545126914978027
0.1822223663330078
0.17108702659606934
0.1836550235748291
0.18114185333251953
0.18431425094604492
0.185868501663208
0.18253779411315918
0.18476653099060059
0.1803135871887207
0.19173765182495117
0.18439865112304688
0.2022695541381836
0.19174432754516602
0.18276667594909668
0.19866538047790527
0.17196869850158691
0.1750016212463379
0.18802642822265625
0.1831343173980713
0.19501280784606934
0.19462847709655762
0.18737483024597168
0.18602490425109863
0.17527151107788086
0.1932210922241211
0.1794736385345459
0.18416309356689453
0.183305025100708
0.17602157592773438
0.18395066261291504
0.1848130226135254
0.1850588321685791
0.1859443187713623
0.19083309173583984
0.1811199188232422
0.20246148109436035
0.19663667678833008
0.20502567291259766
0.18526077270507812
0.1897130012512207
0.18698954582214355
0.18600034713745117
0.18499994277954102
0.18313026428222656
0.183333158493042
0.17573142051696777
0.18350529670715332
0.18169713020324707
0.18376493453979492
0.1828007698059082
0.1873009204864502
0.18728160858154297
0.2245028018951416
0.2405710220336914
0.18238496780395508
0.18108701705932617
0.18506240844726562
0.18410849571228027
0.18215012550354004
0.18334293365478516
0.18402099609375
0.17978596687316895
0.1779015064239502
0.18387985229492188
0.18593406677246094
0.18608999252319336
0.17445135116577148
0.19138693809509277
0.18578457832336426
0.1852884292602539
0.1702442169189453
0.17938637733459473
0.18890166282653809
0.17172718048095703
0.16473388671875
0.17743873596191406
0.1752641201019287
0.18543028831481934
0.18337631225585938
0.18366217613220215
0.18359971046447754
0.1824321746826172
0.18640732765197754
0.1841270923614502
0.18388748168945312
0.1742091178894043
0.18485355377197266
0.18699431419372559
0.18500089645385742
0.18257451057434082
0.18356728553771973
0.19208669662475586
0.1814591884613037
0.1863412857055664
0.18386387825012207
0.18247437477111816
0.18213796615600586
0.19242501258850098
0.1865983009338379
0.18779397010803223
0.18503832817077637
0.18431329727172852
0.1843416690826416
0.1809070110321045
0.19002223014831543
0.19697856903076172
0.185990571975708
0.1821744441986084
0.18189167976379395
0.19668292999267578
0.1832108497619629
0.1698741912841797
0.18457984924316406
0.20128130912780762
0.19212079048156738
0.18187427520751953
0.18996310234069824
0.18007636070251465
0.17293548583984375
0.18774104118347168
0.19107604026794434
0.18646883964538574
0.19430303573608398
0.18905377388000488
0.20607614517211914
0.18580055236816406
0.20090794563293457
0.1850416660308838
0.19560456275939941
0.18059492111206055
0.2005929946899414
0.18583464622497559
0.19590353965759277
0.18772602081298828
0.18612289428710938
0.18462753295898438
0.1837294101715088
0.1840507984161377
0.18493342399597168
0.1644301414489746
0.1909477710723877
0.17984390258789062
0.17738938331604004
0.18860387802124023
0.1922132968902588
0.1973097324371338
0.18747782707214355
0.19451260566711426
0.18875598907470703
0.18744421005249023
0.1854708194732666
0.1909637451171875
0.18906092643737793
0.18703532218933105
0.18658709526062012
0.19099187850952148
0.1832413673400879
0.1864936351776123
0.19048428535461426
0.1756134033203125
0.17939138412475586
0.19303107261657715
0.18732309341430664
0.17552900314331055
0.18515777587890625
0.17676711082458496
0.18134212493896484
0.18220996856689453
0.18453574180603027
0.18489527702331543
0.18549108505249023
0.19343280792236328
0.2151200771331787
0.1859736442565918
0.18134164810180664
0.1931142807006836
0.1897413730621338
0.19236207008361816
0.19635987281799316
0.1634206771850586
0.19109225273132324
0.17538905143737793
0.18643474578857422
0.17092442512512207
0.18623638153076172
0.17378520965576172
0.18751955032348633
0.18635797500610352
0.18559837341308594
0.19165396690368652
0.17975687980651855
0.18777108192443848
0.19990134239196777
0.18484234809875488
0.18628811836242676
0.19635939598083496
0.17615962028503418
0.18772649765014648
0.18683934211730957
0.3747284412384033
0.20904183387756348
0.289137601852417
0.18526411056518555
0.18864798545837402
0.19008398056030273
0.18166422843933105
0.18892860412597656
0.1894545555114746
0.18485736846923828
0.18331646919250488
0.1843245029449463
0.18508696556091309
0.1850297451019287
0.1873607635498047
0.18205642700195312
0.1697559356689453
0.18208575248718262
0.18689775466918945
0.18190526962280273
0.18405890464782715
0.16510725021362305
0.1881248950958252
0.18189477920532227
0.18498802185058594
0.18411779403686523
0.17693877220153809
0.18148565292358398
0.18333649635314941
0.18440508842468262
0.1817188262939453
0.1831190586090088
0.1858987808227539
0.18624091148376465
0.1874697208404541
0.18424582481384277
0.18300223350524902
0.19535255432128906
0.18389272689819336
0.18461894989013672
0.17275238037109375
0.1847667694091797
0.1820235252380371
0.1853806972503662
0.20047950744628906
0.1835167407989502
0.1706399917602539
0.1926591396331787
0.19161534309387207
0.199631929397583
0.18910670280456543
0.1920030117034912
0.19878697395324707
0.18261933326721191
0.18498754501342773
0.18817901611328125
0.1822676658630371
0.17319965362548828
0.17315077781677246
0.18758749961853027
0.18529701232910156
0.18162941932678223
0.18287086486816406
0.18511390686035156
0.1852874755859375
0.178574800491333
0.17468595504760742
0.18596220016479492
0.1869792938232422
0.18398785591125488
0.18392205238342285
0.1826469898223877
0.18527674674987793
0.18548917770385742
0.18555974960327148
0.18439388275146484
0.18317794799804688
0.18410325050354004
0.17222929000854492
0.18499088287353516
0.16699910163879395
0.18401551246643066
0.18396711349487305
0.17005538940429688
0.18509364128112793
0.18484044075012207
0.18428277969360352
0.17113661766052246
0.18467235565185547
0.18215608596801758
0.181243896484375
0.18309736251831055
0.16405200958251953
0.18395018577575684
0.18355131149291992
0.18418169021606445
0.19336986541748047
0.1675715446472168
0.1818408966064453
0.18678903579711914
0.1818857192993164
0.16767191886901855
0.1819765567779541
0.18352937698364258
0.17406058311462402
0.17904019355773926
0.18254542350769043
0.2039022445678711
0.1841583251953125
0.18512940406799316
0.18055343627929688
0.1839144229888916
0.17525839805603027
0.20165133476257324
0.20261597633361816
0.17077970504760742
0.17788267135620117
0.1812877655029297
0.18104124069213867
0.18385004997253418
0.17287898063659668
0.20038509368896484
0.17578363418579102
0.18721675872802734
0.18354511260986328
0.18269610404968262
0.17260193824768066
0.18527483940124512
0.18346738815307617
0.17262840270996094
0.1849663257598877
0.17791271209716797
0.18390202522277832
0.18827033042907715
0.18329668045043945
0.18630695343017578
0.1918034553527832
0.19441890716552734
0.18738126754760742
0.18432307243347168
0.18403053283691406
0.18600010871887207
0.18700790405273438
0.18253326416015625
0.17840361595153809
0.1832752227783203
0.1840684413909912
0.18131065368652344
0.18609285354614258
0.18483304977416992
0.1870441436767578
0.18744874000549316
0.1848607063293457
0.1856553554534912
0.18813419342041016
0.19034767150878906
0.18130707740783691
0.1835005283355713
0.18477821350097656
0.19685912132263184
0.20006442070007324
0.2168416976928711
0.18201065063476562
0.1756904125213623
0.18667292594909668
0.18308043479919434
0.1844768524169922
0.1830899715423584
0.18139147758483887
0.1927497386932373
0.19993805885314941
0.18306756019592285
0.18580222129821777
0.1991102695465088
0.1988668441772461
0.17654800415039062
0.17739224433898926
0.18355989456176758
0.18569087982177734
0.1845858097076416
0.18513703346252441
0.18455886840820312
0.18761825561523438
0.1829977035522461
0.18490004539489746
0.1840803623199463
0.18599414825439453
0.18207621574401855
0.1837611198425293
0.19800615310668945
0.18898630142211914
0.1863536834716797
0.20779776573181152
0.18315672874450684
0.18169856071472168
0.18265843391418457
0.18248748779296875
0.17084097862243652
0.18451476097106934
0.1846318244934082
0.18594908714294434
0.18534517288208008
0.18176794052124023
0.1658031940460205
0.1858217716217041
0.1844925880432129
0.18518304824829102
0.18218016624450684
0.19559383392333984
0.18385004997253418
0.18286657333374023
0.1823883056640625
0.18464970588684082
0.18261027336120605
0.18471312522888184
0.1880030632019043
0.18466615676879883
0.18267321586608887
