0.1781017780303955
0.18010759353637695
0.18110322952270508
0.18800854682922363
0.18613481521606445
0.18228840827941895
0.18453598022460938
0.17580914497375488
0.17610716819763184
0.19789361953735352
0.19530248641967773
0.1920785903930664
0.20428729057312012
0.18502593040466309
0.18400001525878906
0.18764162063598633
0.18514442443847656
0.18561482429504395
0.18276643753051758
0.19236469268798828
0.19338703155517578
0.18393325805664062
0.18313264846801758
0.18883514404296875
0.17750144004821777
0.19035816192626953
0.1830286979675293
0.19179153442382812
0.1839606761932373
0.1881568431854248
0.18044686317443848
0.18678593635559082
0.18580174446105957
0.18265676498413086
0.16708040237426758
0.18347382545471191
0.18498015403747559
0.18276500701904297
0.1857585906982422
0.18338942527770996
0.19879412651062012
0.1916031837463379
0.18293404579162598
0.17335820198059082
0.1859302520751953
0.17625117301940918
0.17232918739318848
0.18551898002624512
0.1844635009765625
0.1834115982055664
0.18625712394714355
0.18622112274169922
0.18348050117492676
0.1839311122894287
0.18224239349365234
0.17583370208740234
0.18808531761169434
0.18613719940185547
0.1842820644378662
0.1846473217010498
0.18313312530517578
0.1841278076171875
0.1749885082244873
0.19043469429016113
0.18768715858459473
0.18207764625549316
0.17299103736877441
0.1756434440612793
0.18230533599853516
0.18478012084960938
0.18653345108032227
0.18689608573913574
0.1844336986541748
0.18776845932006836
0.18206143379211426
0.18582463264465332
0.18498587608337402
0.1789407730102539
0.18304729461669922
0.18597030639648438
0.17976641654968262
0.18268251419067383
0.18213200569152832
0.16511178016662598
0.1820814609527588
0.18544912338256836
0.18416714668273926
0.1889326572418213
0.18363094329833984
0.17848634719848633
0.18149256706237793
0.18430209159851074
0.19060754776000977
0.19761967658996582
0.1771550178527832
0.18823647499084473
0.18140816688537598
0.17108392715454102
0.18798613548278809
0.18449044227600098
0.19106101989746094
0.1848616600036621
0.18379855155944824
0.1786203384399414
0.18212485313415527
0.19136500358581543
0.18002748489379883
0.18630266189575195
0.18278288841247559
0.18391776084899902
0.18346405029296875
0.18745946884155273
0.19646453857421875
0.20647644996643066
0.18361878395080566
0.1875617504119873
0.18133807182312012
0.18443655967712402
0.183074951171875
0.18515896797180176
0.1823868751525879
0.1857461929321289
0.18759632110595703
0.18300151824951172
0.18454217910766602
0.18517565727233887
0.178178071975708
0.1843271255493164
0.18900561332702637
0.18599271774291992
0.18316102027893066
0.17799997329711914
0.18771147727966309
0.18505620956420898
0.17072463035583496
0.18959689140319824
0.18572735786437988
0.18871164321899414
0.18135380744934082
0.17573070526123047
0.18505001068115234
0.18320584297180176
0.18964004516601562
0.18412327766418457
0.18358826637268066
0.18236494064331055
0.18579530715942383
0.18267416954040527
0.1828618049621582
0.18283724784851074
0.1819441318511963
0.17400217056274414
0.1762847900390625
0.18340468406677246
0.18464899063110352
0.18579673767089844
0.1850886344909668
0.18349981307983398
0.17376995086669922
0.18454957008361816
0.18761706352233887
0.1719188690185547
0.18700337409973145
0.20697951316833496
0.16964101791381836
0.17331337928771973
0.18425679206848145
0.18323135375976562
0.1847059726715088
0.1877126693725586
0.18587636947631836
0.1830148696899414
0.1863703727722168
0.17468643188476562
0.1857738494873047
0.18549084663391113
0.17517375946044922
0.1806330680847168
0.18544363975524902
0.17984580993652344
0.1887068748474121
0.1735696792602539
0.18613362312316895
0.26935410499572754
0.1851184368133545
0.16764068603515625
0.17334270477294922
0.1624455451965332
0.18449640274047852
0.18364596366882324
0.18279623985290527
0.18712186813354492
0.18676280975341797
0.18175601959228516
0.1791069507598877
0.18607521057128906
0.18520689010620117
0.18291497230529785
0.18607115745544434
0.18166899681091309
0.1823890209197998
0.18467998504638672
0.18684792518615723
0.18133926391601562
0.18503618240356445
0.17786478996276855
0.1829378604888916
0.17798638343811035
0.1740555763244629
0.1845090389251709
0.18568158149719238
0.1851663589477539
0.18256902694702148
0.18282222747802734
0.18381810188293457
0.1837153434753418
0.17335152626037598
0.17727351188659668
0.1845543384552002
0.18438005447387695
0.1831207275390625
0.17952752113342285
0.1824054718017578
0.1751418113708496
0.1750202178955078
0.18553948402404785
0.17940616607666016
0.1813206672668457
0.18395256996154785
0.18456482887268066
0.16854023933410645
0.18290114402770996
0.1849987506866455
0.20300912857055664
0.1889505386352539
0.17550182342529297
0.1851334571838379
0.18422794342041016
0.1834573745727539
0.16521787643432617
0.18105864524841309
0.17524027824401855
0.18601155281066895
0.18862104415893555
0.18903255462646484
0.18211698532104492
0.18474173545837402
0.17505884170532227
0.18295669555664062
0.18481707572937012
0.1855311393737793
0.1837303638458252
0.186262845993042
0.18232226371765137
0.1819443702697754
0.17789125442504883
0.19415855407714844
0.17304205894470215
0.17720270156860352
0.1617114543914795
0.18857145309448242
0.19249796867370605
0.19664621353149414
0.18965768814086914
0.19494366645812988
0.17273521423339844
0.19388842582702637
0.19813179969787598
0.1919240951538086
0.1843712329864502
0.18230223655700684
0.18658447265625
0.17480969429016113
0.1840822696685791
0.17516684532165527
0.1826636791229248
0.19104862213134766
0.1832730770111084
0.18505215644836426
0.1837611198425293
0.18871355056762695
0.19058680534362793
0.17845916748046875
0.19781732559204102
0.18611788749694824
0.18373799324035645
0.19462251663208008
0.20216083526611328
0.1891162395477295
0.18587660789489746
0.1863231658935547
0.17650318145751953
0.1824660301208496
0.18396973609924316
0.18413829803466797
0.19804644584655762
0.1862342357635498
0.18393230438232422
0.18542885780334473
0.18476557731628418
0.182905912399292
0.18724703788757324
0.18617987632751465
0.1844007968902588
0.18265533447265625
0.18161582946777344
0.1885383129119873
0.18444561958312988
0.1820964813232422
0.18399405479431152
0.18778038024902344
0.18343257904052734
0.16795969009399414
0.18319034576416016
0.16727209091186523
0.1841752529144287
0.18431997299194336
0.18721222877502441
0.1787729263305664
0.18535661697387695
0.18858790397644043
0.1722278594970703
0.18269801139831543
0.19793438911437988
0.1867663860321045
0.1869981288909912
0.17952251434326172
0.18229913711547852
0.18889427185058594
0.18227362632751465
0.18416237831115723
0.18110084533691406
0.1800994873046875
0.18708109855651855
0.17581462860107422
0.19476103782653809
0.20093488693237305
0.18213558197021484
0.1857004165649414
0.1918485164642334
0.1790919303894043
0.17606043815612793
0.18812084197998047
0.17580199241638184
0.18279099464416504
0.18614912033081055
0.18553733825683594
0.1686115264892578
0.17066740989685059
0.19204115867614746
0.19434309005737305
0.1817176342010498
0.17841529846191406
0.1700446605682373
0.16934442520141602
0.1842813491821289
0.18546414375305176
0.18589282035827637
0.18458795547485352
0.1898350715637207
0.1758577823638916
0.17850971221923828
0.1757676601409912
0.1860370635986328
0.19100213050842285
0.1905066967010498
0.18323135375976562
0.18688106536865234
0.18344640731811523
0.1844031810760498
0.18789291381835938
0.16389751434326172
0.18727397918701172
0.18302106857299805
0.1849372386932373
0.1964263916015625
0.18762660026550293
0.18365168571472168
0.18099665641784668
0.1889970302581787
0.18551063537597656
0.19783854484558105
0.2001030445098877
0.18760204315185547
0.18915820121765137
0.18497729301452637
0.18503117561340332
0.18367862701416016
0.16916155815124512
0.184523344039917
0.18574285507202148
0.17382001876831055
0.18493294715881348
0.1739978790283203
0.18867135047912598
0.18697762489318848
0.18399405479431152
0.18350958824157715
0.16662240028381348
0.19292211532592773
0.19028091430664062
0.18470072746276855
0.22332382202148438
0.2001352310180664
0.18741726875305176
0.1821610927581787
0.18494725227355957
0.1923971176147461
0.17423725128173828
0.18507599830627441
0.1749107837677002
0.18516087532043457
0.18432283401489258
0.18584728240966797
0.19659185409545898
0.18401741981506348
0.1858043670654297
0.17217659950256348
0.18407535552978516
0.18181824684143066
0.1826188564300537
0.18584895133972168
0.18595576286315918
0.1867356300354004
0.18336009979248047
0.18266940116882324
0.184051513671875
0.17081165313720703
0.1779463291168213
0.1679518222808838
0.18791484832763672
0.20186114311218262
0.18253493309020996
0.18597722053527832
0.1846308708190918
0.1830768585205078
0.1747286319732666
0.1755046844482422
0.18556737899780273
0.17938470840454102
0.18380165100097656
0.18207073211669922
0.18297481536865234
0.17382216453552246
0.18340301513671875
0.18697547912597656
0.18801045417785645
0.17796826362609863
0.18196368217468262
0.19222569465637207
0.18945789337158203
0.1837749481201172
0.18965435028076172
0.18764424324035645
0.1888747215270996
0.19234871864318848
0.19275164604187012
0.1845555305480957
0.18311262130737305
0.18555140495300293
0.18592405319213867
0.187056303024292
0.1836409568786621
0.1887202262878418
0.18417596817016602
0.17627239227294922
0.17448115348815918
0.18298673629760742
0.1850137710571289
0.18497967720031738
0.1819896697998047
0.18450474739074707
0.18417763710021973
0.17905807495117188
0.18416213989257812
0.17143797874450684
0.18375706672668457
0.18544840812683105
0.17896628379821777
0.1763896942138672
0.19024872779846191
0.1760244369506836
0.1869204044342041
0.20830130577087402
0.19216346740722656
0.21019434928894043
0.18488693237304688
0.18429207801818848
0.1822826862335205
0.18234658241271973
0.1733546257019043
0.18618512153625488
0.17744183540344238
0.18541336059570312
0.18289637565612793
0.17949795722961426
0.19121265411376953
0.18205571174621582
0.1854264736175537
0.1849210262298584
0.30504655838012695
0.27292895317077637
0.18070650100708008
0.3040473461151123
0.18492555618286133
0.17629241943359375
0.1777057647705078
0.18055510520935059
0.17653870582580566
0.1949939727783203
0.1846916675567627
0.1854548454284668
0.1860044002532959
0.18755030632019043
0.1879749298095703
0.18369507789611816
0.18416428565979004
0.1839447021484375
0.18498563766479492
0.18451428413391113
0.18302202224731445
0.18350553512573242
0.18495678901672363
0.18703460693359375
0.17388224601745605
0.18007159233093262
0.18497514724731445
0.185988187789917
0.1885700225830078
0.18784809112548828
0.184312105178833
0.18287205696105957
0.18352031707763672
0.1843123435974121
0.1873784065246582
0.1865065097808838
0.17851614952087402
0.18117451667785645
0.18936729431152344
0.18284821510314941
0.17169976234436035
0.17803287506103516
0.17800211906433105
0.1861882209777832
0.18277668952941895
0.18555951118469238
0.1816864013671875
0.18356561660766602
0.18908405303955078
0.18483972549438477
0.18388128280639648
0.18351960182189941
0.18265652656555176
0.18147969245910645
0.17465662956237793
0.17271041870117188
0.18324661254882812
0.18318724632263184
0.18611526489257812
0.17246341705322266
0.17250919342041016
0.18380308151245117
0.17706561088562012
0.18272805213928223
0.1742570400238037
0.21591806411743164
0.18290257453918457
0.18224620819091797
0.18577790260314941
0.18313813209533691
0.1707165241241455
0.1818561553955078
0.1813502311706543
0.18239307403564453
0.17441272735595703
0.17041707038879395
0.18334054946899414
0.17677021026611328
0.1852731704711914
0.1943976879119873
0.18802523612976074
0.4845542907714844
0.3249368667602539
0.19040584564208984
0.22657299041748047
0.3186640739440918
0.18336248397827148
0.18451404571533203
0.18190431594848633
0.18361544609069824
0.17983555793762207
0.1817636489868164
0.18408989906311035
0.18219208717346191
0.18273186683654785
0.18287920951843262
0.1825087070465088
0.18552541732788086
0.17734766006469727
0.18559837341308594
0.18486976623535156
0.17036008834838867
0.1851367950439453
0.17753911018371582
0.18448948860168457
0.1943070888519287
0.17119193077087402
0.18113422393798828
0.1732649803161621
0.1853656768798828
0.16104459762573242
0.18590855598449707
0.18701887130737305
0.18395781517028809
0.17134666442871094
0.18834805488586426
0.18410181999206543
0.1894853115081787
0.18677592277526855
0.18399286270141602
0.1828444004058838
0.1829681396484375
0.18570184707641602
0.18549656867980957
0.1862196922302246
0.1878190040588379
0.18868470191955566
0.19255971908569336
0.18995213508605957
0.18899941444396973
0.18577313423156738
0.1850285530090332
0.16411161422729492
0.18553876876831055
0.18495869636535645
0.18726587295532227
0.18239307403564453
0.18471312522888184
0.18053340911865234
0.17958688735961914
0.18434405326843262
0.18491387367248535
0.18728256225585938
0.1921846866607666
0.1917104721069336
0.18445444107055664
0.19161677360534668
0.18638134002685547
0.18479371070861816
0.17382073402404785
0.18068766593933105
0.16913962364196777
0.1770181655883789
0.18216323852539062
0.1768639087677002
0.19003558158874512
0.18183112144470215
0.19051647186279297
0.17658472061157227
0.17226576805114746
0.18358826637268066
0.1851339340209961
0.20766663551330566
0.1932971477508545
0.1833205223083496
0.18870043754577637
0.17510747909545898
0.18371009826660156
0.19239544868469238
0.18339037895202637
0.18601226806640625
0.18801379203796387
0.188978910446167
0.18700003623962402
0.1744542121887207
0.19059109687805176
0.18442106246948242
0.18391203880310059
0.1860644817352295
0.18553638458251953
0.19694185256958008
0.19222736358642578
0.18961596488952637
0.19443154335021973
0.18857836723327637
0.1800847053527832
0.18260955810546875
0.18478894233703613
0.1867079734802246
0.17453932762145996
0.19434022903442383
0.1788651943206787
0.183624267578125
0.1750481128692627
0.18298768997192383
0.19289207458496094
0.190826416015625
0.1947035789489746
0.19321608543395996
0.19130444526672363
0.1824800968170166
0.1833202838897705
0.1851801872253418
0.17331862449645996
0.18463850021362305
0.18227100372314453
0.1774585247039795
0.19469475746154785
0.18685007095336914
0.1853501796722412
0.1943988800048828
0.19036197662353516
0.19897913932800293
0.1938011646270752
0.1812276840209961
0.19208836555480957
0.19306111335754395
0.20903754234313965
0.17430830001831055
0.4748830795288086
0.20718622207641602
0.1948082447052002
0.23332691192626953
0.20470046997070312
0.2014477252960205
0.18779301643371582
0.1726062297821045
0.18116140365600586
0.18214082717895508
0.1921091079711914
0.18749761581420898
0.28835010528564453
0.24974274635314941
0.2517209053039551
0.17611241340637207
0.18320417404174805
0.18521642684936523
0.19258785247802734
0.1767280101776123
0.18004536628723145
0.17931222915649414
0.18402981758117676
0.18530631065368652
0.1657099723815918
0.18437623977661133
0.1838693618774414
0.1869983673095703
0.18503665924072266
0.19181513786315918
0.18237638473510742
0.19530200958251953
0.1844618320465088
0.18700528144836426
0.1879878044128418
0.17943263053894043
0.1824352741241455
0.18018245697021484
0.1850731372833252
0.18352961540222168
0.18718576431274414
0.18674492835998535
0.18528246879577637
0.18450284004211426
0.19438767433166504
0.18841552734375
0.18497514724731445
0.16797113418579102
0.17796063423156738
0.18198776245117188
0.18601536750793457
0.19190025329589844
0.18631410598754883
0.18528389930725098
0.18657588958740234
0.1690843105316162
0.18405461311340332
0.18438148498535156
0.1995410919189453
0.19777774810791016
0.18767189979553223
0.20166873931884766
0.1867530345916748
0.20821499824523926
0.18479681015014648
0.18702960014343262
0.18014264106750488
0.15963363647460938
0.18171000480651855
0.18509387969970703
0.1875596046447754
0.19956660270690918
0.18907570838928223
0.18993186950683594
0.18879318237304688
0.19836211204528809
0.18952012062072754
0.18201184272766113
0.18482112884521484
0.18302035331726074
0.1840507984161377
0.17359232902526855
0.18924736976623535
0.18298554420471191
0.17418265342712402
0.18316268920898438
0.17543411254882812
0.18112826347351074
0.19533419609069824
0.19424176216125488
0.198333740234375
0.19332122802734375
0.17607331275939941
0.1963939666748047
0.18268394470214844
0.1829240322113037
0.18478608131408691
0.18569564819335938
0.18255925178527832
0.1852884292602539
0.19944214820861816
0.16352391242980957
0.1855180263519287
0.18544960021972656
0.18603134155273438
0.18399643898010254
0.175001859664917
0.1869821548461914
0.18320369720458984
0.18562698364257812
0.18248534202575684
0.16948509216308594
0.1735243797302246
0.18778324127197266
0.18390250205993652
0.18110918998718262
0.18652653694152832
0.17716646194458008
0.1881868839263916
0.19091057777404785
0.18648147583007812
0.18797636032104492
0.18530035018920898
0.17742705345153809
0.18392539024353027
0.1856708526611328
0.18923377990722656
0.18523311614990234
0.19347476959228516
0.1833808422088623
0.18306612968444824
0.18521618843078613
0.1830463409423828
0.19127511978149414
0.18759608268737793
0.19960594177246094
0.20029306411743164
0.1941204071044922
0.18274998664855957
0.19783997535705566
0.18438029289245605
0.18567681312561035
0.17476963996887207
0.18711495399475098
0.16798853874206543
0.1870710849761963
0.18518471717834473
0.1774430274963379
0.177506685256958
0.17566847801208496
0.17535686492919922
0.2045130729675293
0.1825730800628662
0.18416309356689453
0.1880800724029541
0.1744060516357422
0.18667173385620117
0.18239235877990723
0.1869204044342041
0.18470144271850586
0.18489480018615723
0.18744635581970215
0.18288493156433105
0.1835484504699707
0.1809706687927246
0.1861422061920166
0.17661595344543457
0.18290948867797852
0.18436574935913086
0.1871652603149414
0.1749286651611328
0.1730027198791504
0.1826798915863037
0.18411612510681152
0.17493152618408203
0.19198298454284668
0.18531107902526855
0.18548178672790527
0.19049477577209473
0.17999029159545898
0.1853656768798828
0.1722278594970703
0.18520569801330566
0.1758735179901123
0.18789267539978027
0.2187352180480957
0.19240522384643555
0.18973278999328613
0.18695449829101562
0.18702149391174316
0.17772388458251953
0.18772292137145996
0.18596863746643066
0.18922781944274902
0.17808246612548828
0.17215943336486816
0.17018556594848633
0.18588590621948242
0.1857624053955078
0.19095444679260254
0.18652606010437012
0.17341995239257812
0.1824185848236084
0.17972064018249512
0.1841287612915039
0.1877124309539795
0.18678951263427734
0.18726825714111328
0.18059873580932617
0.18459820747375488
0.19011139869689941
0.18728399276733398
0.1954207420349121
0.18341875076293945
0.18140888214111328
0.17547059059143066
0.1823558807373047
0.18428611755371094
0.1865222454071045
0.1980276107788086
0.18239283561706543
0.17020201683044434
0.19002890586853027
0.16619110107421875
0.18415260314941406
0.19737744331359863
0.19075798988342285
0.18652105331420898
0.1825556755065918
0.18247294425964355
0.17282557487487793
0.18098092079162598
0.18280959129333496
0.18300318717956543
0.1830921173095703
0.1835949420928955
0.1852402687072754
0.18568086624145508
0.16840720176696777
0.18341851234436035
0.18640851974487305
0.1923975944519043
0.18507695198059082
0.18497157096862793
0.18225646018981934
0.18282055854797363
0.18424415588378906
0.18401837348937988
0.17800450325012207
0.18193888664245605
0.1916213035583496
0.18793821334838867
0.18279767036437988
0.18386220932006836
0.18212008476257324
0.1782984733581543
0.18230628967285156
0.18728947639465332
0.1806950569152832
0.3843657970428467
0.309140682220459
0.17598652839660645
0.17993903160095215
0.17600607872009277
0.18143272399902344
0.19181180000305176
0.22867894172668457
0.180145263671875
0.1757194995880127
0.18478846549987793
0.18376970291137695
0.18484783172607422
0.18282580375671387
0.17711687088012695
0.18173909187316895
0.18701672554016113
0.18598723411560059
0.18347787857055664
0.1855630874633789
0.17344975471496582
0.18359708786010742
0.18391704559326172
0.1991894245147705
0.18272161483764648
0.1759636402130127
0.18258190155029297
0.18395662307739258
0.1834123134613037
0.16804122924804688
0.18404555320739746
0.18500232696533203
0.1806643009185791
0.18399572372436523
0.1865558624267578
0.18375468254089355
0.18427729606628418
0.19150757789611816
0.19017720222473145
0.19303250312805176
0.18497323989868164
0.18455100059509277
0.18574213981628418
0.18292546272277832
0.1858968734741211
0.17744064331054688
0.18416881561279297
0.17416810989379883
0.19077420234680176
0.19484663009643555
0.1818227767944336
0.17438697814941406
0.18062925338745117
0.1820085048675537
0.18533015251159668
0.1842055320739746
0.18328332901000977
0.18353629112243652
0.18410158157348633
0.18275952339172363
0.17199468612670898
0.18642401695251465
0.1852118968963623
0.18367815017700195
0.19270706176757812
0.19375300407409668
0.18543028831481934
0.17906951904296875
0.18535423278808594
0.1853644847869873
0.16869187355041504
0.18765497207641602
0.1835336685180664
0.18159008026123047
0.18700504302978516
0.1839888095855713
0.18483495712280273
0.18420648574829102
0.1831507682800293
0.1923666000366211
0.1818103790283203
0.18494105339050293
0.18344855308532715
0.179856538772583
0.17583203315734863
0.18096613883972168
0.18309426307678223
0.18535947799682617
0.18666529655456543
0.1818709373474121
0.18211841583251953
0.18839335441589355
0.17852234840393066
0.1835315227508545
0.18346643447875977
0.1813654899597168
0.1845567226409912
0.18279767036437988
0.18573546409606934
0.18478941917419434
0.16892480850219727
0.18121576309204102
0.18463587760925293
0.17894387245178223
0.18698406219482422
0.1609325408935547
0.18675708770751953
0.18355774879455566
0.19140625
0.18307161331176758
0.18442153930664062
0.18199682235717773
0.18738985061645508
0.18254852294921875
0.17598485946655273
0.1899552345275879
0.16704487800598145
0.18404579162597656
0.18713092803955078
0.18518948554992676
0.1821892261505127
0.18004083633422852
0.18192744255065918
0.1781020164489746
0.19842982292175293
0.18532538414001465
0.1676039695739746
0.17561912536621094
0.17476916313171387
0.18499207496643066
0.17999720573425293
0.18799662590026855
0.183990478515625
0.19899559020996094
0.18936681747436523
0.18012785911560059
0.1939077377319336
0.18622756004333496
0.18923306465148926
0.18485713005065918
0.18390440940856934
0.18632721900939941
0.17931723594665527
0.17847657203674316
0.18701171875
0.18900442123413086
0.17442059516906738
0.19085240364074707
0.1821277141571045
0.18236851692199707
0.1862196922302246
0.18181085586547852
0.19438791275024414
0.1889045238494873
0.19436264038085938
0.1714026927947998
0.1739647388458252
0.17507123947143555
0.1949598789215088
0.18231797218322754
0.20042181015014648
0.18699431419372559
0.18432927131652832
0.18322134017944336
0.19092726707458496
0.1927497386932373
0.19185137748718262
0.21187949180603027
0.26865267753601074
0.2877182960510254
0.20924830436706543
0.1835160255432129
0.1880483627319336
0.18665385246276855
0.18175411224365234
0.20047736167907715
0.20563387870788574
0.1856060028076172
0.17778491973876953
0.17513751983642578
0.1752011775970459
0.18586325645446777
0.169219970703125
0.18659472465515137
0.1828289031982422
0.18557953834533691
0.1804821491241455
0.19030380249023438
0.1840806007385254
0.18543672561645508
0.1857752799987793
0.18907713890075684
0.17945384979248047
0.18759489059448242
0.18638181686401367
0.18120241165161133
0.1856672763824463
0.17716765403747559
0.18691730499267578
0.18822860717773438
0.21080660820007324
0.19298768043518066
0.2020401954650879
0.20955395698547363
0.19197654724121094
0.20600461959838867
0.17497706413269043
0.17399978637695312
0.18334317207336426
0.17208027839660645
0.18609094619750977
0.1898355484008789
0.18076562881469727
0.18424773216247559
0.19154000282287598
0.18532681465148926
0.20032238960266113
0.19374394416809082
0.18802833557128906
0.188568115234375
0.18796467781066895
0.1819610595703125
0.17796874046325684
0.1889810562133789
0.18160152435302734
0.1983623504638672
0.19850707054138184
0.1965487003326416
0.18468022346496582
0.1922588348388672
0.18351125717163086
0.17850685119628906
0.19201254844665527
0.1853935718536377
0.18561697006225586
0.16945958137512207
0.1836392879486084
0.1791677474975586
0.18623781204223633
0.178361177444458
0.1827986240386963
0.18761515617370605
0.17998695373535156
0.18004369735717773
0.1796722412109375
0.18598031997680664
0.1830594539642334
0.2025132179260254
0.21137356758117676
0.18617868423461914
0.20127630233764648
0.1823427677154541
0.1896953582763672
0.1899111270904541
0.18628811836242676
0.1719052791595459
0.1976933479309082
0.17781877517700195
0.1850271224975586
0.18365073204040527
0.18069219589233398
0.18634343147277832
0.1850602626800537
0.18438982963562012
0.18503093719482422
0.18507885932922363
0.19159364700317383
0.19423723220825195
0.18343377113342285
0.18338465690612793
0.18494296073913574
0.17438840866088867
0.18076443672180176
0.18366098403930664
0.19065570831298828
0.18587899208068848
0.21914005279541016
0.1875922679901123
0.18554282188415527
0.18477725982666016
0.18427610397338867
0.18814468383789062
0.19158005714416504
0.18770289421081543
0.1873769760131836
0.18003177642822266
0.1919994354248047
0.1809234619140625
0.19143176078796387
0.18639683723449707
0.16576170921325684
0.18072795867919922
0.1768035888671875
0.18327760696411133
0.1955397129058838
0.1721179485321045
0.1871016025543213
0.18831920623779297
0.1833491325378418
0.18654751777648926
0.18122529983520508
0.17930197715759277
0.18097448348999023
0.18399906158447266
0.19213557243347168
0.2111201286315918
0.2051098346710205
0.21210312843322754
0.18591570854187012
0.18276739120483398
0.22178101539611816
0.18570256233215332
0.1818406581878662
0.18552088737487793
0.18685531616210938
0.18346071243286133
0.1796278953552246
0.18550658226013184
0.182511568069458
0.1840832233428955
0.18247294425964355
0.2047443389892578
0.18886256217956543
0.18274927139282227
0.18360662460327148
0.1935591697692871
0.18604683876037598
0.18534207344055176
0.17445015907287598
0.18091630935668945
0.1869659423828125
0.18398737907409668
0.17647433280944824
0.1907789707183838
0.18515706062316895
0.18263006210327148
0.18407917022705078
0.18480873107910156
0.18362808227539062
0.1831531524658203
0.18172788619995117
0.17475652694702148
0.17189645767211914
0.18302464485168457
0.18517041206359863
0.17572975158691406
0.1787247657775879
0.22040104866027832
0.18598675727844238
0.18627190589904785
0.18311214447021484
0.17854547500610352
0.18199563026428223
0.185502290725708
0.18535685539245605
0.19251608848571777
0.1744825839996338
0.1818089485168457
0.19875764846801758
0.17458391189575195
0.17878031730651855
0.18404388427734375
0.17606019973754883
0.18880248069763184
0.18261170387268066
0.18001866340637207
0.17757868766784668
0.18596959114074707
0.18382668495178223
0.18361473083496094
0.18712735176086426
0.17120027542114258
0.18494558334350586
0.185136079788208
0.18575000762939453
0.18398022651672363
0.18716859817504883
0.18385744094848633
0.19013381004333496
0.1813802719116211
0.18172931671142578
0.18876409530639648
0.17181801795959473
0.18641304969787598
0.18427228927612305
0.18311166763305664
0.18262982368469238
0.19289326667785645
0.255556583404541
0.18567919731140137
0.18398261070251465
0.19633078575134277
0.18312621116638184
0.18520522117614746
0.23179221153259277
0.39107394218444824
0.18386054039001465
0.1920182704925537
0.1839449405670166
0.17792201042175293
0.16739940643310547
0.1899416446685791
0.17153406143188477
0.17973065376281738
0.17701244354248047
0.1738429069519043
0.19977164268493652
0.1975855827331543
0.17859435081481934
0.18185758590698242
0.18536853790283203
0.18435883522033691
0.18155741691589355
0.18225312232971191
0.20513200759887695
0.18954086303710938
0.19350337982177734
0.18307709693908691
0.18842244148254395
0.18393492698669434
0.17687511444091797
0.1832270622253418
0.18277764320373535
0.18216681480407715
0.1889791488647461
0.18296313285827637
0.18003582954406738
0.17500734329223633
0.18553853034973145
0.18600726127624512
0.1815047264099121
0.16935396194458008
0.1819438934326172
0.18560457229614258
0.1825094223022461
0.17837786674499512
0.173630952835083
0.17467331886291504
0.18281102180480957
0.17019939422607422
0.18419361114501953
0.1829836368560791
0.18867182731628418
0.19431757926940918
0.1894543170928955
0.19045066833496094
0.19391298294067383
0.19660329818725586
0.17655611038208008
0.1898643970489502
0.2010631561279297
0.18656539916992188
0.19002556800842285
0.1917872428894043
0.18089866638183594
0.17990827560424805
0.18526506423950195
0.18563413619995117
0.1860513687133789
0.182234525680542
0.19581151008605957
0.19748473167419434
0.1892862319946289
0.18334031105041504
0.16411805152893066
0.18447279930114746
0.18216753005981445
0.182297945022583
0.18302297592163086
0.18365883827209473
0.16948866844177246
0.19082951545715332
0.18806219100952148
0.19414520263671875
0.17721986770629883
0.19123315811157227
0.18661856651306152
0.18033075332641602
0.18127846717834473
0.19373154640197754
0.18299174308776855
0.17145681381225586
0.18324017524719238
0.17509794235229492
0.18282175064086914
0.18749046325683594
0.19899201393127441
0.18927216529846191
0.20297765731811523
0.1743941307067871
0.1858386993408203
0.18416595458984375
0.2054131031036377
0.18860101699829102
0.18125677108764648
0.18731331825256348
0.18915581703186035
0.18797564506530762
0.18403840065002441
0.18921566009521484
0.18820834159851074
0.18193411827087402
0.17519712448120117
0.1832277774810791
0.18765592575073242
0.19888901710510254
0.1892986297607422
0.20263218879699707
0.18465733528137207
0.18526721000671387
0.18692445755004883
0.1780540943145752
0.18346762657165527
0.18227934837341309
0.18396592140197754
0.18170714378356934
0.18886637687683105
0.18967509269714355
0.1859893798828125
0.19832491874694824
0.18100476264953613
0.18677091598510742
