0.18140339851379395
0.1822645664215088
0.18354392051696777
0.1901085376739502
0.18088126182556152
0.18175101280212402
0.1682136058807373
0.18050622940063477
0.17255282402038574
0.18145132064819336
0.22320127487182617
0.19623255729675293
0.16637015342712402
0.17646050453186035
0.18459200859069824
0.1857905387878418
0.16900157928466797
0.16413521766662598
0.18054556846618652
0.18102717399597168
0.17683672904968262
0.17403221130371094
0.17299389839172363
0.1788640022277832
0.182511568069458
0.1791675090789795
0.18319344520568848
0.18577241897583008
0.1924734115600586
0.1754751205444336
0.19655704498291016
0.16620707511901855
0.18437480926513672
0.18763065338134766
0.1850600242614746
0.18736958503723145
0.1822359561920166
0.18582963943481445
0.17407584190368652
0.18576955795288086
0.1699817180633545
0.18033862113952637
0.18487763404846191
0.1827399730682373
0.18365693092346191
0.18429160118103027
0.17325901985168457
0.1740124225616455
0.19101381301879883
0.1873025894165039
0.19498133659362793
0.20283746719360352
0.20397257804870605
0.18372559547424316
0.18714332580566406
0.1688399314880371
0.18676233291625977
0.1887967586517334
0.1758441925048828
0.18526577949523926
0.1830735206604004
0.17829442024230957
0.18219447135925293
0.17280960083007812
0.17845582962036133
0.17965221405029297
0.18069791793823242
0.18326234817504883
0.1846919059753418
0.18426012992858887
0.18223857879638672
0.18433046340942383
0.1858067512512207
0.17132353782653809
0.18009114265441895
0.1845684051513672
0.18555665016174316
0.17754054069519043
0.19122624397277832
0.1906590461730957
0.1838393211364746
0.17583203315734863
0.1850123405456543
0.18311357498168945
0.18810725212097168
0.20691561698913574
0.21478867530822754
0.18189716339111328
0.17337369918823242
0.1626734733581543
0.18300628662109375
0.1840665340423584
0.1840360164642334
0.16499066352844238
0.18329119682312012
0.18541860580444336
0.18156790733337402
0.18320178985595703
0.16704916954040527
0.17801451683044434
0.17199325561523438
0.18900489807128906
0.16962265968322754
0.18445849418640137
0.18811297416687012
0.18497276306152344
0.19581389427185059
0.17677736282348633
0.17009806632995605
0.18204569816589355
0.1852569580078125
0.16858339309692383
0.18526554107666016
0.17817163467407227
0.17828869819641113
0.20351314544677734
0.16560626029968262
0.18323969841003418
0.18284988403320312
0.18456602096557617
0.18320274353027344
0.17344045639038086
0.18441176414489746
0.17368531227111816
0.17759466171264648
0.19204974174499512
0.17836308479309082
0.1868152618408203
0.1858227252960205
0.1717526912689209
0.1690075397491455
0.17097973823547363
0.18500185012817383
0.18194890022277832
0.16591286659240723
0.18109464645385742
0.18416047096252441
0.17348980903625488
0.18702411651611328
0.17325663566589355
0.17629361152648926
0.18364381790161133
0.16865229606628418
0.18283843994140625
0.18470239639282227
0.18538999557495117
0.17069649696350098
0.17468857765197754
0.18083500862121582
0.18366193771362305
0.23645567893981934
0.19749116897583008
0.18263578414916992
0.19124269485473633
0.1883103847503662
0.18503069877624512
0.18188714981079102
0.17563939094543457
0.17067980766296387
0.18653106689453125
0.18738436698913574
0.18278264999389648
0.18757963180541992
0.18281841278076172
0.17499375343322754
0.1709880828857422
0.18535161018371582
0.1784677505493164
0.1841139793395996
0.18234753608703613
0.18117141723632812
0.1823413372039795
0.18929028511047363
0.18152475357055664
0.18294286727905273
0.18413209915161133
0.18072271347045898
0.18366622924804688
0.16104650497436523
0.18380331993103027
0.16846537590026855
0.17589449882507324
0.184952974319458
0.17768383026123047
0.19167876243591309
0.1799638271331787
0.18392682075500488
0.19972705841064453
0.18952631950378418
0.19250702857971191
0.1874089241027832
0.17583227157592773
0.16880559921264648
0.19298934936523438
0.18145179748535156
0.1827859878540039
0.18165016174316406
0.17055916786193848
0.1826019287109375
0.18420147895812988
0.1862497329711914
0.18341469764709473
0.17521429061889648
0.1703801155090332
0.17960190773010254
0.18169808387756348
0.17043447494506836
0.15949392318725586
0.18334364891052246
0.18297052383422852
0.1849961280822754
0.17214655876159668
0.18744182586669922
0.16944074630737305
0.17836570739746094
0.16727375984191895
0.17385101318359375
0.17829680442810059
0.17804646492004395
0.2030806541442871
0.18626737594604492
0.19533681869506836
0.18607783317565918
0.18501877784729004
0.18181443214416504
0.18781113624572754
0.18375539779663086
0.17853832244873047
0.17855048179626465
0.1802225112915039
0.18651556968688965
0.1871488094329834
0.17405176162719727
0.1788315773010254
0.18376493453979492
0.1795799732208252
0.18371295928955078
0.18226003646850586
0.1845238208770752
0.1845395565032959
0.18668389320373535
0.19356894493103027
0.17963027954101562
0.18777751922607422
0.1897718906402588
0.184051513671875
0.18799829483032227
0.1844024658203125
0.17589449882507324
0.163862943649292
0.19297242164611816
0.17980313301086426
0.16116571426391602
0.18237686157226562
0.1823432445526123
0.17094755172729492
0.18414545059204102
0.1835002899169922
0.18633747100830078
0.17609381675720215
0.1858224868774414
0.1728510856628418
0.16977524757385254
0.16698074340820312
0.18190646171569824
0.17028498649597168
0.18561816215515137
0.18103289604187012
0.18344402313232422
0.18607139587402344
0.1864328384399414
0.172774076461792
0.17078065872192383
0.18513202667236328
0.17655253410339355
0.18468856811523438
0.1855924129486084
0.17855167388916016
0.17933416366577148
0.1820359230041504
0.17593860626220703
0.1779770851135254
0.18338465690612793
0.1790757179260254
0.18269133567810059
0.1925497055053711
0.17253780364990234
0.17895746231079102
0.17197895050048828
0.16899609565734863
0.18196535110473633
0.18397736549377441
0.19571805000305176
0.19341397285461426
0.18697738647460938
0.19812917709350586
0.17750787734985352
0.17733454704284668
0.19231271743774414
0.1792600154876709
0.18338298797607422
0.1803150177001953
0.18286752700805664
0.1873641014099121
0.17867684364318848
0.1705644130706787
0.17088770866394043
0.18847131729125977
0.18768954277038574
0.18202495574951172
0.17014622688293457
0.17934632301330566
0.1911487579345703
0.1670989990234375
0.17713665962219238
0.16820240020751953
0.1686539649963379
0.17065906524658203
0.1766517162322998
0.17401838302612305
0.1743144989013672
0.1804332733154297
0.1920185089111328
0.18111085891723633
0.16484904289245605
0.1661837100982666
0.18431544303894043
0.17478537559509277
0.16711163520812988
0.1824941635131836
0.1847972869873047
0.17888998985290527
0.1750495433807373
0.1864151954650879
0.17876100540161133
0.17768573760986328
0.17625784873962402
0.18066167831420898
0.16997814178466797
0.18009281158447266
0.1867084503173828
0.18163037300109863
0.1762986183166504
0.18905973434448242
0.19530200958251953
0.19640398025512695
0.18642401695251465
0.16948175430297852
0.18747377395629883
0.17656731605529785
0.18228745460510254
0.1699535846710205
0.18289971351623535
0.17621111869812012
0.1912689208984375
0.16147422790527344
0.18381237983703613
0.18404316902160645
0.18093585968017578
0.1802387237548828
0.17561721801757812
0.17965221405029297
0.17564964294433594
0.17865228652954102
0.18069219589233398
0.17424440383911133
0.17724084854125977
0.17241144180297852
0.18538355827331543
0.17398810386657715
0.17115020751953125
0.17021632194519043
0.17928075790405273
0.18315672874450684
0.19753098487854004
0.18433022499084473
0.17255496978759766
0.18254327774047852
0.17592310905456543
0.17621970176696777
0.1674957275390625
0.16959595680236816
0.17215538024902344
0.18570756912231445
0.18804478645324707
0.20106291770935059
0.18400788307189941
0.17863202095031738
0.18065929412841797
0.16980719566345215
0.18496370315551758
0.18564367294311523
0.17229938507080078
0.18221211433410645
0.18385601043701172
0.18988347053527832
0.18273687362670898
0.18372058868408203
0.1749873161315918
0.1889817714691162
0.18500185012817383
0.17601895332336426
0.17400431632995605
0.1840050220489502
0.18604183197021484
0.17699718475341797
0.18899154663085938
0.18372750282287598
0.17774701118469238
0.18551301956176758
0.16444611549377441
0.18343663215637207
0.1842496395111084
0.17423033714294434
0.18360114097595215
0.1867811679840088
0.18321537971496582
0.18134093284606934
0.1722240447998047
0.18382000923156738
0.17125654220581055
0.18237686157226562
0.18195700645446777
0.18825960159301758
0.1861112117767334
0.1779937744140625
0.18700361251831055
0.18398451805114746
0.16799402236938477
0.17299365997314453
0.18600201606750488
0.18499517440795898
0.18683290481567383
0.18488860130310059
0.19339370727539062
0.1832442283630371
0.17753267288208008
0.19012451171875
0.18867945671081543
0.1704268455505371
0.1716763973236084
0.19046640396118164
0.18472504615783691
0.18405389785766602
0.18230843544006348
0.1884140968322754
0.17756295204162598
0.18004250526428223
0.18406200408935547
0.1759486198425293
0.17798376083374023
0.1891927719116211
0.23269009590148926
0.18241000175476074
0.17673110961914062
0.17722249031066895
0.18568062782287598
0.17802906036376953
0.17854928970336914
0.17529034614562988
0.1762394905090332
0.17446279525756836
0.1942455768585205
0.20063996315002441
0.17121171951293945
0.18508076667785645
0.18024015426635742
0.18825650215148926
0.18308091163635254
0.18885302543640137
0.180189847946167
0.17246270179748535
0.17441940307617188
0.18722176551818848
0.17647600173950195
0.17400169372558594
0.1851329803466797
0.19920086860656738
0.18655657768249512
0.18960165977478027
0.18971991539001465
0.1924123764038086
0.18848299980163574
0.18853116035461426
0.1808772087097168
0.18639445304870605
0.1870896816253662
0.1861429214477539
0.18330621719360352
0.1698780059814453
0.18092608451843262
0.17121124267578125
0.17904925346374512
0.1792447566986084
0.18541312217712402
0.191420316696167
0.1820065975189209
0.18917131423950195
0.18375444412231445
0.17916607856750488
0.1879255771636963
0.2052161693572998
0.18160724639892578
0.17593669891357422
0.18183112144470215
0.1797018051147461
0.17708373069763184
0.18286848068237305
0.1879432201385498
0.1880781650543213
0.16972589492797852
0.18879222869873047
0.18471097946166992
0.17958927154541016
0.18728971481323242
0.1709742546081543
0.18454337120056152
0.17083120346069336
0.18684720993041992
0.18476200103759766
0.17456388473510742
0.1765587329864502
0.18162012100219727
0.18532752990722656
0.185014009475708
0.18707895278930664
0.18442535400390625
0.18943190574645996
0.19521141052246094
0.1807386875152588
0.17810654640197754
0.18568944931030273
0.17673110961914062
0.17887282371520996
0.18137621879577637
0.19051504135131836
0.17319512367248535
0.17685413360595703
0.1849973201751709
0.16100430488586426
0.18199872970581055
0.18302273750305176
0.17836666107177734
0.18381118774414062
0.19351553916931152
0.19564390182495117
0.17274761199951172
0.20483613014221191
0.1787092685699463
0.18535852432250977
0.18590116500854492
0.1733553409576416
0.17539191246032715
0.18735289573669434
0.1873478889465332
0.17335271835327148
0.1724863052368164
0.17121386528015137
0.16423678398132324
0.18324804306030273
0.17837834358215332
0.18497014045715332
0.18274474143981934
0.18379521369934082
0.17665553092956543
0.17238378524780273
0.17200469970703125
0.1856238842010498
0.18461847305297852
0.1856379508972168
0.18169260025024414
0.18796133995056152
0.1773240566253662
0.17730188369750977
0.18425273895263672
0.18345069885253906
0.18399405479431152
0.1765308380126953
0.19130778312683105
0.1775827407836914
0.17318081855773926
0.17797398567199707
0.18315958976745605
0.1797945499420166
0.17473435401916504
0.1836249828338623
0.1832420825958252
0.17759346961975098
0.189561128616333
0.16888213157653809
0.19190573692321777
0.1819620132446289
0.19192171096801758
0.1741030216217041
0.1884288787841797
0.17773675918579102
0.1762862205505371
0.17531156539916992
0.16942811012268066
0.1813981533050537
0.17017364501953125
0.18285918235778809
0.17931532859802246
0.18305468559265137
0.18339157104492188
0.17684459686279297
0.17662358283996582
0.17381858825683594
0.1598665714263916
0.18893742561340332
0.18762493133544922
0.18154335021972656
0.17063546180725098
0.18814730644226074
0.19587016105651855
0.18611621856689453
0.18094778060913086
0.18505239486694336
0.17438244819641113
0.1867988109588623
0.184586763381958
0.18393516540527344
0.18480706214904785
0.17870020866394043
0.17783832550048828
0.16952037811279297
0.17520427703857422
0.1729598045349121
0.17977190017700195
0.1862807273864746
0.18119287490844727
0.18531394004821777
0.1822986602783203
0.1851050853729248
0.17249703407287598
0.17954134941101074
0.1850118637084961
0.18201088905334473
0.18616795539855957
0.1844937801361084
0.1755218505859375
0.17948603630065918
0.1815192699432373
0.1662745475769043
0.18926048278808594
0.18798494338989258
0.17325353622436523
0.18604159355163574
0.17917919158935547
0.18912911415100098
0.18406105041503906
0.18343710899353027
0.1817915439605713
0.17117834091186523
0.17220425605773926
0.18767309188842773
0.19467687606811523
0.1850578784942627
0.18453240394592285
0.18506717681884766
0.18413400650024414
0.1813511848449707
0.18236088752746582
0.17070484161376953
0.1846930980682373
0.18471407890319824
0.16985297203063965
0.18495845794677734
0.19197487831115723
0.18599224090576172
0.17128348350524902
0.1877427101135254
0.1837778091430664
0.1771705150604248
0.17020964622497559
0.18356728553771973
0.18836045265197754
0.18498730659484863
0.1862950325012207
0.19934916496276855
0.1752467155456543
0.18416404724121094
0.18785595893859863
0.17932963371276855
0.1762256622314453
0.17924189567565918
0.17530107498168945
0.18666839599609375
0.18408727645874023
0.16491055488586426
0.16939377784729004
0.18312978744506836
0.17461609840393066
0.18925833702087402
0.17254352569580078
0.1761767864227295
0.18987751007080078
0.1790752410888672
0.17985010147094727
0.1688385009765625
0.18401598930358887
0.16958975791931152
0.18281769752502441
0.18709015846252441
0.18224000930786133
0.17176103591918945
0.17293286323547363
0.19195318222045898
0.1757657527923584
0.17393851280212402
0.18599677085876465
0.18499374389648438
0.18621349334716797
0.1803431510925293
0.17809176445007324
0.17250704765319824
0.17650318145751953
0.17478585243225098
0.18529629707336426
0.18375110626220703
0.18375015258789062
0.16794729232788086
0.18700957298278809
0.183851957321167
0.18234682083129883
0.1863541603088379
0.16802167892456055
0.18197345733642578
0.1851811408996582
0.18260693550109863
0.18165302276611328
0.18581461906433105
0.18541336059570312
0.17579364776611328
0.16677546501159668
0.18593144416809082
0.18593621253967285
0.1900331974029541
0.1808161735534668
0.1735239028930664
0.16656017303466797
0.18440008163452148
0.17635440826416016
0.18442487716674805
0.1739645004272461
0.17996716499328613
0.1859738826751709
0.16134905815124512
0.18222665786743164
0.1759655475616455
0.17664575576782227
0.1787886619567871
0.1907362937927246
0.18256092071533203
0.1888124942779541
0.1884915828704834
0.18266773223876953
0.18080806732177734
0.1737380027770996
0.18865275382995605
0.1879594326019287
0.18358159065246582
0.17560434341430664
0.18358993530273438
0.1824016571044922
0.18529748916625977
0.17944002151489258
0.18249773979187012
0.17416000366210938
0.18075060844421387
0.19043302536010742
0.16994285583496094
0.19200515747070312
0.1970977783203125
0.18770551681518555
0.19364666938781738
0.31287646293640137
0.3190300464630127
0.31412672996520996
0.29531121253967285
0.18407917022705078
0.1866772174835205
0.1726675033569336
0.17783236503601074
0.18220901489257812
0.16865944862365723
0.17655229568481445
0.18854784965515137
0.18482089042663574
0.18275785446166992
0.18409943580627441
0.170029878616333
0.18567776679992676
0.17654824256896973
0.19573354721069336
0.19684934616088867
0.17151522636413574
0.1775069236755371
0.18318533897399902
0.17751336097717285
0.18380331993103027
0.17120623588562012
0.18413019180297852
0.16539335250854492
0.1784982681274414
0.185699462890625
0.1997087001800537
0.17194914817810059
0.19307279586791992
0.17295169830322266
0.17396974563598633
0.175032377243042
0.17699408531188965
0.1850121021270752
0.18403029441833496
0.1911299228668213
0.18623995780944824
0.18819975852966309
0.18301606178283691
0.17527556419372559
0.18122267723083496
0.164628267288208
0.17461609840393066
0.1833348274230957
0.18596720695495605
0.17954111099243164
0.17775273323059082
0.1808640956878662
0.17995333671569824
0.18455076217651367
0.16736102104187012
0.1853809356689453
0.18202614784240723
0.1773090362548828
0.18076348304748535
0.18307805061340332
0.18305516242980957
0.17599797248840332
0.18561577796936035
0.18059110641479492
0.18489813804626465
0.17060041427612305
0.1817035675048828
0.18456625938415527
0.18108463287353516
0.175750732421875
0.1842195987701416
0.18255209922790527
0.273024320602417
0.3557302951812744
0.2509315013885498
0.2448427677154541
0.1889970302581787
0.18601274490356445
0.17864513397216797
0.17971587181091309
0.17467999458312988
0.180466890335083
0.17048382759094238
0.18196487426757812
0.18290162086486816
0.18576955795288086
0.17679882049560547
0.17092466354370117
0.1990659236907959
0.19009685516357422
0.19712543487548828
0.17951154708862305
0.18555951118469238
0.17436885833740234
0.17247724533081055
0.18717122077941895
0.18379569053649902
0.18487024307250977
0.18409323692321777
0.18926596641540527
0.17375707626342773
0.18344593048095703
0.17571163177490234
0.17262792587280273
0.18361592292785645
0.17410826683044434
0.18719482421875
0.18019866943359375
0.18918848037719727
0.16527891159057617
0.18924498558044434
0.18796539306640625
0.18697547912597656
0.17885994911193848
0.18599176406860352
0.16601991653442383
0.18812894821166992
0.18510723114013672
0.19511008262634277
0.1706557273864746
0.19326353073120117
0.19679021835327148
0.19677519798278809
0.1761164665222168
0.18606138229370117
0.18053698539733887
0.17616963386535645
0.188215970993042
0.18354153633117676
0.18459177017211914
0.19045782089233398
0.18326616287231445
0.18429923057556152
0.18404412269592285
0.1819164752960205
0.18393397331237793
0.18324065208435059
0.18627643585205078
0.1784515380859375
0.1785283088684082
0.17433977127075195
0.17617082595825195
0.1840686798095703
0.17486238479614258
0.18102240562438965
0.23624038696289062
0.18263602256774902
0.26307034492492676
0.22568440437316895
0.1720883846282959
0.1755385398864746
0.18088030815124512
0.1782233715057373
0.17624998092651367
0.1835918426513672
0.18381214141845703
0.1837313175201416
0.18420004844665527
0.1769099235534668
0.17639493942260742
0.18536090850830078
0.17630386352539062
0.18033623695373535
0.19233465194702148
0.18697452545166016
0.20085763931274414
0.18498444557189941
0.18181157112121582
0.17109918594360352
0.16311144828796387
0.18384218215942383
0.17728281021118164
0.1841878890991211
0.18737578392028809
0.18441510200500488
0.17603731155395508
0.18564701080322266
0.17099714279174805
0.18800759315490723
0.18772101402282715
0.17400288581848145
0.19099974632263184
0.18952417373657227
0.16853857040405273
0.18152832984924316
0.17817068099975586
0.17349696159362793
0.17014503479003906
0.1642773151397705
0.18210792541503906
0.16633248329162598
0.18619132041931152
0.1843101978302002
0.18196964263916016
0.1790330410003662
0.16502881050109863
0.18769240379333496
0.18662762641906738
0.18506717681884766
0.17641282081604004
0.1846327781677246
0.1703803539276123
0.179030179977417
0.17795777320861816
0.17374324798583984
0.18572545051574707
0.17560625076293945
0.1851482391357422
0.18364381790161133
0.16568493843078613
0.17969655990600586
0.17282485961914062
0.17696523666381836
0.17595934867858887
0.18397045135498047
0.18899202346801758
0.18581032752990723
0.17854666709899902
0.16524553298950195
0.17924165725708008
0.16950273513793945
0.1810903549194336
0.17060089111328125
0.17809176445007324
0.1711113452911377
0.1841282844543457
0.18504762649536133
0.18558144569396973
0.18451905250549316
0.1791973114013672
0.1845695972442627
0.18149209022521973
0.17842769622802734
0.17243027687072754
0.17380332946777344
0.18155717849731445
0.1817638874053955
0.18738985061645508
0.19672250747680664
0.16358089447021484
0.20073246955871582
0.18265032768249512
0.18465733528137207
0.17940282821655273
0.19152212142944336
0.18065428733825684
0.17579102516174316
0.18423676490783691
0.18561363220214844
0.18437862396240234
0.1692662239074707
0.17215919494628906
0.18322420120239258
0.18171453475952148
0.16983675956726074
0.176513671875
0.1791088581085205
0.18218779563903809
0.18426227569580078
0.17639851570129395
0.17361736297607422
0.18342208862304688
0.17261219024658203
0.18344640731811523
0.18207645416259766
0.17751073837280273
0.18257880210876465
0.1830744743347168
0.18929147720336914
0.1831510066986084
0.1856691837310791
0.17538833618164062
0.18341779708862305
0.17293357849121094
0.19338679313659668
0.18551850318908691
0.18485760688781738
0.1798691749572754
0.1838986873626709
0.16916418075561523
0.1840064525604248
0.18370747566223145
0.1769874095916748
0.17077136039733887
0.18497729301452637
0.18803095817565918
0.18708515167236328
0.1829967498779297
0.1739339828491211
0.18300461769104004
0.17436552047729492
0.1820361614227295
0.17946600914001465
0.18530797958374023
0.16948890686035156
0.1770486831665039
0.18272686004638672
0.1667325496673584
0.18517494201660156
0.18204879760742188
0.18592500686645508
0.18634438514709473
0.18821334838867188
0.19952797889709473
0.1881847381591797
0.19141769409179688
0.190840482711792
0.19195818901062012
0.1881120204925537
0.18796563148498535
0.18416547775268555
0.18137812614440918
0.1743783950805664
0.18802738189697266
0.18311309814453125
0.18505263328552246
0.20453596115112305
0.18708109855651855
0.18018746376037598
0.1841280460357666
0.1956038475036621
0.19452810287475586
0.19495248794555664
0.19403076171875
0.18610835075378418
0.1872408390045166
0.18186211585998535
0.18201589584350586
0.1869657039642334
0.18239259719848633
0.19136571884155273
0.18587040901184082
0.17198920249938965
0.17735934257507324
0.17174172401428223
0.1748793125152588
0.18546080589294434
0.18914794921875
0.18369674682617188
0.18666458129882812
0.18711400032043457
0.18599891662597656
0.18592214584350586
0.17963671684265137
0.18423771858215332
0.18340492248535156
0.1759953498840332
0.16329741477966309
0.1791536808013916
0.16730046272277832
0.18992209434509277
0.1866459846496582
0.18215680122375488
0.18485617637634277
0.18087458610534668
0.1768019199371338
0.173994779586792
0.17199969291687012
0.176011323928833
0.18200111389160156
0.17599940299987793
0.1782238483428955
0.18829059600830078
0.19430875778198242
0.18906569480895996
0.17020821571350098
0.19406580924987793
0.18721294403076172
0.17861390113830566
0.18662619590759277
0.1866285800933838
0.1784076690673828
0.1729717254638672
0.1818547248840332
0.18659043312072754
0.18860912322998047
0.17268848419189453
0.18194866180419922
0.17451930046081543
0.18245244026184082
0.1734023094177246
0.18590211868286133
0.1869640350341797
0.18614816665649414
0.18600940704345703
0.1826934814453125
0.1688232421875
0.17668485641479492
0.18798375129699707
0.17299914360046387
0.19613146781921387
0.19176363945007324
0.1880207061767578
0.19407343864440918
0.19213151931762695
0.20054984092712402
0.1951448917388916
0.18626666069030762
0.18230295181274414
0.19022488594055176
0.1940908432006836
0.18440580368041992
0.19156765937805176
0.19156742095947266
0.18317031860351562
0.1850290298461914
0.18372178077697754
0.1689927577972412
0.18437814712524414
0.1855626106262207
0.183013916015625
0.1839759349822998
0.18523955345153809
0.18574881553649902
0.18547415733337402
0.1837906837463379
0.18358922004699707
0.1858069896697998
0.17719030380249023
0.17553925514221191
0.1705458164215088
0.18517780303955078
0.18177223205566406
0.1786503791809082
0.17557096481323242
0.19655847549438477
0.20232319831848145
0.18221402168273926
0.18058133125305176
0.18435025215148926
0.19211721420288086
0.18431901931762695
0.18428444862365723
0.18427085876464844
0.1712665557861328
0.18126511573791504
0.1902787685394287
0.18442749977111816
0.1852571964263916
0.1861124038696289
0.18584012985229492
0.18384528160095215
0.18167495727539062
0.17091012001037598
0.18599748611450195
0.17871809005737305
0.18454861640930176
0.1784040927886963
0.17781805992126465
0.17556166648864746
0.18456220626831055
0.1737217903137207
0.1698472499847412
0.1841566562652588
0.18618202209472656
0.18480277061462402
0.1776895523071289
0.1786937713623047
0.17177748680114746
0.18784737586975098
0.17624592781066895
0.179734468460083
0.17660164833068848
0.17481017112731934
0.18279099464416504
0.1846942901611328
0.18411898612976074
0.17226743698120117
0.18440580368041992
0.18335890769958496
0.18821334838867188
0.18499493598937988
0.18596339225769043
0.17300105094909668
0.18706798553466797
0.1710796356201172
0.1900923252105713
0.17383861541748047
0.1727583408355713
0.18300223350524902
0.17247867584228516
0.18816232681274414
0.18436861038208008
0.17856955528259277
0.18085885047912598
0.18563079833984375
0.19278645515441895
0.1730196475982666
0.17406082153320312
0.3049905300140381
0.17145705223083496
0.17416000366210938
0.17810726165771484
0.17109394073486328
0.18520689010620117
0.16688823699951172
0.17544817924499512
0.19539403915405273
0.17999696731567383
0.18396592140197754
0.17997026443481445
0.18600153923034668
0.17299675941467285
0.18608689308166504
0.17701482772827148
0.17619895935058594
0.18507695198059082
0.18047642707824707
0.1740260124206543
0.18246960639953613
0.1842947006225586
0.18304133415222168
0.18248581886291504
0.18645071983337402
0.17214226722717285
0.17533183097839355
0.1871201992034912
0.18344855308532715
0.1659693717956543
0.1848750114440918
0.1846601963043213
0.17862558364868164
0.1846909523010254
0.18497133255004883
0.18367743492126465
0.18005967140197754
0.1856999397277832
0.19697189331054688
0.1859142780303955
0.18109774589538574
0.18734073638916016
0.18271851539611816
0.1834404468536377
0.17641973495483398
0.16936755180358887
0.182356595993042
0.18470501899719238
0.18569421768188477
0.17317724227905273
0.18137001991271973
0.172926664352417
0.18396615982055664
0.18468904495239258
0.172210693359375
0.18721771240234375
0.17264223098754883
0.20592474937438965
0.2029271125793457
0.21494126319885254
0.25470852851867676
0.20958209037780762
0.19449353218078613
0.17992711067199707
0.17728376388549805
0.1761305332183838
0.17462635040283203
0.1746385097503662
0.18570852279663086
0.18666315078735352
0.17563176155090332
0.17583751678466797
0.18788671493530273
0.1727006435394287
0.18410968780517578
0.19083213806152344
0.18398427963256836
0.17983317375183105
0.16119384765625
0.1760237216949463
0.16406702995300293
0.18814325332641602
0.18547725677490234
0.1874680519104004
0.1678621768951416
0.18477845191955566
0.18688035011291504
0.18481826782226562
0.16754651069641113
0.18361544609069824
0.1803436279296875
0.18317818641662598
0.18312788009643555
0.1745128631591797
0.1867823600769043
0.15883731842041016
0.1809229850769043
0.18592166900634766
0.17851781845092773
0.18369555473327637
0.1608278751373291
0.17417311668395996
0.18836236000061035
0.18194150924682617
0.18212008476257324
0.17244577407836914
0.18426752090454102
0.17717838287353516
0.1782207489013672
0.18502116203308105
0.1817646026611328
0.18264985084533691
0.18599987030029297
0.17999958992004395
0.17151165008544922
0.18746685981750488
0.18726468086242676
0.1879100799560547
0.18503546714782715
0.17423152923583984
0.19515752792358398
0.18407845497131348
0.17592239379882812
0.1877589225769043
0.18126440048217773
0.17640304565429688
0.17240357398986816
0.2133467197418213
0.17532825469970703
0.1740577220916748
0.1770002841949463
0.18698883056640625
0.18260955810546875
0.17710280418395996
0.19180536270141602
0.17596769332885742
0.1879432201385498
0.16353750228881836
0.18296098709106445
0.1769404411315918
0.1898655891418457
0.17778682708740234
0.19037270545959473
0.17450237274169922
0.1803908348083496
0.1790142059326172
0.18801140785217285
0.17551350593566895
0.175506591796875
0.18098783493041992
0.20266199111938477
0.19611907005310059
0.1889350414276123
0.17612934112548828
0.16417431831359863
0.1861586570739746
0.17554831504821777
0.17785000801086426
0.17600131034851074
0.18300461769104004
0.18196964263916016
0.1640017032623291
0.19130277633666992
0.19235014915466309
0.1869032382965088
0.1798841953277588
0.18885326385498047
0.1750013828277588
0.17995381355285645
0.1818559169769287
0.1712050437927246
0.1793208122253418
0.18317723274230957
0.1865708827972412
0.17987322807312012
0.18407821655273438
0.16809797286987305
0.17292308807373047
0.18156027793884277
0.16497182846069336
0.17633295059204102
0.1734025478363037
0.16226959228515625
0.1958162784576416
0.17182636260986328
0.18381571769714355
0.17423510551452637
0.17225384712219238
0.186079740524292
0.18834924697875977
0.17554879188537598
0.18390989303588867
0.1825568675994873
0.18129229545593262
0.18776249885559082
0.17796826362609863
0.18535447120666504
0.18638038635253906
0.1820073127746582
0.1719222068786621
0.18524861335754395
0.18716692924499512
0.18262290954589844
0.18329429626464844
0.18735933303833008
0.18143987655639648
0.1748499870300293
0.1874556541442871
0.18690061569213867
0.1714019775390625
0.18514442443847656
0.17259430885314941
0.1845226287841797
0.17395782470703125
0.19503068923950195
0.17737793922424316
0.15903735160827637
0.2018418312072754
0.20333123207092285
0.1752159595489502
0.19473600387573242
0.1826024055480957
0.18628406524658203
0.18236207962036133
0.18592453002929688
0.1840367317199707
0.18089675903320312
0.18853974342346191
0.18153977394104004
0.18953609466552734
0.1724843978881836
0.17081737518310547
0.20596814155578613
0.17223215103149414
0.1775202751159668
0.20074105262756348
0.16654253005981445
0.1935868263244629
0.18458867073059082
0.19058656692504883
0.18653512001037598
0.1775836944580078
0.18545126914978027
0.1745433807373047
0.17909765243530273
0.23253464698791504
0.2570760250091553
0.2327282428741455
0.20560812950134277
0.20244169235229492
0.17629647254943848
0.17434191703796387
0.16499972343444824
0.19381380081176758
0.18351984024047852
0.18299031257629395
0.2058427333831787
0.18600249290466309
0.18585586547851562
0.1870274543762207
0.175123929977417
0.17206883430480957
0.17215776443481445
0.17767930030822754
0.18169140815734863
0.18470025062561035
0.18496274948120117
0.1869945526123047
0.16698741912841797
0.17596721649169922
0.18599629402160645
0.17096972465515137
0.1860041618347168
0.19016122817993164
0.1784193515777588
0.1764998435974121
0.186262845993042
0.18519949913024902
0.1836256980895996
0.18145155906677246
0.1866774559020996
0.18823456764221191
0.17209696769714355
0.17025971412658691
0.18984603881835938
0.19164490699768066
0.17817449569702148
0.17579364776611328
0.18103933334350586
0.18191790580749512
0.16610980033874512
0.18407869338989258
0.16373324394226074
0.18720388412475586
0.17972588539123535
0.1708509922027588
0.18474507331848145
0.18397140502929688
0.17999577522277832
0.18437719345092773
0.17539119720458984
0.1769857406616211
0.20202136039733887
0.1717216968536377
0.375774621963501
0.375774621963501
0.1954028606414795
0.26111555099487305
0.1851027011871338
0.18111300468444824
0.19613242149353027
0.16462445259094238
0.18161535263061523
0.18660736083984375
0.18267464637756348
0.1813066005706787
0.18102312088012695
0.18593263626098633
0.18496346473693848
0.18896722793579102
0.1786646842956543
0.16771888732910156
0.1809999942779541
0.19100022315979004
0.17751526832580566
0.17041277885437012
0.18796896934509277
0.17599177360534668
0.18599605560302734
0.18500423431396484
0.17700433731079102
0.17996716499328613
0.18701457977294922
0.16700172424316406
0.18500757217407227
0.1860184669494629
0.18400216102600098
0.1854562759399414
0.1834244728088379
0.18340373039245605
0.17028141021728516
0.1727309226989746
0.17589306831359863
0.198744535446167
0.1844632625579834
0.1761493682861328
0.1744704246520996
0.18561148643493652
0.1732785701751709
0.17693424224853516
0.18303990364074707
0.17554092407226562
0.19834041595458984
0.1823899745941162
0.1916501522064209
0.18486666679382324
0.18054914474487305
0.18461847305297852
0.18251681327819824
0.18210172653198242
0.1907966136932373
0.18331623077392578
0.17589235305786133
0.18514013290405273
0.1922304630279541
0.17134904861450195
0.18340134620666504
0.17716240882873535
0.1868300437927246
0.18424677848815918
0.1711432933807373
0.17300891876220703
0.1759653091430664
0.16825127601623535
0.18525457382202148
0.1827988624572754
0.18410181999206543
0.1902613639831543
0.18194580078125
0.17608046531677246
0.18707847595214844
0.17608428001403809
0.17401361465454102
0.18587851524353027
0.17485594749450684
0.16879701614379883
0.1654212474822998
0.16179847717285156
0.1857914924621582
0.187363862991333
0.18382501602172852
0.1780099868774414
0.1876218318939209
0.1926441192626953
0.18986916542053223
0.1811065673828125
0.20598626136779785
0.1900959014892578
0.18571686744689941
0.1856229305267334
0.1780078411102295
0.1692216396331787
0.17717576026916504
0.1794719696044922
0.18206524848937988
0.18468809127807617
0.18232321739196777
0.17850637435913086
0.17051434516906738
0.18589210510253906
0.1840195655822754
0.1750483512878418
0.18499183654785156
0.17496514320373535
0.18099355697631836
0.1869511604309082
0.17694854736328125
0.18100404739379883
0.186021089553833
0.16300415992736816
0.17877888679504395
0.18437552452087402
0.18418288230895996
0.175384521484375
0.17840886116027832
0.1895301342010498
0.16368865966796875
0.2207338809967041
0.1671888828277588
0.18968844413757324
0.18420052528381348
0.1815333366394043
0.175140380859375
0.18736743927001953
0.18672633171081543
0.1867208480834961
0.16240954399108887
0.17833590507507324
0.17136359214782715
0.18402314186096191
0.1839139461517334
0.18200445175170898
0.1860201358795166
0.17500686645507812
0.18096351623535156
0.18598484992980957
0.188018798828125
0.17736005783081055
0.18533945083618164
0.17908453941345215
0.18512797355651855
0.19168472290039062
0.1871652603149414
0.17652130126953125
0.18476557731628418
0.18230724334716797
0.17130231857299805
0.18522953987121582
0.1837911605834961
0.18540644645690918
0.19407439231872559
0.17735052108764648
0.17362332344055176
0.18661785125732422
0.18199706077575684
0.1844038963317871
0.1793837547302246
0.1871640682220459
0.18073368072509766
0.18444037437438965
0.17299485206604004
0.17499852180480957
0.17999958992004395
0.18575239181518555
0.17980265617370605
0.18644165992736816
0.18486809730529785
0.17474150657653809
0.18393588066101074
0.18481040000915527
0.18542718887329102
0.1718599796295166
0.1760404109954834
0.18689441680908203
0.1905519962310791
0.18547821044921875
0.1824498176574707
0.18200397491455078
0.1759929656982422
0.1858043670654297
0.18271541595458984
0.1876363754272461
0.17893552780151367
0.18472838401794434
0.18591570854187012
0.17060613632202148
0.1705780029296875
0.18572115898132324
0.18030500411987305
0.19030404090881348
0.18445420265197754
0.1762380599975586
0.18375825881958008
0.18126368522644043
0.1813664436340332
0.1699228286743164
0.18522405624389648
0.18407082557678223
0.17516493797302246
0.18614554405212402
0.18135952949523926
0.18304133415222168
0.16940855979919434
0.17974543571472168
0.18523001670837402
0.18452858924865723
0.196519136428833
0.18883371353149414
0.17797017097473145
0.18601775169372559
0.1820363998413086
0.21520376205444336
0.17470717430114746
0.1744401454925537
0.18146586418151855
0.18537068367004395
0.16925311088562012
0.17713546752929688
0.18224716186523438
0.1779487133026123
0.17502236366271973
0.17103886604309082
0.17849349975585938
0.17388010025024414
0.1775968074798584
0.18915867805480957
0.18367218971252441
0.18285727500915527
0.1818835735321045
0.18461298942565918
0.18687129020690918
0.19429516792297363
0.1854093074798584
0.18065547943115234
0.1869978904724121
0.17501211166381836
0.1700422763824463
0.17699933052062988
0.17920947074890137
0.1741650104522705
0.19022393226623535
0.1913621425628662
0.17818975448608398
0.18530869483947754
0.17879962921142578
0.1763439178466797
0.20040583610534668
0.17397165298461914
0.17502665519714355
0.18599700927734375
0.18659734725952148
0.18295931816101074
0.18385028839111328
0.17917346954345703
0.18785738945007324
0.18300890922546387
0.18428707122802734
0.21082162857055664
0.19017553329467773
0.19028329849243164
0.17375469207763672
0.18081068992614746
0.18386030197143555
0.18582797050476074
0.18326210975646973
0.18962526321411133
0.18660688400268555
0.1898188591003418
0.1855320930480957
0.19226527214050293
0.1754779815673828
0.17050623893737793
0.17749404907226562
0.18553686141967773
0.17519664764404297
0.17856287956237793
0.183182954788208
0.1959686279296875
0.17696809768676758
0.17797088623046875
0.17598676681518555
0.18498516082763672
0.1719679832458496
0.1690235137939453
0.1690373420715332
0.18395471572875977
0.18908214569091797
0.19416093826293945
0.18309950828552246
0.18277311325073242
0.18592143058776855
0.18178772926330566
0.1707763671875
0.17485666275024414
0.17112255096435547
0.18184590339660645
0.17789411544799805
0.18475127220153809
0.16971468925476074
0.17573285102844238
0.16236424446105957
0.1866750717163086
0.1635277271270752
0.1793060302734375
0.1783580780029297
0.17406654357910156
0.18893885612487793
0.18997430801391602
0.18688750267028809
0.18129587173461914
0.18422484397888184
0.17101073265075684
0.17374730110168457
0.16132855415344238
0.166337251663208
0.18339180946350098
0.18337368965148926
0.1885082721710205
0.18360018730163574
0.17209243774414062
0.18475627899169922
0.19020462036132812
0.1907198429107666
0.18703413009643555
0.18284201622009277
0.17453408241271973
0.2049427032470703
0.18413066864013672
0.1665511131286621
0.1765453815460205
0.18196511268615723
0.18889355659484863
0.1863269805908203
0.17590117454528809
0.18255877494812012
0.18244671821594238
0.19149303436279297
0.18249034881591797
0.18454933166503906
0.18505048751831055
0.19191360473632812
0.16962385177612305
0.17472314834594727
0.1831369400024414
0.18597030639648438
0.17830419540405273
0.18625473976135254
0.18375372886657715
0.17788171768188477
0.1851673126220703
0.18335628509521484
0.18371248245239258
0.16849350929260254
0.18344545364379883
0.18773269653320312
0.17856717109680176
0.16635870933532715
0.18287086486816406
0.17429494857788086
0.18451547622680664
0.1826307773590088
0.18147587776184082
0.17619776725769043
0.18343496322631836
0.17725586891174316
0.18297147750854492
0.17742085456848145
0.1771092414855957
0.16557073593139648
0.18349003791809082
0.1811065673828125
0.17739248275756836
0.18743515014648438
0.1723802089691162
0.18639802932739258
0.18831825256347656
0.1883854866027832
0.17476630210876465
0.18678021430969238
0.18096470832824707
0.17400121688842773
0.17279291152954102
0.18376469612121582
0.1780097484588623
0.1832714080810547
0.1785285472869873
0.18066930770874023
0.18453526496887207
0.17848777770996094
0.18147492408752441
0.1807386875152588
0.1857156753540039
0.18505501747131348
0.18299651145935059
0.1940019130706787
0.17999863624572754
0.17800426483154297
0.18570375442504883
0.18521738052368164
0.1754140853881836
0.1875321865081787
0.1854093074798584
0.19999980926513672
0.1899731159210205
0.17802858352661133
0.17600750923156738
0.1829664707183838
0.1770036220550537
0.17542099952697754
0.18209266662597656
0.1941699981689453
0.20517516136169434
0.18180060386657715
0.19567322731018066
0.18689417839050293
0.18486785888671875
0.17737054824829102
0.18344712257385254
0.17757368087768555
0.19300532341003418
0.20197653770446777
0.18504738807678223
0.17897772789001465
0.18203186988830566
0.17398500442504883
0.17699670791625977
0.17666101455688477
0.1860494613647461
0.1767585277557373
0.18257880210876465
0.18768644332885742
0.1765282154083252
0.19252824783325195
0.1916666030883789
0.1860027313232422
0.17983698844909668
0.18383550643920898
0.17258191108703613
0.177168607711792
0.18241119384765625
0.1860957145690918
0.17667436599731445
0.18661761283874512
0.17264771461486816
0.18325161933898926
0.17655372619628906
0.18321633338928223
0.1810774803161621
0.18211817741394043
0.1844041347503662
0.3464815616607666
0.2545762062072754
0.24051690101623535
0.20163369178771973
0.21466875076293945
0.18622231483459473
0.18436241149902344
0.1714644432067871
0.1863858699798584
0.19940423965454102
0.20669174194335938
0.19284772872924805
0.1896071434020996
0.18341541290283203
0.18144917488098145
0.18146944046020508
0.19448041915893555
0.18656659126281738
0.17926764488220215
0.17097926139831543
0.18100500106811523
0.18427062034606934
0.18382596969604492
0.18610930442810059
0.16993188858032227
0.19159531593322754
0.1845993995666504
0.17865610122680664
0.18665313720703125
0.18680119514465332
0.18892741203308105
0.1774768829345703
0.18786835670471191
0.173858642578125
0.18260955810546875
0.17461228370666504
0.17410945892333984
0.17828011512756348
0.17593717575073242
0.1770312786102295
0.1721019744873047
0.18767118453979492
0.18359160423278809
0.17395806312561035
0.18562841415405273
0.1859903335571289
0.17335772514343262
0.18421053886413574
0.19031238555908203
0.18843317031860352
0.18744111061096191
0.18557047843933105
0.18573832511901855
0.17498278617858887
0.18213152885437012
0.17236804962158203
0.1777656078338623
0.1685640811920166
0.17444062232971191
0.1704258918762207
0.16858792304992676
0.1861402988433838
0.18104887008666992
0.18519353866577148
0.17374110221862793
0.18257617950439453
0.18497753143310547
0.18167328834533691
0.1775672435760498
0.17097043991088867
0.20797157287597656
0.16797995567321777
0.18596839904785156
0.18677139282226562
0.16779732704162598
0.184906005859375
0.18537163734436035
0.17219758033752441
0.19234585762023926
0.17510747909545898
0.18279361724853516
0.1780405044555664
0.19127631187438965
0.1851341724395752
0.18867206573486328
0.17203521728515625
0.177886962890625
0.17878341674804688
0.17289209365844727
0.17963695526123047
0.18175101280212402
0.1823124885559082
0.18456649780273438
0.18323183059692383
0.18423151969909668
0.188065767288208
0.18114137649536133
0.1776430606842041
0.17276930809020996
0.19097232818603516
0.1849651336669922
0.18406391143798828
0.1779615879058838
0.17455434799194336
0.18571901321411133
0.17594575881958008
0.18035268783569336
0.18374252319335938
0.1744844913482666
0.18444299697875977
0.17148661613464355
0.1855635643005371
0.17599964141845703
0.1771395206451416
0.18711066246032715
0.18413853645324707
0.19321513175964355
0.17964386940002441
0.18228626251220703
0.18567109107971191
0.18368959426879883
0.17444229125976562
0.18377137184143066
0.18587040901184082
0.18031930923461914
0.16592764854431152
0.17035722732543945
0.1614696979522705
0.18999552726745605
0.18348336219787598
0.18216943740844727
0.18452215194702148
0.18651986122131348
0.17977261543273926
0.1667313575744629
0.18367934226989746
0.18951654434204102
0.18759393692016602
0.19065022468566895
0.17860698699951172
0.1756436824798584
0.18434739112854004
0.18998003005981445
0.1903533935546875
0.18203186988830566
0.18344783782958984
0.17739081382751465
0.17903709411621094
0.18302416801452637
0.18369269371032715
0.19523334503173828
0.19138646125793457
0.19300293922424316
0.18484973907470703
0.1873469352722168
0.17539358139038086
0.16747355461120605
0.1731736660003662
0.17223620414733887
0.183640718460083
0.17845463752746582
0.18628358840942383
0.18538808822631836
0.18425512313842773
0.17771315574645996
0.17729759216308594
0.17493677139282227
0.1799302101135254
0.18000030517578125
0.18065428733825684
0.16385507583618164
0.18624448776245117
0.18513941764831543
0.18158197402954102
0.1864943504333496
0.16152119636535645
0.18662095069885254
0.170396089553833
0.18017315864562988
0.18038320541381836
0.18648958206176758
0.18417143821716309
0.17051076889038086
0.18104052543640137
0.17078351974487305
0.1832270622253418
0.18157649040222168
0.17639565467834473
0.17595410346984863
0.19504141807556152
0.19344758987426758
0.17578482627868652
0.19178509712219238
0.180342435836792
0.18747830390930176
0.18755435943603516
0.1910262107849121
0.18202471733093262
0.1828758716583252
0.18286871910095215
0.1841137409210205
0.16511917114257812
0.1851034164428711
0.18386030197143555
0.1698601245880127
0.18387079238891602
0.18352890014648438
0.18445563316345215
0.18492722511291504
0.18232274055480957
0.18337202072143555
0.19296813011169434
0.1800861358642578
0.17108869552612305
0.1721208095550537
0.18580889701843262
0.17792105674743652
0.1780109405517578
0.17800402641296387
0.1769726276397705
0.18801474571228027
0.18808603286743164
0.18002867698669434
0.21145915985107422
0.17422175407409668
0.17954754829406738
0.18506884574890137
0.18525218963623047
0.17633509635925293
0.17438769340515137
0.1844041347503662
0.1840834617614746
0.18552517890930176
0.18285751342773438
0.19819855690002441
0.18342947959899902
0.17978501319885254
0.18195462226867676
0.17130136489868164
0.16595077514648438
0.18088793754577637
0.18410563468933105
0.1637563705444336
0.18536639213562012
0.18399477005004883
0.17596197128295898
0.18496417999267578
0.17700958251953125
0.17820286750793457
0.18321990966796875
0.17834782600402832
0.17141127586364746
0.18145513534545898
0.1795196533203125
0.17240691184997559
0.1876828670501709
0.16944169998168945
0.17425537109375
0.19321179389953613
0.19825482368469238
0.1840052604675293
0.15885066986083984
0.18399286270141602
0.18639278411865234
0.1759631633758545
0.18523430824279785
0.18509483337402344
0.17105317115783691
0.17998909950256348
0.16117167472839355
0.18615245819091797
0.17647981643676758
0.17034196853637695
0.1850109100341797
0.18596243858337402
0.17785000801086426
0.1890087127685547
0.18217730522155762
0.185194730758667
0.19216561317443848
0.19014644622802734
0.17876815795898438
0.17875361442565918
0.18490314483642578
0.17875957489013672
0.18155145645141602
0.18295955657958984
0.17605805397033691
0.17869353294372559
0.18384575843811035
0.19400358200073242
0.18181085586547852
0.1932811737060547
0.18011999130249023
0.1759655475616455
0.1790015697479248
0.1941983699798584
0.17927312850952148
0.18297886848449707
0.17406153678894043
0.18691515922546387
0.16785311698913574
0.18483209609985352
0.18346667289733887
0.1732017993927002
0.183821439743042
0.17144036293029785
0.1764354705810547
0.1734294891357422
0.20148158073425293
0.1849503517150879
0.18374991416931152
0.18984484672546387
0.17272090911865234
0.18239831924438477
0.18403387069702148
0.19106769561767578
0.1750195026397705
0.18407416343688965
0.18537116050720215
0.1876356601715088
0.17804312705993652
0.18395090103149414
0.1849825382232666
0.18085217475891113
0.19994354248046875
0.18725895881652832
0.18191099166870117
0.18299007415771484
0.18585753440856934
0.18348264694213867
0.18047809600830078
0.18420958518981934
0.1857445240020752
0.18784236907958984
0.1842799186706543
0.3038144111633301
0.23731255531311035
0.2920234203338623
0.1990220546722412
0.17415761947631836
0.1811997890472412
0.17934274673461914
0.19369268417358398
0.18914437294006348
0.1859285831451416
0.18325304985046387
0.1972513198852539
0.17305564880371094
0.17585277557373047
0.18464207649230957
0.18335270881652832
0.1832742691040039
0.18390870094299316
0.18448901176452637
0.18242931365966797
0.1866626739501953
0.18500304222106934
0.19301581382751465
0.17899727821350098
0.19499731063842773
0.1885826587677002
0.17101740837097168
0.19501042366027832
0.18501067161560059
0.18895292282104492
0.2104358673095703
0.7531373500823975
0.2520020008087158
0.3509945869445801
0.536259651184082
0.7313210964202881
0.7393221855163574
0.7602870464324951
0.36920785903930664
0.6644322872161865
0.8174614906311035
0.5154914855957031
0.7023921012878418
0.3195493221282959
0.521491527557373
3.7849340438842773
0.6883909702301025
3.7759461402893066
0.7284941673278809
0.6478023529052734
0.2932109832763672
0.4338994026184082
0.5858073234558105
0.24882197380065918
0.5987918376922607
0.5791611671447754
0.6911740303039551
0.22377419471740723
0.23766207695007324
0.1864604949951172
0.18030810356140137
0.20955514907836914
0.164442777633667
0.17389249801635742
0.17193174362182617
0.17600679397583008
0.18700098991394043
0.18599843978881836
0.18799400329589844
0.1836411952972412
0.18602395057678223
0.18715143203735352
0.17709708213806152
0.17344141006469727
0.1987476348876953
0.17917680740356445
0.18340015411376953
0.16316676139831543
0.1698603630065918
0.1740856170654297
0.1690962314605713
0.18909883499145508
0.1781010627746582
0.1868739128112793
0.18644380569458008
0.18039917945861816
0.18427014350891113
0.17496728897094727
0.18657374382019043
0.183837890625
0.1731739044189453
0.18748736381530762
0.17922425270080566
0.18135690689086914
0.18042564392089844
0.19696998596191406
0.1767137050628662
0.17725253105163574
0.18366074562072754
0.1716327667236328
0.17265033721923828
0.18329834938049316
0.16742706298828125
0.23279476165771484
0.20001840591430664
0.19345688819885254
0.1910383701324463
0.1798391342163086
0.195723295211792
0.18889713287353516
0.18284225463867188
0.18647265434265137
0.17499852180480957
0.19188737869262695
0.1988811492919922
0.19703316688537598
0.17187714576721191
0.18521904945373535
0.18852710723876953
0.18791937828063965
0.18799400329589844
0.18914246559143066
0.18027925491333008
0.17607474327087402
0.17507171630859375
0.17789673805236816
0.17215442657470703
0.1922924518585205
0.18970060348510742
0.18738150596618652
0.18830108642578125
0.18105173110961914
0.17299699783325195
0.18703150749206543
0.18551397323608398
0.18410682678222656
0.16284775733947754
0.17073750495910645
0.1829838752746582
0.18096041679382324
0.18080806732177734
0.17760777473449707
0.18506836891174316
0.18262982368469238
0.18773627281188965
0.17579293251037598
0.1835157871246338
0.18357038497924805
0.18616056442260742
0.18292856216430664
0.181793212890625
0.18886995315551758
0.19986486434936523
0.18313837051391602
0.1940910816192627
0.19170022010803223
0.1921696662902832
0.18293428421020508
0.17979836463928223
0.16883563995361328
0.17327237129211426
0.18503880500793457
0.18042969703674316
0.18372058868408203
0.1879873275756836
0.1679704189300537
0.18300437927246094
0.1657552719116211
0.1817638874053955
0.18390536308288574
0.18292951583862305
0.16731500625610352
0.18457603454589844
0.18352031707763672
0.18140244483947754
0.17048025131225586
0.17972493171691895
0.18256878852844238
0.1706242561340332
0.18963885307312012
0.17916107177734375
0.18500351905822754
0.18743181228637695
0.18549609184265137
0.1715223789215088
0.18077445030212402
0.18076205253601074
0.17889738082885742
0.17811346054077148
0.18342328071594238
0.18349051475524902
0.1814889907836914
0.1844005584716797
0.18751764297485352
0.18560528755187988
0.21903538703918457
0.1859455108642578
0.1774001121520996
0.18306231498718262
0.16414785385131836
0.1811070442199707
0.18382835388183594
0.18529677391052246
0.18970990180969238
0.18448901176452637
0.1845688819885254
0.16308856010437012
0.17970919609069824
0.1809992790222168
0.16800928115844727
0.18399596214294434
0.17797517776489258
0.16998553276062012
0.18496346473693848
0.19025826454162598
0.18621492385864258
0.18297696113586426
0.18740367889404297
0.18991708755493164
0.1919560432434082
0.20300030708312988
0.18201088905334473
0.1909925937652588
0.18600225448608398
0.17699837684631348
0.17499208450317383
0.17744779586791992
0.17963194847106934
0.1861264705657959
0.1801152229309082
0.17036867141723633
0.1770472526550293
0.1869029998779297
0.19125914573669434
0.20126724243164062
0.20122241973876953
0.17510199546813965
0.18268728256225586
0.19807147979736328
0.1972203254699707
0.19145631790161133
0.17688226699829102
0.17724037170410156
0.17634201049804688
0.18774151802062988
0.16939377784729004
0.17412614822387695
0.17818474769592285
0.18865633010864258
0.1781456470489502
0.18912458419799805
0.1873323917388916
0.18122148513793945
0.17919063568115234
0.17622923851013184
0.17574381828308105
0.18291997909545898
0.17642593383789062
0.18140268325805664
0.18970489501953125
0.1708817481994629
0.18694376945495605
0.18752598762512207
0.18334341049194336
0.18230915069580078
0.17320847511291504
0.18465256690979004
0.19286394119262695
0.18982410430908203
0.1734151840209961
0.18598222732543945
0.17455124855041504
0.16362690925598145
0.18344330787658691
0.1843125820159912
0.18100285530090332
0.1791987419128418
0.18486714363098145
0.1829829216003418
0.17523622512817383
0.1874535083770752
0.1772782802581787
0.17045879364013672
0.1744978427886963
0.17949461936950684
0.1743912696838379
0.18354010581970215
0.18022418022155762
0.1865861415863037
0.17296528816223145
0.1789541244506836
0.17858004570007324
0.1819448471069336
0.1831209659576416
0.20997071266174316
0.17690563201904297
0.16538047790527344
0.1822803020477295
0.1799330711364746
0.1836380958557129
0.17090082168579102
0.18746638298034668
0.18747258186340332
0.1819310188293457
0.1807858943939209
0.16864252090454102
0.17577099800109863
0.1667346954345703
0.18578171730041504
0.17765092849731445
0.18766474723815918
0.18223166465759277
0.18654441833496094
0.1849348545074463
0.17505931854248047
0.18317866325378418
0.18254756927490234
0.18030309677124023
0.17398667335510254
0.17424511909484863
0.1752011775970459
0.18681025505065918
0.17002105712890625
0.17396163940429688
0.1790008544921875
0.1869487762451172
0.18746209144592285
0.20082497596740723
0.19384193420410156
0.17468595504760742
0.16882562637329102
0.1849672794342041
0.1751112937927246
0.18810582160949707
0.1858506202697754
0.18509674072265625
0.18712544441223145
0.18208694458007812
0.19012832641601562
0.1584019660949707
0.1831815242767334
0.17271733283996582
0.17380309104919434
0.18314170837402344
0.18391203880310059
0.18420171737670898
0.18277645111083984
0.18465781211853027
0.180739164352417
0.17294597625732422
0.1824171543121338
0.18199563026428223
0.17999553680419922
0.17598700523376465
0.18900704383850098
0.18733429908752441
0.18174052238464355
0.17687082290649414
0.1923375129699707
0.1801466941833496
0.18461966514587402
0.18693947792053223
0.16298604011535645
0.16898036003112793
0.17868852615356445
0.19353866577148438
0.18856406211853027
0.18289661407470703
0.18416905403137207
0.18398308753967285
0.16677331924438477
0.18584156036376953
0.18590092658996582
0.187086820602417
0.18265175819396973
0.17264819145202637
0.17253947257995605
0.18390917778015137
0.18393850326538086
0.19022035598754883
0.1862478256225586
0.19115066528320312
0.19523167610168457
0.18821930885314941
0.20099306106567383
0.21300935745239258
0.18110251426696777
0.16884183883666992
0.18109607696533203
0.17171406745910645
0.18453288078308105
0.18480682373046875
0.18040180206298828
0.18709683418273926
0.17894244194030762
0.1799917221069336
0.16388344764709473
0.16889572143554688
0.1739673614501953
0.17382383346557617
0.1878364086151123
0.19486021995544434
0.18288683891296387
0.17253422737121582
0.18546104431152344
0.1802997589111328
0.18453478813171387
0.1842176914215088
0.18500661849975586
0.18546152114868164
0.1929609775543213
0.1839919090270996
0.1849980354309082
0.19306111335754395
0.1732497215270996
0.19126129150390625
0.17874813079833984
0.1897742748260498
0.18346643447875977
0.1809253692626953
0.18756771087646484
0.17003464698791504
0.1708526611328125
0.17817974090576172
0.17917251586914062
0.1873328685760498
0.18506550788879395
0.19333887100219727
0.17387676239013672
0.16930341720581055
0.18651509284973145
0.18596911430358887
0.16855573654174805
0.18296170234680176
0.18145179748535156
0.18257904052734375
0.18193888664245605
0.17420101165771484
0.17724323272705078
0.16616559028625488
0.16701269149780273
0.18290209770202637
0.18717741966247559
0.18395185470581055
0.1873159408569336
0.18414020538330078
0.17912840843200684
0.18519186973571777
0.17347145080566406
0.18079710006713867
0.19309711456298828
0.182114839553833
0.18248438835144043
0.17870831489562988
0.18563270568847656
0.18368983268737793
0.19367575645446777
0.20053839683532715
0.2046959400177002
0.18587088584899902
0.18783068656921387
0.18377137184143066
0.18201899528503418
0.177016019821167
0.18494296073913574
0.17938518524169922
0.1739637851715088
0.1809704303741455
0.1739966869354248
0.17999505996704102
0.18997788429260254
0.1867687702178955
0.1822667121887207
0.1743144989013672
0.20139002799987793
0.1842479705810547
0.1925797462463379
0.19852852821350098
0.17325186729431152
0.19821500778198242
0.18593978881835938
0.16730093955993652
0.18172001838684082
0.20152902603149414
0.20741963386535645
0.18197250366210938
0.18402409553527832
0.1811234951019287
0.16942453384399414
0.18108296394348145
0.18542242050170898
0.18445897102355957
0.19116926193237305
0.19011282920837402
0.17300128936767578
0.18696069717407227
0.1879880428314209
0.18499326705932617
0.18500208854675293
0.18372297286987305
0.18797802925109863
0.16202282905578613
0.17441987991333008
0.18109965324401855
0.1814100742340088
0.16942882537841797
0.1813669204711914
0.17210745811462402
0.17914032936096191
0.1739501953125
0.18962788581848145
0.19294285774230957
0.195143461227417
0.18546152114868164
0.16925859451293945
0.18766069412231445
0.1859722137451172
0.17321515083312988
0.1752920150756836
0.17847204208374023
0.17134785652160645
0.18401741981506348
0.19771194458007812
0.1803128719329834
0.18527007102966309
0.16911554336547852
0.17411494255065918
0.17580389976501465
0.1859447956085205
0.1679370403289795
0.17773771286010742
0.1791238784790039
0.17598843574523926
0.18808436393737793
0.18130278587341309
0.18787598609924316
0.1831817626953125
0.18270349502563477
0.18664073944091797
0.19000792503356934
0.18268275260925293
0.18208599090576172
0.17672944068908691
0.18174076080322266
0.17897582054138184
0.17867636680603027
0.18608522415161133
0.172776460647583
0.17376708984375
0.18544745445251465
0.18529295921325684
0.17131352424621582
0.18647265434265137
0.1851661205291748
0.17940807342529297
0.17732548713684082
0.1852715015411377
0.18475937843322754
0.18066787719726562
0.1818554401397705
0.17286467552185059
0.17889094352722168
0.17810893058776855
0.18230819702148438
0.18430852890014648
0.18633675575256348
0.17679500579833984
0.1899394989013672
0.1766655445098877
0.1729898452758789
0.18171000480651855
0.1762535572052002
0.16634011268615723
0.18320274353027344
0.1751697063446045
0.16748714447021484
0.18244147300720215
0.18046903610229492
0.17589306831359863
0.17989325523376465
0.17343735694885254
0.19321417808532715
0.19079017639160156
0.19041919708251953
0.1789076328277588
0.17594075202941895
0.18295049667358398
0.18889617919921875
0.1862192153930664
0.18601369857788086
0.18770313262939453
0.1876833438873291
0.18470549583435059
0.17785429954528809
0.17391133308410645
0.18672943115234375
0.17698431015014648
0.1838991641998291
0.17589688301086426
0.1799619197845459
0.1884608268737793
0.17875123023986816
0.1817781925201416
0.18466472625732422
0.18350005149841309
0.2003169059753418
0.18596410751342773
0.18599629402160645
0.18896269798278809
0.189971923828125
0.17999649047851562
0.19398784637451172
0.18327617645263672
0.18606853485107422
0.18249106407165527
0.186600923538208
0.18164992332458496
0.18353271484375
0.18353009223937988
0.18282580375671387
0.1819627285003662
0.18649029731750488
0.18437790870666504
0.18350720405578613
0.18403887748718262
0.18596506118774414
0.1806952953338623
0.18358182907104492
0.17416954040527344
0.17598772048950195
0.1825408935546875
0.18239450454711914
0.18366551399230957
0.1935586929321289
0.19784951210021973
0.20297527313232422
0.1830601692199707
0.18576836585998535
0.18725919723510742
