0.18332505226135254
0.1843106746673584
0.1828136444091797
0.19052767753601074
0.19025063514709473
0.18887019157409668
0.18722176551818848
0.19006729125976562
0.18038392066955566
0.24425101280212402
0.18054652214050293
0.1741166114807129
0.18422794342041016
0.18262505531311035
0.18929171562194824
0.18912386894226074
0.18601441383361816
0.19197511672973633
0.18196463584899902
0.1834712028503418
0.18311429023742676
0.18479228019714355
0.18434453010559082
0.18534135818481445
0.1842963695526123
0.18597912788391113
0.1848139762878418
0.18413877487182617
0.17534160614013672
0.1756298542022705
0.18314123153686523
0.18628501892089844
0.1849205493927002
0.21534037590026855
0.18210959434509277
0.17235493659973145
0.18383431434631348
0.1696779727935791
0.1840977668762207
0.18865442276000977
0.19533443450927734
0.18427324295043945
0.18227267265319824
0.18323326110839844
0.18394207954406738
0.19202613830566406
0.18193292617797852
0.18157601356506348
0.18610310554504395
0.18277430534362793
0.18199467658996582
0.18236255645751953
0.17499923706054688
0.18896961212158203
0.18288612365722656
0.18549418449401855
0.18374347686767578
0.18516254425048828
0.1871337890625
0.18241310119628906
0.1843249797821045
0.1832871437072754
0.17773056030273438
0.18274736404418945
0.18784260749816895
0.18472886085510254
0.18454885482788086
0.2790067195892334
0.1842632293701172
0.1853656768798828
0.2512319087982178
0.18661808967590332
0.18447446823120117
0.18230581283569336
0.17444252967834473
0.18439579010009766
0.17246532440185547
0.18735861778259277
0.18238282203674316
0.18439769744873047
0.1869802474975586
0.1839888095855713
0.18500185012817383
0.18700218200683594
0.18912911415100098
0.1869661808013916
0.1937255859375
0.18560242652893066
0.18354487419128418
0.18747210502624512
0.17522621154785156
0.1734158992767334
0.1833796501159668
0.1850743293762207
0.18647170066833496
0.18731141090393066
0.18652033805847168
0.17529964447021484
0.1786203384399414
0.1845722198486328
0.19515061378479004
0.17453646659851074
0.18394160270690918
0.18520379066467285
0.19125795364379883
0.17809510231018066
0.17859196662902832
0.19699573516845703
0.1869957447052002
0.18311429023742676
0.16794943809509277
0.19068312644958496
0.19616031646728516
0.18731403350830078
0.1853177547454834
0.1776871681213379
0.19171977043151855
0.18459773063659668
0.1796278953552246
0.1886301040649414
0.18373799324035645
0.18731284141540527
0.18410325050354004
0.1844482421875
0.1787271499633789
0.18374204635620117
0.18204426765441895
0.18276619911193848
0.1816866397857666
0.1853775978088379
0.18506360054016113
0.18219494819641113
0.18565082550048828
0.18174171447753906
0.18293499946594238
0.18569064140319824
0.18357586860656738
0.17600035667419434
0.18424749374389648
0.18080711364746094
0.18780517578125
0.18392181396484375
0.18483662605285645
0.1868736743927002
0.18273115158081055
0.1730661392211914
0.2009296417236328
0.18263483047485352
0.18965458869934082
0.18201637268066406
0.18413591384887695
0.18561387062072754
0.18814611434936523
0.17240381240844727
0.1735548973083496
0.18523335456848145
0.19357824325561523
0.18987774848937988
0.18483614921569824
0.18512392044067383
0.18566179275512695
0.20552372932434082
0.19622039794921875
0.1844494342803955
0.18682289123535156
0.19447112083435059
0.17583012580871582
0.1850419044494629
0.1852858066558838
0.18232440948486328
0.18496489524841309
0.19100451469421387
0.18215346336364746
0.1853475570678711
0.17615032196044922
0.1845996379852295
0.18702244758605957
0.18503189086914062
0.1813068389892578
0.2042691707611084
0.18493223190307617
0.18393754959106445
0.18541288375854492
0.18256378173828125
0.18990111351013184
0.18478727340698242
0.18292450904846191
0.18332266807556152
0.18440675735473633
0.18500757217407227
0.19173383712768555
0.17265987396240234
0.18369817733764648
0.24381780624389648
0.1892561912536621
0.19113945960998535
0.18720555305480957
0.18437981605529785
0.17134785652160645
0.1833806037902832
0.19016218185424805
0.1808004379272461
0.19802474975585938
0.187408447265625
0.18841552734375
0.19074654579162598
0.18355178833007812
0.18483257293701172
0.18305110931396484
0.18703389167785645
0.18734979629516602
0.18501591682434082
0.18802094459533691
0.18490386009216309
0.18385934829711914
0.18105387687683105
0.20439481735229492
0.1922013759613037
0.18587899208068848
0.17302441596984863
0.18676519393920898
0.1877591609954834
0.19106841087341309
0.19587302207946777
0.19867801666259766
0.18198680877685547
0.19197487831115723
0.18428254127502441
0.17878150939941406
0.1827998161315918
0.1831510066986084
0.28382039070129395
0.18363213539123535
0.18509602546691895
0.18635320663452148
0.18827056884765625
0.18155908584594727
0.20675230026245117
0.1891937255859375
0.19019818305969238
0.18663907051086426
0.1845989227294922
0.18401718139648438
0.18642044067382812
0.19137787818908691
0.1841416358947754
0.19716620445251465
0.18796038627624512
0.18444347381591797
0.18627715110778809
0.18387722969055176
0.18385052680969238
0.1821122169494629
0.18346095085144043
0.18507051467895508
0.18847227096557617
0.18184566497802734
0.18380141258239746
0.18755769729614258
0.18609285354614258
0.18708467483520508
0.1840193271636963
0.1857914924621582
0.19942092895507812
0.18410587310791016
0.18112683296203613
0.1810007095336914
0.18700742721557617
0.18969416618347168
0.1826305389404297
0.18387079238891602
0.18398237228393555
0.18535518646240234
0.187255859375
0.18417143821716309
0.18717122077941895
0.19768524169921875
0.18994426727294922
0.18401885032653809
0.1847386360168457
0.17675423622131348
0.1837451457977295
0.19321751594543457
0.17623567581176758
0.18030953407287598
0.2005777359008789
0.18559646606445312
0.18289494514465332
0.2156674861907959
0.19301652908325195
0.1923816204071045
0.18699884414672852
0.19843316078186035
0.18634843826293945
0.19026660919189453
0.18389034271240234
0.1861743927001953
0.1840054988861084
0.20113039016723633
0.18378019332885742
0.18535280227661133
0.18456411361694336
0.18333816528320312
0.18346905708312988
0.1820206642150879
0.18262839317321777
0.18046808242797852
0.18258237838745117
0.1860179901123047
0.18584442138671875
0.18530511856079102
0.19166159629821777
0.18429327011108398
0.18538880348205566
0.19629144668579102
0.20603609085083008
0.19042062759399414
0.18313312530517578
0.18458914756774902
0.1834580898284912
0.18686223030090332
0.18597817420959473
0.18412256240844727
0.1880171298980713
0.18318796157836914
0.18790125846862793
0.18596386909484863
0.1900014877319336
0.1939239501953125
0.18398547172546387
0.18507099151611328
0.18584060668945312
0.18239808082580566
0.1849806308746338
0.1829690933227539
0.18272757530212402
0.18581581115722656
0.18491506576538086
0.1822526454925537
0.18803882598876953
0.1736741065979004
0.18192720413208008
0.18361592292785645
0.2382798194885254
0.18560576438903809
0.18749690055847168
0.18400263786315918
0.1739819049835205
0.18329429626464844
0.17559504508972168
0.18390297889709473
0.19205856323242188
0.1878211498260498
0.18746709823608398
0.18851995468139648
0.18454313278198242
0.18667292594909668
0.18601632118225098
0.18380284309387207
0.18719696998596191
0.18482017517089844
0.18454790115356445
0.1841137409210205
0.18108129501342773
0.18183612823486328
0.18408703804016113
0.18534421920776367
0.1961987018585205
0.18276405334472656
0.18428635597229004
0.18638110160827637
0.18553376197814941
0.1953284740447998
0.1829845905303955
0.21135592460632324
0.18388676643371582
0.18578433990478516
0.18430066108703613
0.1851656436920166
0.17485833168029785
0.1779942512512207
0.18707656860351562
0.17292189598083496
0.18561148643493652
0.1860978603363037
0.18431925773620605
0.18297076225280762
0.18243026733398438
0.27298426628112793
0.3348066806793213
0.18558740615844727
0.1851799488067627
0.18912816047668457
0.1833345890045166
0.1865379810333252
0.1852262020111084
0.1844770908355713
0.18411874771118164
0.18583178520202637
0.16550087928771973
0.185347318649292
0.18887901306152344
0.19020557403564453
0.1863243579864502
0.1843578815460205
0.1805565357208252
0.17565703392028809
0.17508220672607422
0.17920494079589844
0.18508529663085938
0.1857137680053711
0.18330979347229004
0.17896270751953125
0.18700027465820312
0.18340110778808594
0.1860184669494629
0.185990571975708
0.18252038955688477
0.18413805961608887
0.19001460075378418
0.18261218070983887
0.18375110626220703
0.18351030349731445
0.18930554389953613
0.1845860481262207
0.24262499809265137
0.1858534812927246
0.19163823127746582
0.18758773803710938
0.1849207878112793
0.18475055694580078
0.200056791305542
0.1840198040008545
0.18882489204406738
0.1859266757965088
0.18009305000305176
0.18366479873657227
0.18505549430847168
0.1868593692779541
0.1835477352142334
0.1922159194946289
0.1842188835144043
0.18323016166687012
0.18174099922180176
0.17176246643066406
0.18399977684020996
0.19011282920837402
0.17265939712524414
0.18541908264160156
0.18483948707580566
0.19241046905517578
0.18501830101013184
0.1762702465057373
0.1800825595855713
0.18716073036193848
0.18332886695861816
0.1852724552154541
0.18043947219848633
0.1814415454864502
0.18358850479125977
0.20777606964111328
0.18531060218811035
0.1838529109954834
0.1838526725769043
0.18141746520996094
0.18481898307800293
0.1871960163116455
0.18256163597106934
0.1861886978149414
0.1952805519104004
0.18443894386291504
0.18199634552001953
0.18264031410217285
0.18580055236816406
0.188948392868042
0.18561148643493652
0.20244693756103516
0.18532776832580566
0.18327093124389648
0.18109440803527832
0.18659043312072754
0.2236766815185547
0.18394136428833008
0.18305230140686035
0.17968177795410156
0.1837925910949707
0.18474388122558594
0.18841028213500977
0.18459129333496094
0.18552136421203613
0.18375039100646973
0.18380141258239746
0.1848917007446289
0.18558573722839355
0.1841120719909668
0.18498873710632324
0.21865177154541016
0.19196105003356934
0.19045186042785645
0.18529939651489258
0.18792247772216797
0.23378229141235352
0.18535923957824707
0.18429279327392578
0.18598294258117676
0.1849813461303711
0.1882481575012207
0.17784857749938965
0.1857588291168213
3.182239055633545
0.18129467964172363
0.20849967002868652
0.1951918601989746
0.18423104286193848
0.18257737159729004
0.18431925773620605
0.18271970748901367
0.2020871639251709
0.1839134693145752
0.1730196475982666
0.19402003288269043
0.18211150169372559
0.18538379669189453
0.18535876274108887
0.1862483024597168
0.18509697914123535
0.1876204013824463
0.18437957763671875
0.1826167106628418
0.19142842292785645
0.18299031257629395
0.18800139427185059
0.17042803764343262
0.16923117637634277
0.18912458419799805
0.18601465225219727
0.18405413627624512
0.191788911819458
0.19116425514221191
0.18992257118225098
0.18979930877685547
0.18667912483215332
0.1858537197113037
0.2091846466064453
0.18448424339294434
0.18347454071044922
0.3725576400756836
0.321103572845459
0.18589305877685547
0.18351984024047852
0.1754004955291748
0.1830904483795166
0.1852564811706543
0.18191027641296387
0.18688750267028809
0.18383359909057617
0.18508458137512207
0.17676448822021484
0.1790177822113037
0.18739724159240723
0.18455719947814941
0.18508243560791016
0.17512822151184082
0.1881728172302246
0.18605446815490723
0.18313050270080566
0.18305134773254395
0.1880795955657959
0.18639636039733887
0.21172142028808594
0.18247056007385254
0.18168139457702637
0.18764019012451172
0.18609166145324707
0.18345427513122559
0.1829679012298584
0.18835902214050293
0.1841421127319336
0.18198060989379883
0.18375825881958008
0.18919897079467773
0.18376517295837402
0.18381023406982422
0.1822042465209961
0.18299388885498047
0.18898320198059082
0.18294906616210938
0.1780693531036377
0.17906641960144043
0.1853313446044922
0.1830124855041504
0.2072160243988037
0.18425822257995605
0.18201637268066406
0.1870114803314209
0.1873478889465332
0.18192338943481445
0.18292760848999023
0.18866252899169922
0.18559908866882324
