0.1956954002380371
0.18451499938964844
0.18321657180786133
0.18329596519470215
0.18392086029052734
0.182481050491333
0.19573497772216797
0.26676058769226074
0.1868131160736084
0.18303298950195312
0.18400120735168457
0.20015335083007812
0.18456506729125977
0.1849653720855713
0.1899271011352539
0.18526959419250488
0.18484783172607422
0.18796300888061523
0.18280625343322754
0.192612886428833
0.18285012245178223
0.18551373481750488
0.18598461151123047
0.1823277473449707
0.17349934577941895
0.18213295936584473
0.18797659873962402
0.18477678298950195
0.1817765235900879
0.18436312675476074
0.18770194053649902
0.18368172645568848
0.18615055084228516
0.18475914001464844
0.18575024604797363
0.18230605125427246
0.19193410873413086
0.1799159049987793
0.29143834114074707
0.1827991008758545
0.18555927276611328
0.18692898750305176
0.17363429069519043
0.19263434410095215
0.18616509437561035
0.18713688850402832
0.1841750144958496
0.18465852737426758
0.1838834285736084
0.18376469612121582
0.1983499526977539
0.18531036376953125
0.191314697265625
0.18497061729431152
0.18345165252685547
0.18743085861206055
0.17865753173828125
0.18523931503295898
0.18544387817382812
0.18663692474365234
0.1831216812133789
0.18154621124267578
0.17876243591308594
0.2059650421142578
0.18999266624450684
0.1860356330871582
0.1812148094177246
0.184462308883667
0.18410491943359375
0.1852397918701172
0.18378567695617676
0.18787074089050293
0.18494510650634766
0.18338871002197266
0.18122005462646484
0.18306231498718262
0.20352458953857422
0.18479442596435547
0.18387985229492188
0.18537449836730957
0.18326067924499512
0.17985224723815918
0.1828920841217041
0.1830904483795166
0.18501758575439453
0.1850907802581787
0.18491125106811523
0.1889946460723877
0.1929159164428711
0.18109703063964844
0.1835620403289795
0.1840953826904297
0.1860969066619873
0.1830432415008545
0.18322086334228516
0.18546295166015625
0.18293380737304688
0.18505501747131348
0.1845874786376953
0.21025586128234863
0.18670964241027832
0.19096851348876953
0.18816089630126953
0.18631386756896973
0.1849820613861084
0.1844038963317871
0.18314909934997559
0.19481658935546875
0.18355560302734375
0.18334650993347168
0.18413114547729492
0.18297219276428223
0.18675827980041504
0.1878986358642578
0.19987201690673828
0.19135594367980957
0.1830000877380371
0.18369269371032715
0.18710637092590332
0.1869983673095703
0.18317484855651855
0.1826624870300293
0.19060754776000977
0.18427586555480957
0.18312954902648926
0.19537568092346191
0.18696022033691406
0.18548083305358887
0.1870265007019043
0.1858506202697754
0.1836092472076416
0.18546533584594727
0.18640732765197754
0.18596839904785156
0.1849057674407959
0.18278193473815918
0.18342232704162598
0.19303131103515625
0.18767070770263672
0.1708507537841797
0.1805558204650879
0.18804001808166504
0.19779419898986816
0.18537545204162598
0.18553423881530762
0.19530081748962402
0.1849992275238037
0.18257951736450195
0.18500232696533203
0.18428468704223633
0.18838906288146973
0.18551921844482422
0.1833510398864746
0.18522000312805176
0.18577313423156738
0.1859147548675537
0.18869328498840332
0.1859748363494873
0.18325448036193848
0.18636178970336914
0.19417881965637207
0.1883542537689209
0.1889650821685791
0.185410737991333
0.19091057777404785
0.18279623985290527
0.18633818626403809
0.1849377155303955
0.1903076171875
0.18603515625
0.1843564510345459
0.18220162391662598
0.1821901798248291
0.18544363975524902
0.1840991973876953
0.18584704399108887
0.1832277774810791
0.18396997451782227
0.18363285064697266
0.19340109825134277
0.18696999549865723
0.18437957763671875
0.1820392608642578
0.18480920791625977
0.18354487419128418
0.18376612663269043
0.18404722213745117
0.1816096305847168
0.18686246871948242
0.18652749061584473
0.18477964401245117
0.18599939346313477
0.18758416175842285
0.18622541427612305
0.18580865859985352
0.30643367767333984
0.18529367446899414
0.18547296524047852
0.17847275733947754
0.18661856651306152
0.18268203735351562
0.1835312843322754
0.19080090522766113
0.1839449405670166
0.18354177474975586
0.18383193016052246
0.18594002723693848
0.1884608268737793
0.18273186683654785
0.17100763320922852
0.18355417251586914
0.18192601203918457
0.18705415725708008
0.18207812309265137
0.18484759330749512
0.18811607360839844
0.18689799308776855
0.18312978744506836
0.1866142749786377
0.1837778091430664
0.18930983543395996
0.1857907772064209
0.18389630317687988
0.16499114036560059
0.18626904487609863
0.1845388412475586
0.17114925384521484
0.1857137680053711
0.18598556518554688
0.18643665313720703
0.18787837028503418
0.186812162399292
0.19344806671142578
0.20522069931030273
0.18576478958129883
0.18337750434875488
0.1829972267150879
0.20216608047485352
0.18587088584899902
0.18426775932312012
0.1867811679840088
0.18445611000061035
0.18439459800720215
0.19852137565612793
0.18617868423461914
0.186722993850708
0.18440771102905273
0.19710826873779297
0.18861937522888184
0.1767737865447998
0.18398571014404297
0.18767118453979492
0.18878912925720215
0.18457579612731934
0.18324947357177734
0.181502103805542
0.1997084617614746
0.1856095790863037
0.1896965503692627
0.18538999557495117
0.1835644245147705
0.18254351615905762
0.18679523468017578
0.18381142616271973
0.24084925651550293
0.18242812156677246
0.18968749046325684
0.19034028053283691
0.1862189769744873
0.18456006050109863
0.18430757522583008
0.18488860130310059
0.18426060676574707
0.18814349174499512
0.18511652946472168
0.2044680118560791
0.18368291854858398
0.1834394931793213
0.19493651390075684
0.18736553192138672
0.18719768524169922
0.18227839469909668
0.1840372085571289
0.18372488021850586
0.18533086776733398
0.1948564052581787
0.19106054306030273
0.1844165325164795
0.18358755111694336
0.18349075317382812
0.17783737182617188
0.20212841033935547
0.18314743041992188
0.18427729606628418
0.1863553524017334
0.20259928703308105
0.1813187599182129
0.1841261386871338
0.18753933906555176
0.18699121475219727
