0.19191360473632812
0.1941237449645996
0.18962621688842773
0.1878960132598877
0.19649910926818848
0.19626355171203613
0.21153759956359863
0.19050908088684082
0.21667170524597168
0.1948230266571045
0.19003820419311523
0.18710899353027344
0.19619178771972656
0.19489479064941406
0.2015666961669922
0.4029686450958252
0.18897294998168945
0.1959695816040039
0.18726515769958496
0.24812626838684082
0.20247769355773926
0.19404268264770508
0.1875607967376709
0.19324874877929688
0.18965506553649902
0.19316840171813965
0.19263124465942383
0.19570136070251465
0.1864330768585205
0.1914081573486328
0.20162439346313477
0.1914064884185791
0.19217634201049805
0.23209166526794434
0.1907651424407959
0.1986701488494873
0.18621325492858887
0.2291581630706787
0.2073533535003662
0.19344401359558105
0.19196677207946777
0.2028212547302246
0.1907656192779541
0.192000150680542
0.18999361991882324
0.1917552947998047
0.21123409271240234
0.19368529319763184
0.1880028247833252
0.1899869441986084
0.19226861000061035
0.1989891529083252
0.1862795352935791
0.1978754997253418
0.19098162651062012
0.19100689888000488
0.19615602493286133
0.19150161743164062
0.20110678672790527
0.19051671028137207
0.19296765327453613
0.20119881629943848
0.19115734100341797
0.19443631172180176
3.194371461868286
0.1887977123260498
0.1914372444152832
0.1919078826904297
0.1981215476989746
0.19043517112731934
0.19607257843017578
0.1885058879852295
0.20335030555725098
0.19170618057250977
0.1931898593902588
0.1968224048614502
0.18864917755126953
0.2430405616760254
0.20109963417053223
0.1863722801208496
0.19469523429870605
0.18911004066467285
0.19188857078552246
0.18458819389343262
0.19829750061035156
0.19349908828735352
0.19600200653076172
0.19261765480041504
0.18970632553100586
0.20099449157714844
0.19500184059143066
0.18800973892211914
0.19325780868530273
0.1871495246887207
0.19455742835998535
0.22360849380493164
0.21299314498901367
0.18900108337402344
0.19602108001708984
0.19028925895690918
0.20505309104919434
0.20777010917663574
0.19152235984802246
0.18894147872924805
0.19289088249206543
0.23704171180725098
0.1967611312866211
0.1920175552368164
0.19373250007629395
0.20603060722351074
0.19015192985534668
0.2104024887084961
0.19223809242248535
0.1993718147277832
0.19197940826416016
0.19341397285461426
0.18873071670532227
0.19651293754577637
0.19777703285217285
0.4893147945404053
0.18830609321594238
0.22399282455444336
0.19478535652160645
0.19318771362304688
0.1908555030822754
0.19340252876281738
0.19010400772094727
0.19340109825134277
0.24005556106567383
0.1923987865447998
0.19095110893249512
0.19376206398010254
0.19150757789611816
0.19047999382019043
0.19645476341247559
0.19132375717163086
0.18713164329528809
0.1943645477294922
0.18982934951782227
0.19278454780578613
0.1890277862548828
0.19024157524108887
0.19534802436828613
0.19953155517578125
0.19205451011657715
0.30568790435791016
0.1902143955230713
0.2062079906463623
0.19310522079467773
0.1858820915222168
0.1905832290649414
0.19794154167175293
0.23765277862548828
0.2006702423095703
0.1987767219543457
0.20053339004516602
0.19464588165283203
0.21042299270629883
0.18745207786560059
0.19358539581298828
0.3168652057647705
0.19879937171936035
0.1938021183013916
0.1897897720336914
0.19648957252502441
0.1956632137298584
0.20343518257141113
0.1927790641784668
0.19027042388916016
0.19544005393981934
0.18934869766235352
0.19226336479187012
0.2008044719696045
0.1899881362915039
0.19388031959533691
0.19199538230895996
0.1901841163635254
0.1937730312347412
0.1923050880432129
0.1915268898010254
0.18943500518798828
0.19283318519592285
0.1886749267578125
0.20421719551086426
0.19276118278503418
0.21042871475219727
0.19330596923828125
0.19271087646484375
0.19182229042053223
0.19209527969360352
0.1925978660583496
0.19448447227478027
0.1943519115447998
0.19271087646484375
0.1898336410522461
0.19201993942260742
0.19428586959838867
0.1999678611755371
0.19152092933654785
0.19599699974060059
0.19048452377319336
0.19136476516723633
0.1943378448486328
0.18879389762878418
0.19083142280578613
0.19440078735351562
0.1938800811767578
0.21411800384521484
0.20052051544189453
0.18532299995422363
0.20028162002563477
0.20156311988830566
0.19051384925842285
0.19455194473266602
0.2089831829071045
0.19382977485656738
0.20596575736999512
0.18943023681640625
0.19654130935668945
0.19257211685180664
0.1902923583984375
0.19682621955871582
0.1962733268737793
0.19397711753845215
0.18898844718933105
0.1975860595703125
0.18712306022644043
0.19646620750427246
0.40207481384277344
0.20972180366516113
0.19554734230041504
0.18965578079223633
0.19434762001037598
0.2013700008392334
1.2096855640411377
0.2058708667755127
0.1874980926513672
0.19095945358276367
0.25910115242004395
0.19199442863464355
0.407423734664917
0.37354135513305664
0.20058798789978027
0.2240004539489746
0.18791842460632324
0.23641347885131836
0.19339704513549805
0.1923828125
0.19100260734558105
0.19580936431884766
0.5136487483978271
0.29323673248291016
0.22292637825012207
0.1925952434539795
0.20802974700927734
0.18849563598632812
0.22711420059204102
0.38352441787719727
0.2030329704284668
0.19911932945251465
0.20039844512939453
0.19657063484191895
0.2017977237701416
0.19266247749328613
0.19307303428649902
0.21806001663208008
0.20539069175720215
0.20418167114257812
0.19354724884033203
0.29811620712280273
1.2226390838623047
0.1955699920654297
0.19172000885009766
0.20124340057373047
0.19016075134277344
