0.19410371780395508
0.2279675006866455
0.23284435272216797
0.23482155799865723
0.20453977584838867
0.19559383392333984
0.1975259780883789
0.20958590507507324
0.19200706481933594
0.2232356071472168
0.22723150253295898
0.1873011589050293
0.18520188331604004
0.2125253677368164
0.1892712116241455
0.1914050579071045
0.18906545639038086
0.18616127967834473
0.20260977745056152
0.19164633750915527
0.20929265022277832
0.1948857307434082
0.19190049171447754
0.1965014934539795
0.18605351448059082
0.2074875831604004
0.21163320541381836
0.19001126289367676
0.197007417678833
0.19028615951538086
0.192518949508667
0.1898956298828125
0.19341540336608887
0.1948719024658203
0.190993070602417
0.2211744785308838
0.19327902793884277
0.19259381294250488
0.19277334213256836
0.2029726505279541
0.19296479225158691
0.1895287036895752
0.1927323341369629
0.18851375579833984
0.20008540153503418
0.19522476196289062
0.21008968353271484
0.21117091178894043
0.20515131950378418
0.20442795753479004
0.2168571949005127
0.2138972282409668
0.18631720542907715
0.1915271282196045
0.20623373985290527
0.20026063919067383
0.19804024696350098
0.19594764709472656
0.1900789737701416
0.20496511459350586
0.2289121150970459
0.18930506706237793
0.20871305465698242
0.1876811981201172
0.22268104553222656
0.19149279594421387
0.19274115562438965
0.19133949279785156
0.18852663040161133
0.2047867774963379
0.19483518600463867
0.21307921409606934
0.2230370044708252
0.1961655616760254
0.1948084831237793
0.19582629203796387
0.29949283599853516
0.19985127449035645
0.20859074592590332
0.19391584396362305
0.1951596736907959
0.2299504280090332
0.229994535446167
0.19697070121765137
0.22387337684631348
0.22283625602722168
0.2589740753173828
0.5119690895080566
0.19171142578125
0.19730329513549805
0.19359755516052246
0.1893315315246582
0.23394536972045898
0.20598721504211426
0.2049875259399414
0.20116090774536133
0.21145296096801758
0.19121313095092773
0.19019055366516113
0.1991715431213379
0.1975266933441162
0.2024390697479248
0.19587993621826172
0.20195269584655762
0.23199677467346191
0.2349872589111328
0.21096253395080566
0.19074630737304688
0.2039642333984375
0.19721460342407227
0.19467401504516602
0.18996214866638184
0.19407200813293457
0.190962553024292
0.18834853172302246
0.18673229217529297
0.18689656257629395
0.1897871494293213
0.19452977180480957
0.20941615104675293
0.19696640968322754
0.20696663856506348
0.19798707962036133
0.19388723373413086
0.18731951713562012
0.1956772804260254
0.21671652793884277
0.1917421817779541
0.19675922393798828
0.1874840259552002
0.1903061866760254
0.19834280014038086
0.19549107551574707
0.191636323928833
0.19128632545471191
0.18520140647888184
0.1913928985595703
0.20511722564697266
0.21886777877807617
0.21585965156555176
0.2047595977783203
0.21024656295776367
0.1906893253326416
0.19738507270812988
0.188995361328125
0.1906566619873047
0.19130849838256836
0.18756341934204102
0.19291472434997559
0.1914222240447998
0.19600939750671387
0.20594048500061035
0.21196842193603516
0.24696946144104004
0.2557647228240967
0.19223642349243164
0.19496965408325195
0.19257807731628418
0.20350170135498047
0.20449352264404297
0.19034099578857422
0.19128060340881348
0.18837380409240723
0.20047569274902344
0.19011163711547852
0.19459939002990723
0.19998621940612793
0.19698739051818848
0.19100046157836914
0.19301652908325195
0.19539928436279297
0.19000744819641113
0.19391679763793945
0.19153261184692383
0.18853068351745605
0.19389677047729492
0.1904006004333496
0.18981456756591797
0.19282054901123047
0.18983745574951172
0.19017696380615234
0.19650697708129883
0.20219659805297852
0.20136380195617676
0.22224664688110352
0.19336247444152832
0.2332754135131836
0.1970973014831543
0.19617938995361328
0.1935262680053711
0.18814420700073242
0.19125032424926758
0.18628787994384766
0.19939351081848145
0.19013524055480957
0.19444823265075684
0.18902826309204102
0.196990966796875
0.2042088508605957
0.18990206718444824
0.19187331199645996
0.19055962562561035
3.2173011302948
0.19082903861999512
0.19019508361816406
0.19180607795715332
0.1910543441772461
0.19967055320739746
0.18753385543823242
0.18907475471496582
0.21753549575805664
0.19579792022705078
0.1970047950744629
0.18997526168823242
0.19429421424865723
0.2035365104675293
0.20270538330078125
0.19768834114074707
0.19384980201721191
0.19948792457580566
0.19440245628356934
0.19546890258789062
0.19370174407958984
0.2634758949279785
0.20814919471740723
0.21514606475830078
0.1921708583831787
0.192213773727417
0.2128152847290039
0.19998693466186523
0.19496417045593262
0.1900010108947754
0.19523859024047852
0.19542837142944336
0.18875932693481445
0.23555850982666016
0.22055721282958984
0.19045114517211914
0.19170212745666504
0.19128012657165527
0.1973433494567871
0.19124889373779297
0.19641542434692383
0.21419095993041992
0.200242280960083
0.19950389862060547
0.1969740390777588
0.19624114036560059
0.1861248016357422
0.1869347095489502
0.19218659400939941
0.21030354499816895
0.22199344635009766
0.23099708557128906
0.1914198398590088
0.19030261039733887
0.19119930267333984
0.19591975212097168
0.20171380043029785
0.18781757354736328
0.1908864974975586
0.1935560703277588
0.20852160453796387
0.19005393981933594
0.19920897483825684
0.25417280197143555
0.19315028190612793
0.1950383186340332
0.19366741180419922
0.19658493995666504
0.1945786476135254
0.19327712059020996
0.20816493034362793
0.19919562339782715
0.19199037551879883
0.19716143608093262
0.1947634220123291
0.18802452087402344
0.21707653999328613
0.21377301216125488
0.20082950592041016
0.18728947639465332
0.1895742416381836
0.19271039962768555
0.1881241798400879
0.19042396545410156
0.18819570541381836
0.20202064514160156
0.1948380470275879
0.21295714378356934
0.19600248336791992
0.19199657440185547
0.19498610496520996
0.19800043106079102
0.20100760459899902
0.2010197639465332
0.1940016746520996
0.195237398147583
0.19980096817016602
0.1988840103149414
0.21995115280151367
0.2309119701385498
0.18996477127075195
0.18956375122070312
0.2085733413696289
0.19249272346496582
0.2069869041442871
0.2159743309020996
0.19062328338623047
0.2132267951965332
0.20717954635620117
0.20019841194152832
0.19759202003479004
0.20222973823547363
0.22504353523254395
0.19185447692871094
0.20885276794433594
0.1874558925628662
0.20894646644592285
0.20900559425354004
0.18974065780639648
0.19338726997375488
0.20632386207580566
0.2033998966217041
0.21694302558898926
0.18953442573547363
0.189530611038208
0.1908559799194336
0.2006235122680664
0.2199251651763916
0.205033540725708
0.18472528457641602
0.19398164749145508
0.20458555221557617
0.2004375457763672
0.19630718231201172
0.1974778175354004
0.18795132637023926
0.1895139217376709
0.19122743606567383
0.19484162330627441
0.1928563117980957
0.1910111904144287
0.19399690628051758
0.2750990390777588
0.19353389739990234
0.18738055229187012
0.18849945068359375
0.20275259017944336
0.19269037246704102
0.20189976692199707
0.1884446144104004
0.20403790473937988
0.19412612915039062
0.20526337623596191
0.1979985237121582
0.1904010772705078
0.19600510597229004
0.19221186637878418
0.19519805908203125
0.19080543518066406
0.19332432746887207
0.19261860847473145
0.1921069622039795
0.20673227310180664
0.1906890869140625
0.18907499313354492
0.19177746772766113
0.18654537200927734
0.19520044326782227
0.1882026195526123
0.1853771209716797
0.1891005039215088
0.1990063190460205
0.1899242401123047
0.2001667022705078
0.19816923141479492
0.1954336166381836
0.19538116455078125
0.187422513961792
0.19179129600524902
0.19124794006347656
0.1904592514038086
0.19389820098876953
0.21115398406982422
0.21618223190307617
0.19479966163635254
0.202070951461792
0.1957683563232422
0.19238066673278809
0.18836069107055664
0.21062755584716797
0.1961536407470703
0.19312381744384766
0.20029306411743164
0.23553705215454102
0.22401785850524902
0.21376276016235352
0.1927487850189209
0.1993427276611328
0.18902230262756348
0.19904232025146484
0.19013237953186035
0.19349956512451172
0.18546533584594727
0.19176745414733887
0.1883246898651123
0.18886351585388184
0.25902628898620605
0.27236413955688477
0.21635007858276367
0.19404983520507812
0.19560909271240234
0.19294953346252441
0.20028305053710938
0.20635724067687988
0.19593572616577148
0.21157407760620117
0.20957326889038086
0.18953275680541992
0.19561505317687988
0.1902008056640625
0.19292998313903809
0.1900327205657959
0.1954493522644043
0.18830537796020508
0.191115140914917
0.19445371627807617
0.1968855857849121
0.1910111904144287
0.20643997192382812
0.19363784790039062
0.19979214668273926
0.19707369804382324
0.1924605369567871
0.20982718467712402
0.1912999153137207
0.1949617862701416
0.19505572319030762
0.19695067405700684
0.19325900077819824
0.18845701217651367
0.19354748725891113
0.21332383155822754
0.20837068557739258
0.18960356712341309
0.2010049819946289
0.19700145721435547
0.19752001762390137
0.19997072219848633
0.20838689804077148
0.1985926628112793
0.20160222053527832
0.1986234188079834
0.20415544509887695
0.194580078125
0.2075650691986084
0.19856858253479004
0.2110755443572998
0.20270371437072754
0.22001218795776367
0.21100521087646484
0.2138512134552002
0.20098209381103516
0.19703245162963867
0.19324231147766113
0.19727039337158203
0.19362783432006836
0.1933574676513672
0.18846583366394043
0.18933463096618652
0.19536995887756348
0.19431114196777344
0.18929839134216309
0.190354585647583
0.21294593811035156
0.1953566074371338
0.1884315013885498
0.20617961883544922
0.1917867660522461
0.19599556922912598
0.1912529468536377
0.18924522399902344
0.19376802444458008
0.19482755661010742
0.20746898651123047
0.19118475914001465
0.19098258018493652
0.18999528884887695
0.19209980964660645
0.18562960624694824
0.1866614818572998
0.19885897636413574
0.19281816482543945
0.19687700271606445
0.19161200523376465
0.1987299919128418
0.20513916015625
0.20812058448791504
3.186525344848633
0.19031453132629395
0.18622374534606934
0.1960909366607666
0.18947768211364746
0.18814682960510254
0.21670317649841309
0.19543933868408203
0.1915745735168457
0.1880168914794922
0.1932229995727539
0.19372248649597168
0.18502116203308105
0.1919112205505371
0.1923224925994873
0.20628905296325684
0.19426178932189941
0.19352197647094727
0.19100356101989746
0.1911320686340332
0.19293522834777832
0.1968986988067627
0.21338939666748047
0.19683456420898438
0.1958024501800537
0.19534969329833984
0.19202089309692383
0.18465137481689453
0.1953747272491455
0.19237446784973145
0.1900019645690918
0.19498229026794434
0.18727970123291016
0.1928548812866211
0.18805289268493652
0.18895697593688965
0.21754884719848633
0.23161816596984863
0.21869635581970215
0.1933894157409668
0.19125056266784668
0.19401884078979492
0.19697213172912598
0.1909961700439453
0.19023966789245605
0.20709466934204102
0.19725465774536133
0.1970810890197754
0.19570708274841309
0.20979833602905273
0.20880556106567383
0.18741345405578613
0.18654894828796387
0.19434738159179688
0.21593260765075684
0.20187139511108398
0.24948453903198242
0.2046949863433838
0.19869732856750488
0.19470691680908203
0.19202733039855957
0.1900026798248291
0.20392346382141113
0.1953582763671875
0.19179105758666992
0.19584035873413086
0.19196724891662598
0.20107507705688477
0.19047212600708008
0.19178295135498047
0.19160747528076172
0.19062209129333496
0.19458723068237305
0.21111822128295898
0.18959569931030273
0.18976259231567383
0.1920762062072754
0.21384286880493164
0.22685837745666504
0.2037794589996338
0.18808436393737793
0.1914050579071045
0.1910083293914795
0.19668865203857422
0.1979997158050537
0.1961073875427246
0.20395684242248535
0.19814062118530273
0.19611239433288574
0.2414698600769043
0.19483709335327148
0.2167825698852539
0.22878122329711914
0.19651556015014648
0.20499348640441895
0.19176268577575684
0.19397687911987305
0.19223427772521973
0.19492530822753906
0.20032787322998047
0.359053373336792
0.20062518119812012
0.20104575157165527
0.20003676414489746
0.19718623161315918
3.2006306648254395
0.19300150871276855
0.21164965629577637
0.22022175788879395
0.1896367073059082
0.1900315284729004
0.19397521018981934
0.19499754905700684
0.19476652145385742
0.1919090747833252
0.18947839736938477
0.1878039836883545
0.18769192695617676
0.19287323951721191
0.1902475357055664
0.19165778160095215
0.19230103492736816
0.21613168716430664
0.21613168716430664
0.19725537300109863
0.18947815895080566
0.19360923767089844
0.18890833854675293
0.19433045387268066
0.19395661354064941
0.1904597282409668
0.19101834297180176
0.19717645645141602
0.19725537300109863
0.1920013427734375
0.19123101234436035
0.19914460182189941
0.1950085163116455
0.19391703605651855
0.19388246536254883
0.18753767013549805
0.19315648078918457
0.19156241416931152
0.1909337043762207
0.19153523445129395
0.19197869300842285
0.1944580078125
0.19671416282653809
0.18836188316345215
0.18761801719665527
0.19339823722839355
0.2077314853668213
0.1928722858428955
0.1945815086364746
0.1973552703857422
0.19250893592834473
0.1883704662322998
0.19823169708251953
0.19101214408874512
0.19619369506835938
0.2510058879852295
0.34797191619873047
0.20813584327697754
0.1971428394317627
0.1922898292541504
0.19540882110595703
0.1909162998199463
0.1944584846496582
0.19098949432373047
0.19104337692260742
0.1960458755493164
0.1947028636932373
0.1905832290649414
0.20447850227355957
0.1904141902923584
0.187591552734375
0.18831276893615723
0.1856064796447754
0.18908119201660156
0.19199657440185547
0.1894841194152832
0.19029688835144043
0.19661402702331543
0.18706369400024414
0.1934340000152588
0.1965487003326416
0.19909429550170898
0.18978428840637207
0.19652700424194336
0.33709096908569336
0.19370007514953613
0.1886582374572754
0.1897432804107666
0.18818163871765137
0.19443726539611816
0.1902484893798828
0.21419572830200195
0.2230539321899414
0.1934187412261963
0.19664454460144043
0.19446229934692383
0.19617414474487305
0.1884479522705078
0.24915862083435059
0.27414703369140625
0.19314122200012207
0.18597912788391113
0.19516444206237793
0.19978642463684082
0.19117498397827148
0.21179556846618652
0.19464850425720215
0.19800019264221191
0.19193291664123535
0.1919567584991455
0.19175076484680176
0.19072341918945312
0.20437979698181152
0.19256377220153809
0.22562384605407715
0.22260022163391113
0.21759462356567383
0.19914007186889648
0.1968092918395996
0.2009716033935547
0.18899250030517578
0.19266867637634277
0.20325231552124023
0.21320033073425293
0.18804264068603516
0.1960163116455078
0.1910252571105957
0.18909192085266113
0.19518446922302246
0.19199919700622559
0.19184589385986328
0.18956780433654785
0.19664454460144043
0.19103288650512695
0.19384241104125977
0.2151327133178711
0.19579100608825684
0.27873992919921875
0.320803165435791
0.1896209716796875
0.19686341285705566
0.18648838996887207
0.1922612190246582
0.19496774673461914
0.1920027732849121
0.19141674041748047
0.19292879104614258
0.19298243522644043
0.18865513801574707
0.19883418083190918
0.19468212127685547
0.1892528533935547
0.18541407585144043
0.1897125244140625
0.1952049732208252
0.18843436241149902
0.1869509220123291
0.1913301944732666
0.18714570999145508
0.19600653648376465
0.190779447555542
0.19088125228881836
0.18865299224853516
0.19103765487670898
0.18720531463623047
0.19305872917175293
0.2025463581085205
0.1976308822631836
0.18829345703125
0.19498062133789062
0.18958735466003418
0.1920311450958252
0.19884681701660156
0.20018649101257324
0.2113509178161621
0.19842004776000977
0.19486379623413086
0.2059922218322754
0.2129988670349121
0.18820762634277344
0.19580936431884766
0.19009971618652344
0.19233250617980957
0.1952521800994873
0.19156789779663086
0.19037199020385742
0.20889544486999512
0.20285916328430176
0.18963861465454102
0.20202898979187012
0.20398187637329102
0.19278264045715332
0.20805859565734863
0.1930406093597412
0.1912684440612793
0.18999481201171875
0.1875748634338379
0.19266581535339355
0.19600939750671387
0.18890643119812012
0.21655631065368652
0.20253252983093262
0.19243741035461426
0.2034919261932373
0.19864845275878906
0.2155132293701172
0.19596290588378906
0.19396018981933594
0.19606757164001465
0.191453218460083
0.208815336227417
0.1937727928161621
0.1923656463623047
0.19351506233215332
0.19207191467285156
0.20424199104309082
0.20721840858459473
0.1925983428955078
0.21207451820373535
0.19535422325134277
0.18843746185302734
0.19720864295959473
0.18988370895385742
0.20000123977661133
0.19897174835205078
0.19328546524047852
0.19175434112548828
0.21123290061950684
0.19890403747558594
0.1923675537109375
0.19062256813049316
0.19463109970092773
0.20728373527526855
0.19136786460876465
0.1867973804473877
0.21828818321228027
0.20129752159118652
0.18837380409240723
0.19754934310913086
0.18967008590698242
0.23085594177246094
0.19092869758605957
0.1900017261505127
0.19395971298217773
0.19459962844848633
0.19129490852355957
0.19201874732971191
0.1916515827178955
0.1857290267944336
0.22695612907409668
0.19071173667907715
0.20118117332458496
0.2429347038269043
0.23199200630187988
0.19037961959838867
0.19983911514282227
0.19881772994995117
0.19672822952270508
0.189239501953125
0.19359636306762695
0.2049088478088379
0.20289301872253418
0.218109130859375
0.1882319450378418
0.18815279006958008
0.19211077690124512
0.19101762771606445
0.20644545555114746
0.21976780891418457
0.2217864990234375
0.2053837776184082
0.19602417945861816
0.18482279777526855
0.2003767490386963
0.19002175331115723
0.19385528564453125
0.1938314437866211
0.1979994773864746
0.18960285186767578
0.2657458782196045
0.23966360092163086
0.21005725860595703
0.19257140159606934
0.19411087036132812
0.1963493824005127
0.18877792358398438
0.21323275566101074
0.2061758041381836
0.18988656997680664
0.1953420639038086
0.19448399543762207
0.19837212562561035
0.2007920742034912
0.3076145648956299
0.24072027206420898
0.19077444076538086
0.20965147018432617
0.20067644119262695
0.19071674346923828
0.19040584564208984
0.18955087661743164
0.1905210018157959
0.1909167766571045
0.18827104568481445
0.19599580764770508
0.19366741180419922
0.19266510009765625
0.19002938270568848
0.19068121910095215
0.1940009593963623
0.19662928581237793
0.19283676147460938
0.1966092586517334
0.19373297691345215
0.20343995094299316
0.19984173774719238
0.1929950714111328
0.18807458877563477
0.19094014167785645
0.19468164443969727
0.1919708251953125
0.19086027145385742
0.2291851043701172
0.20917820930480957
0.27821779251098633
0.1886882781982422
0.2121410369873047
0.21598434448242188
0.21498870849609375
0.19173598289489746
0.19930148124694824
0.214385986328125
0.22930097579956055
0.19342470169067383
0.3099982738494873
0.1985468864440918
0.1957101821899414
0.19597601890563965
0.19068408012390137
0.19547677040100098
0.2006385326385498
0.19190645217895508
0.19607305526733398
0.1940290927886963
0.19599485397338867
0.1950366497039795
0.19408726692199707
0.21048355102539062
0.21639800071716309
0.19070911407470703
0.19213604927062988
0.1939220428466797
0.18762707710266113
0.18773818016052246
0.19435954093933105
0.18582653999328613
0.19861936569213867
0.24526715278625488
0.19049692153930664
0.19436931610107422
0.20198416709899902
0.19400644302368164
0.1886758804321289
0.188889741897583
0.18998217582702637
0.19399666786193848
0.27200794219970703
0.19042062759399414
0.19450139999389648
0.1919543743133545
0.1932086944580078
0.20099878311157227
0.18857121467590332
0.2003178596496582
0.19332194328308105
0.18861746788024902
0.1989288330078125
0.19849920272827148
0.20026445388793945
0.20555639266967773
0.18680858612060547
0.1867842674255371
0.20405244827270508
0.1871337890625
0.18900108337402344
0.19401121139526367
0.1941838264465332
0.1972041130065918
0.21985983848571777
0.232879638671875
0.19099211692810059
0.19115257263183594
0.19081425666809082
0.190748929977417
0.194000244140625
0.19302129745483398
0.18799901008605957
0.1950228214263916
0.19068336486816406
0.1929607391357422
0.19278359413146973
0.1954355239868164
0.19176435470581055
0.19148039817810059
0.1979966163635254
0.18991613388061523
0.19470763206481934
0.5743587017059326
0.24541306495666504
0.459730863571167
0.18943142890930176
0.19005703926086426
0.19579386711120605
0.198028564453125
0.19797015190124512
0.19579410552978516
0.22092461585998535
0.2081131935119629
0.1958019733428955
0.1900792121887207
0.19298720359802246
0.19243335723876953
0.19058918952941895
0.19352149963378906
0.18887615203857422
0.19399333000183105
0.19463682174682617
0.19017410278320312
0.18861174583435059
0.18799495697021484
0.19928979873657227
0.19428539276123047
0.19124960899353027
0.1942157745361328
0.19130158424377441
0.19245219230651855
0.19794702529907227
0.20358705520629883
0.1895897388458252
0.19363164901733398
0.21162843704223633
0.220628023147583
0.19290375709533691
0.20069360733032227
0.19084525108337402
0.19103240966796875
0.192185640335083
0.19283366203308105
0.1909654140472412
0.19397926330566406
0.19500184059143066
0.29694461822509766
0.22965598106384277
0.21962356567382812
0.21165847778320312
0.19146370887756348
0.1860804557800293
0.19001531600952148
0.1904294490814209
0.19300603866577148
0.19657039642333984
0.2031261920928955
0.19377374649047852
0.2376546859741211
0.22969698905944824
0.19048523902893066
0.1860818862915039
0.19200634956359863
0.19669842720031738
0.1982569694519043
0.23745322227478027
0.2601745128631592
0.4398941993713379
0.5275602340698242
0.5186798572540283
0.5311243534088135
0.6639938354492188
0.6619689464569092
0.716249942779541
0.7846229076385498
0.8744051456451416
0.9124140739440918
0.909473180770874
2.10406231880188
2.1587917804718018
0.9086208343505859
1.7444524765014648
0.9262709617614746
0.912632942199707
0.9050924777984619
0.9059875011444092
0.9098551273345947
0.9079363346099854
0.9039452075958252
0.891657829284668
3.886587381362915
0.892157793045044
0.881188154220581
0.8841872215270996
0.8683137893676758
3.870126962661743
3.8616161346435547
3.8632144927978516
0.876300573348999
0.8653886318206787
0.8604259490966797
0.8482174873352051
0.8677048683166504
0.8767232894897461
0.8224248886108398
0.8151679039001465
0.7820258140563965
0.795562744140625
0.771526575088501
0.7618551254272461
0.710167646408081
0.7287759780883789
0.7558050155639648
0.7568228244781494
0.6271159648895264
0.6231892108917236
0.5938847064971924
0.5611972808837891
0.3625962734222412
0.25621962547302246
0.2522470951080322
0.20667743682861328
0.18838143348693848
0.18880343437194824
0.1880016326904297
0.19099760055541992
0.18842315673828125
0.1851050853729248
0.18936371803283691
0.1910839080810547
0.19231224060058594
0.1875152587890625
0.19697117805480957
0.190993070602417
0.19814729690551758
0.2180025577545166
0.3992903232574463
0.1915428638458252
0.19778132438659668
0.20172786712646484
0.19175386428833008
0.1921088695526123
0.1991877555847168
0.19051194190979004
0.18862462043762207
0.19025111198425293
0.18859481811523438
0.19385886192321777
0.19516801834106445
0.19138336181640625
0.18912792205810547
0.20340943336486816
0.19029450416564941
0.20193934440612793
0.21309924125671387
0.21006321907043457
0.19954895973205566
0.18984603881835938
0.20529937744140625
0.21465349197387695
0.19269728660583496
0.18683290481567383
0.21988916397094727
0.25087857246398926
0.20120668411254883
0.19362092018127441
0.20838189125061035
0.203413724899292
0.21937251091003418
0.19164061546325684
0.1900463104248047
0.191131591796875
0.2158219814300537
0.19640779495239258
0.19015145301818848
0.19100689888000488
0.20797300338745117
0.2229921817779541
0.22996115684509277
0.1908116340637207
0.18812990188598633
0.20007729530334473
0.2009589672088623
0.19525790214538574
0.18930292129516602
0.20604252815246582
0.18900132179260254
0.19089508056640625
0.19336271286010742
0.2018752098083496
0.2106926441192627
0.19970464706420898
0.20407724380493164
0.2177581787109375
0.22574305534362793
0.24012494087219238
0.1946425437927246
0.26121091842651367
0.19863033294677734
0.19693422317504883
0.20004796981811523
0.19257760047912598
3.197889566421509
0.1883227825164795
0.19037961959838867
0.19544601440429688
0.18867182731628418
0.19438791275024414
0.20828771591186523
0.20129036903381348
0.19121575355529785
0.1930990219116211
0.20897150039672852
0.19097518920898438
0.22713780403137207
0.18726825714111328
0.19700098037719727
0.18970203399658203
0.19224286079406738
0.186476469039917
0.19010138511657715
0.19522905349731445
0.19149398803710938
0.22089886665344238
0.19590377807617188
0.22596073150634766
0.18974089622497559
0.18931269645690918
0.1974775791168213
0.19514703750610352
0.20184111595153809
0.21485400199890137
0.19669508934020996
0.18945884704589844
0.19634294509887695
0.18935537338256836
0.20100951194763184
0.1913127899169922
0.20173048973083496
0.1947171688079834
0.1909620761871338
0.19398069381713867
0.2015089988708496
0.196486234664917
0.1920015811920166
0.19220352172851562
0.18676042556762695
0.18845415115356445
0.22028827667236328
0.2174367904663086
0.1952071189880371
0.19183707237243652
0.1909193992614746
0.18834280967712402
0.19035029411315918
0.19374823570251465
0.1948535442352295
0.19699788093566895
0.19596242904663086
0.1920335292816162
0.2154543399810791
0.19718575477600098
0.2116408348083496
0.19727420806884766
0.19757914543151855
0.19816303253173828
0.1906595230102539
0.1934211254119873
0.19228625297546387
0.21559906005859375
0.2088475227355957
0.19329428672790527
0.19351649284362793
0.19561982154846191
0.20366382598876953
0.19326281547546387
0.20542621612548828
0.19196701049804688
0.19430851936340332
0.19841337203979492
0.202378511428833
0.19818449020385742
0.191619873046875
0.19658637046813965
0.19463109970092773
0.20114803314208984
0.1993575096130371
0.19417715072631836
0.18938660621643066
0.18620014190673828
0.20000886917114258
0.19016218185424805
0.19312405586242676
0.19213438034057617
0.1885545253753662
0.20418667793273926
0.20202326774597168
0.2110762596130371
0.18939423561096191
0.19614887237548828
0.2017354965209961
0.21376371383666992
0.2117605209350586
0.19599509239196777
0.18800806999206543
0.19133639335632324
0.18867087364196777
0.18854641914367676
0.1940479278564453
0.18751788139343262
0.1936941146850586
0.19027090072631836
0.20361328125
0.21588444709777832
0.24118661880493164
0.2877616882324219
0.1909773349761963
0.18550920486450195
0.19221925735473633
0.18499350547790527
0.18504023551940918
0.18499994277954102
0.19096827507019043
0.2114403247833252
0.20253777503967285
0.21156978607177734
0.21950387954711914
0.18768739700317383
0.19255828857421875
0.19060683250427246
0.1892871856689453
0.18706798553466797
0.18938636779785156
0.18435883522033691
0.19965720176696777
0.1932392120361328
0.19117093086242676
0.1910853385925293
0.1898186206817627
0.20706725120544434
0.2227935791015625
0.2317500114440918
0.1965010166168213
0.19141912460327148
0.19063520431518555
0.19436025619506836
0.20842313766479492
0.19890737533569336
0.20208740234375
0.28664731979370117
0.19018054008483887
0.19334721565246582
0.22459125518798828
0.22459721565246582
0.21412181854248047
0.22310400009155273
0.1999824047088623
0.20398521423339844
0.20495390892028809
0.19694972038269043
0.1925797462463379
0.19651103019714355
0.20489835739135742
0.19881319999694824
0.1943662166595459
0.20536398887634277
0.19356799125671387
0.19481372833251953
0.19163107872009277
0.19568252563476562
0.18800926208496094
0.19669294357299805
0.18576431274414062
0.19569611549377441
0.18958353996276855
0.19010353088378906
0.19419574737548828
0.2145240306854248
0.22248601913452148
0.1925811767578125
0.1944279670715332
0.23456621170043945
0.20648908615112305
0.18989348411560059
0.19265985488891602
0.1924734115600586
0.1880502700805664
0.19930601119995117
0.19644522666931152
0.1932053565979004
0.20433831214904785
0.1925506591796875
0.18838739395141602
0.20485281944274902
0.19112563133239746
0.19020342826843262
0.202470064163208
0.19225525856018066
0.19531512260437012
0.19648218154907227
0.19558000564575195
0.21650981903076172
0.20953893661499023
0.19025278091430664
0.18903708457946777
0.21019625663757324
0.19220900535583496
0.19586539268493652
0.18986988067626953
0.19946789741516113
0.1988527774810791
0.19402790069580078
0.2003459930419922
0.18864011764526367
0.19220542907714844
0.18671011924743652
0.19204044342041016
0.1950392723083496
0.19389700889587402
0.19095826148986816
0.19366908073425293
0.1907956600189209
0.19079208374023438
0.1888141632080078
0.20284605026245117
0.19497370719909668
0.1934676170349121
0.18817400932312012
0.1933138370513916
0.20249295234680176
0.20023179054260254
0.19153189659118652
0.2140505313873291
0.22106695175170898
0.1881732940673828
0.19810199737548828
0.1950070858001709
0.19304513931274414
0.20099854469299316
0.19796395301818848
0.19510507583618164
0.19043970108032227
0.2038588523864746
0.20084905624389648
0.1888713836669922
0.18768644332885742
0.21006011962890625
0.2159883975982666
0.21498513221740723
0.1935129165649414
0.18679451942443848
0.21010303497314453
0.20008587837219238
0.18958640098571777
0.19374847412109375
0.19582653045654297
0.1959671974182129
0.19294261932373047
0.193587064743042
0.21655917167663574
0.22022414207458496
0.18901968002319336
0.28679680824279785
0.19586849212646484
0.19960784912109375
0.19256329536437988
0.18825125694274902
0.18770909309387207
0.1998753547668457
0.19994688034057617
0.19420289993286133
0.1913011074066162
0.19918179512023926
0.20414018630981445
0.20528435707092285
0.1905813217163086
0.19500732421875
0.19096684455871582
0.18996620178222656
0.19291973114013672
0.1958463191986084
0.1929178237915039
0.19376873970031738
0.20563721656799316
0.19557523727416992
0.18984723091125488
0.1881883144378662
0.18807649612426758
0.20205116271972656
0.21200060844421387
0.1897733211517334
0.20473933219909668
0.196671724319458
0.2027902603149414
0.19040417671203613
0.19866418838500977
0.22580933570861816
0.2298123836517334
0.19308900833129883
0.2070016860961914
0.2039797306060791
0.1920011043548584
0.1942281723022461
0.19223928451538086
0.19585347175598145
0.19103360176086426
0.189666748046875
0.18981456756591797
0.19796204566955566
0.19354844093322754
0.19747090339660645
0.1969585418701172
0.19080781936645508
0.19077587127685547
0.19268274307250977
0.19204449653625488
0.1882638931274414
0.1912999153137207
0.1936497688293457
0.19459080696105957
0.19006848335266113
0.18916893005371094
0.2072772979736328
0.20635175704956055
0.19835305213928223
0.19797277450561523
0.20447802543640137
0.2307114601135254
0.23570752143859863
0.22671771049499512
0.20031523704528809
0.19094133377075195
0.2039964199066162
0.1925356388092041
0.20297622680664062
0.19308781623840332
0.19739103317260742
0.19200968742370605
0.2034757137298584
0.19748663902282715
0.2085413932800293
0.2077653408050537
0.19704914093017578
0.22802281379699707
0.23084259033203125
0.1924450397491455
0.19455528259277344
0.1960606575012207
0.21801543235778809
0.22500109672546387
0.1972641944885254
0.20291519165039062
0.20246410369873047
0.193359375
0.19013047218322754
0.18769574165344238
0.19672775268554688
0.2083728313446045
0.20623469352722168
0.20223426818847656
0.2120218276977539
0.19397234916687012
0.2019953727722168
0.19038796424865723
0.23637151718139648
0.2176525592803955
0.18832135200500488
0.20577597618103027
0.1906449794769287
0.2071526050567627
0.2316606044769287
0.19899415969848633
0.1942589282989502
0.21346664428710938
0.19836759567260742
0.20767760276794434
0.18985462188720703
0.19382834434509277
0.19443988800048828
0.1973423957824707
0.1893155574798584
0.18893051147460938
0.1990952491760254
0.19378352165222168
0.19636225700378418
0.20200037956237793
0.20258498191833496
0.19216012954711914
0.18773794174194336
0.1873459815979004
0.19953656196594238
0.2052912712097168
0.19356799125671387
0.19601154327392578
0.19604897499084473
0.1981813907623291
0.18852877616882324
0.20310401916503906
0.19751715660095215
0.187211275100708
0.19675850868225098
0.19787931442260742
0.21101021766662598
0.20601367950439453
0.22303128242492676
0.21602916717529297
0.19831323623657227
0.20909929275512695
0.19222521781921387
0.18805456161499023
0.1892998218536377
0.2139737606048584
0.19604253768920898
0.1940469741821289
0.19337916374206543
0.1997818946838379
0.19881486892700195
0.19696617126464844
0.19207358360290527
0.18714308738708496
0.18908214569091797
0.19484877586364746
0.1872243881225586
0.18799400329589844
0.19209551811218262
0.21469473838806152
0.20772504806518555
0.20312952995300293
0.2095656394958496
0.18927383422851562
0.19434428215026855
0.20077133178710938
0.2029268741607666
0.19303607940673828
0.1887493133544922
0.20038628578186035
0.18898749351501465
0.19535541534423828
0.1902782917022705
0.19122910499572754
0.2033388614654541
0.1950674057006836
0.19902372360229492
0.18802547454833984
0.1878349781036377
0.19778800010681152
0.1928563117980957
0.2578125
0.19213366508483887
0.18946027755737305
0.19019365310668945
0.2023777961730957
0.19564580917358398
0.19215679168701172
0.19629263877868652
0.18667149543762207
0.18956208229064941
0.18766307830810547
0.19797086715698242
0.21696829795837402
0.22500061988830566
0.19000458717346191
0.19112586975097656
0.1839582920074463
0.19030094146728516
0.19040513038635254
0.18899917602539062
0.18504714965820312
0.1886911392211914
0.18899059295654297
0.19498038291931152
0.2020878791809082
0.18825650215148926
0.1883549690246582
0.19483041763305664
0.18981504440307617
0.1854240894317627
0.19670414924621582
0.18738746643066406
0.1855483055114746
0.19277119636535645
0.18920230865478516
0.1890275478363037
0.19767236709594727
0.19577789306640625
0.19348645210266113
0.19019222259521484
0.18753480911254883
0.19657063484191895
0.19196867942810059
0.18999266624450684
0.19000720977783203
0.18903517723083496
0.19228005409240723
0.19145512580871582
0.18979120254516602
0.18769598007202148
0.2013857364654541
0.2060105800628662
0.19268488883972168
0.19148755073547363
0.1894216537475586
0.19481158256530762
0.20278000831604004
0.2094430923461914
0.22144865989685059
0.21135354042053223
0.21935510635375977
0.20471620559692383
0.1925969123840332
0.19228553771972656
0.19104242324829102
0.2065410614013672
0.2411820888519287
0.24320101737976074
0.2531862258911133
0.1984262466430664
0.19950413703918457
0.20282483100891113
0.20833420753479004
0.19644689559936523
0.19462871551513672
0.1909341812133789
0.18808650970458984
0.19400906562805176
0.18586444854736328
0.1927661895751953
0.19926905632019043
0.1913297176361084
0.19838571548461914
0.19539666175842285
0.1898036003112793
0.19172096252441406
0.19194626808166504
0.19452905654907227
0.1943807601928711
0.23878192901611328
0.24091291427612305
0.19464874267578125
0.18954825401306152
0.193497896194458
0.1967945098876953
0.1906137466430664
0.20442414283752441
0.19719409942626953
0.19916796684265137
0.19458293914794922
0.20185232162475586
0.20036554336547852
0.20680761337280273
0.2513697147369385
0.18842339515686035
0.25500035285949707
0.30944156646728516
0.2308342456817627
0.24904203414916992
0.1910686492919922
0.19201207160949707
0.19299769401550293
1.2124724388122559
0.191694974899292
0.19210243225097656
0.18957853317260742
0.1918632984161377
0.19751548767089844
0.19312238693237305
0.1987767219543457
0.1943831443786621
0.19540858268737793
0.19900226593017578
0.19100046157836914
0.19196391105651855
0.19041681289672852
0.1885695457458496
0.18903803825378418
0.19268035888671875
0.19734454154968262
0.20240521430969238
0.19765567779541016
0.19627666473388672
0.1902027130126953
0.1876680850982666
0.2323925495147705
0.19949698448181152
0.1936345100402832
0.19847607612609863
0.19260144233703613
0.1971604824066162
0.19489836692810059
0.18799781799316406
0.21227049827575684
0.18840813636779785
0.19165778160095215
0.19612407684326172
0.19086313247680664
0.19681501388549805
0.18976759910583496
0.18849849700927734
0.18999481201171875
0.19316840171813965
0.20022296905517578
0.19611501693725586
0.19005060195922852
0.19719743728637695
0.19597911834716797
0.21629905700683594
0.19445133209228516
0.1959218978881836
0.19164490699768066
0.19577789306640625
0.19187378883361816
0.2547338008880615
0.2135481834411621
0.25269198417663574
0.19481968879699707
0.19878935813903809
0.20192480087280273
0.19000029563903809
0.20128226280212402
0.20293378829956055
0.20101714134216309
0.19328904151916504
0.22615528106689453
0.20081663131713867
0.18987226486206055
0.18997621536254883
0.19406437873840332
0.1933460235595703
0.19196867942810059
0.20233941078186035
0.20322632789611816
0.19526028633117676
0.19899368286132812
0.19485068321228027
0.19700026512145996
0.1906895637512207
0.19385290145874023
0.19375991821289062
0.19258785247802734
0.1898517608642578
0.19249916076660156
0.20728659629821777
0.1926112174987793
0.18883657455444336
0.19461703300476074
0.19321846961975098
0.20915460586547852
0.21718120574951172
0.1906290054321289
0.19776248931884766
0.1885395050048828
0.18759512901306152
0.18873810768127441
0.1906430721282959
0.21164560317993164
0.1922743320465088
0.20771551132202148
0.19689226150512695
0.2044663429260254
0.1931900978088379
0.19469022750854492
0.19343924522399902
0.1958608627319336
0.19620704650878906
0.2126927375793457
0.19114303588867188
0.1963200569152832
0.1939868927001953
0.19132661819458008
0.18994927406311035
0.18599200248718262
0.19670510292053223
0.1933608055114746
0.18960261344909668
0.19829368591308594
0.19173550605773926
0.19231200218200684
0.192368745803833
0.2833845615386963
0.18938684463500977
0.19880223274230957
0.18625855445861816
0.18953514099121094
0.18987631797790527
0.19396686553955078
0.18999481201171875
0.18871283531188965
0.1877453327178955
0.19736552238464355
0.19162440299987793
0.1926250457763672
0.19593477249145508
0.20908737182617188
0.19891071319580078
0.19532203674316406
0.1939992904663086
0.19498085975646973
0.19500017166137695
0.18523645401000977
0.1938471794128418
0.1950533390045166
0.1940298080444336
0.19592499732971191
0.1912703514099121
0.18946170806884766
0.18747448921203613
0.19200706481933594
0.19632172584533691
0.20600485801696777
0.19891715049743652
0.19526886940002441
0.19356465339660645
0.23702383041381836
0.2393798828125
0.2256791591644287
0.18658828735351562
0.20398592948913574
0.19725656509399414
0.19578909873962402
0.19005584716796875
0.1893787384033203
0.1888139247894287
0.18885064125061035
0.20230674743652344
0.19019508361816406
0.20429778099060059
0.20572113990783691
0.20147919654846191
0.22719550132751465
0.22619056701660156
0.1912670135498047
0.19125056266784668
0.1916968822479248
0.23183012008666992
0.2388300895690918
0.19528913497924805
0.18938660621643066
0.19439387321472168
0.19322681427001953
0.1920170783996582
0.20784568786621094
0.1959848403930664
0.19794726371765137
0.19455718994140625
0.18930697441101074
0.2088642120361328
0.21879220008850098
0.1928255558013916
0.18954133987426758
0.2045879364013672
0.20648860931396484
0.1941995620727539
0.18932247161865234
0.19477605819702148
0.1968092918395996
0.23652076721191406
0.19893240928649902
0.19913482666015625
0.19074010848999023
0.20102167129516602
0.19899702072143555
0.19100642204284668
0.19154810905456543
0.19399547576904297
0.1990518569946289
0.19656944274902344
0.2045881748199463
0.1997232437133789
0.19116497039794922
0.19441509246826172
0.1927945613861084
0.1928708553314209
0.20324373245239258
0.1982259750366211
0.2012789249420166
0.19977378845214844
0.20806670188903809
0.20607995986938477
0.18999600410461426
0.19610357284545898
0.19321346282958984
0.19458293914794922
0.19054746627807617
0.19172096252441406
0.19225382804870605
0.19278311729431152
0.22969746589660645
0.19707322120666504
0.20389676094055176
0.19626927375793457
0.2111682891845703
0.19200634956359863
0.1981334686279297
0.20521163940429688
0.19910883903503418
0.19598841667175293
0.19804739952087402
0.19307947158813477
0.2069699764251709
0.2095026969909668
0.204512357711792
0.20197796821594238
0.19561338424682617
0.1906452178955078
0.2112722396850586
0.21123623847961426
0.1989736557006836
0.1992647647857666
0.21022582054138184
0.20119738578796387
0.1930077075958252
0.1916048526763916
0.19171833992004395
0.26459550857543945
0.20578646659851074
0.19172453880310059
0.19300007820129395
0.1973099708557129
0.1894819736480713
0.18926000595092773
0.18818378448486328
0.1892237663269043
0.18889117240905762
0.2109055519104004
0.2129206657409668
0.19585609436035156
0.18983244895935059
0.20239663124084473
0.19198989868164062
0.18970942497253418
0.19144582748413086
0.18860459327697754
0.2067575454711914
0.19780325889587402
0.19382476806640625
0.2058408260345459
0.20199227333068848
0.1911144256591797
0.19901800155639648
0.18689966201782227
0.19542813301086426
0.19970250129699707
0.2022838592529297
0.1912243366241455
0.19197678565979004
0.18894481658935547
0.1923980712890625
0.1896800994873047
0.19999146461486816
0.19623756408691406
0.1923835277557373
0.19481611251831055
0.18998932838439941
0.19135260581970215
0.19541168212890625
0.19544768333435059
0.1918635368347168
0.1935262680053711
0.19109654426574707
0.1894845962524414
0.20095205307006836
0.20232582092285156
0.18854165077209473
0.19343781471252441
0.19160771369934082
0.19423842430114746
0.19886374473571777
0.18799924850463867
0.21377110481262207
0.20289397239685059
0.20069050788879395
0.20073366165161133
0.19171142578125
0.19521760940551758
0.19321274757385254
0.1900629997253418
0.19311165809631348
0.19696354866027832
0.19596099853515625
0.1920013427734375
0.1902928352355957
0.19062161445617676
0.2221822738647461
0.22417116165161133
0.1958296298980713
0.19788241386413574
0.20095276832580566
0.19633865356445312
0.19816946983337402
0.2091524600982666
0.19366812705993652
0.19020652770996094
0.19946026802062988
0.1955263614654541
0.19250702857971191
0.18744826316833496
0.19296836853027344
0.20295071601867676
0.19114351272583008
0.21077799797058105
0.2047717571258545
0.1996772289276123
0.21489953994750977
0.19704580307006836
0.19344782829284668
0.193861722946167
0.19446277618408203
0.19094204902648926
0.20583081245422363
0.19124698638916016
0.1940014362335205
0.20085787773132324
0.20013856887817383
0.2067089080810547
0.19902729988098145
0.19581222534179688
0.26419711112976074
0.1934490203857422
0.19449758529663086
0.20380592346191406
0.2585175037384033
0.24155402183532715
0.2905611991882324
0.20893049240112305
0.19991111755371094
0.20076704025268555
0.2059929370880127
0.1920173168182373
0.19196462631225586
0.19217991828918457
0.19216156005859375
0.19434642791748047
0.19183826446533203
0.19356513023376465
0.19240427017211914
0.1955857276916504
0.19504261016845703
0.20517730712890625
0.1929640769958496
0.19420385360717773
0.18968486785888672
0.19173812866210938
0.1961956024169922
0.19094228744506836
0.1899433135986328
0.19199848175048828
0.19352006912231445
0.19150781631469727
0.20473098754882812
0.20274090766906738
0.18734312057495117
0.19347810745239258
0.19095730781555176
0.20053791999816895
0.18877744674682617
0.1955571174621582
0.18990421295166016
0.4116482734680176
0.2293083667755127
0.2021028995513916
0.19907021522521973
0.1888713836669922
0.18767571449279785
0.19596314430236816
0.18688678741455078
0.20488572120666504
0.19373464584350586
0.19126129150390625
0.22195959091186523
0.20897150039672852
0.1891472339630127
0.18978190422058105
0.19321084022521973
0.19435405731201172
0.2018141746520996
0.23179984092712402
0.19054532051086426
0.1901412010192871
0.20535922050476074
0.19539141654968262
0.18692445755004883
0.19599127769470215
0.18791699409484863
0.18954157829284668
0.197279691696167
0.20682334899902344
0.1990039348602295
0.1909782886505127
0.1930084228515625
0.1927177906036377
0.18880820274353027
0.18523049354553223
0.19788718223571777
0.253828763961792
0.20920634269714355
0.3038363456726074
0.18763327598571777
0.18994426727294922
0.19345664978027344
0.19048213958740234
0.207442045211792
0.20687532424926758
0.20610523223876953
0.19915032386779785
0.1990060806274414
0.19196701049804688
0.19198966026306152
0.20099735260009766
0.19698429107666016
0.19600343704223633
0.2025773525238037
0.19161581993103027
0.1924898624420166
0.19310736656188965
0.19957637786865234
0.21303200721740723
0.22496366500854492
0.18901848793029785
0.20467925071716309
0.1997966766357422
0.1971442699432373
0.19705867767333984
0.1901252269744873
0.19179320335388184
0.1919252872467041
0.19334053993225098
0.18879151344299316
0.2405853271484375
0.2029421329498291
0.18909025192260742
0.2926652431488037
0.18768715858459473
0.1905672550201416
0.19730329513549805
0.1972365379333496
0.21113204956054688
0.19808745384216309
0.20143938064575195
0.19185900688171387
0.19208502769470215
0.1919560432434082
0.23475217819213867
0.2209169864654541
0.22165822982788086
0.19457626342773438
0.1883544921875
0.19114470481872559
0.18977975845336914
0.19373416900634766
0.20732855796813965
0.2077486515045166
0.20699334144592285
0.19608497619628906
0.1993865966796875
0.19498372077941895
0.2000746726989746
0.20546269416809082
0.19443416595458984
0.20525455474853516
0.1899433135986328
0.18645715713500977
0.23610758781433105
0.21953916549682617
0.20607233047485352
0.192138671875
0.19027137756347656
0.19599390029907227
0.19161248207092285
0.19000029563903809
0.26262497901916504
0.20220613479614258
0.20840954780578613
0.19028854370117188
0.19288110733032227
0.18987607955932617
0.192490816116333
0.19650959968566895
0.19768118858337402
0.19968485832214355
0.19080209732055664
0.1948249340057373
0.2052311897277832
0.19072794914245605
0.1933426856994629
0.19185304641723633
0.19908690452575684
0.19127821922302246
0.18868541717529297
0.1912825107574463
0.20091962814331055
0.19521379470825195
0.20276165008544922
0.1975252628326416
0.20616769790649414
0.21416831016540527
0.1921525001525879
0.18706488609313965
0.19715595245361328
0.19441866874694824
0.19424724578857422
0.21140623092651367
0.19339537620544434
0.20089340209960938
0.21049284934997559
0.19783496856689453
0.20053339004516602
0.1952650547027588
0.19098806381225586
0.19392037391662598
0.19491791725158691
0.1959514617919922
0.20483636856079102
0.19637417793273926
0.19166064262390137
0.19752717018127441
0.19202065467834473
0.1959395408630371
0.19311976432800293
0.194976806640625
0.19242429733276367
0.19722247123718262
0.19251251220703125
0.18909859657287598
0.20139122009277344
0.2113800048828125
0.1914682388305664
0.18783259391784668
0.1893472671508789
0.1940317153930664
0.19864416122436523
0.19359159469604492
0.21586179733276367
0.21968388557434082
0.2037668228149414
0.19279909133911133
0.19467759132385254
0.20444774627685547
0.2004716396331787
0.20758557319641113
0.18868660926818848
0.19276213645935059
0.20134305953979492
0.20377683639526367
0.19124960899353027
0.1934223175048828
0.19953513145446777
0.20683050155639648
0.19482684135437012
0.19223308563232422
0.1954658031463623
0.19279718399047852
0.1957104206085205
0.18914556503295898
0.20985674858093262
0.19467973709106445
0.19190502166748047
0.19434261322021484
0.22363018989562988
0.2065134048461914
0.20941162109375
0.19040966033935547
0.20099997520446777
0.21001052856445312
0.1909770965576172
0.19151926040649414
0.19354772567749023
0.19346237182617188
0.19255900382995605
0.19233250617980957
0.19647622108459473
0.18976068496704102
0.19307470321655273
0.19533014297485352
0.19587492942810059
0.21954131126403809
0.19593286514282227
0.19699382781982422
0.19914960861206055
0.19070982933044434
0.20509743690490723
0.19201087951660156
0.18952465057373047
0.20090126991271973
0.19912123680114746
0.1903548240661621
0.19000911712646484
0.19011712074279785
0.1897261142730713
0.19948339462280273
0.19342589378356934
0.19165992736816406
