0.19341516494750977
0.20510053634643555
0.20810747146606445
0.19694209098815918
0.1873009204864502
0.1919693946838379
0.19066786766052246
0.20455121994018555
0.1945657730102539
0.19035077095031738
0.18873882293701172
0.20629286766052246
0.2633552551269531
0.18703794479370117
0.18493151664733887
0.18602418899536133
0.19207763671875
0.20704913139343262
0.18930268287658691
0.18748784065246582
0.18791460990905762
0.20200037956237793
0.19596481323242188
0.19397306442260742
0.195281982421875
0.1957700252532959
0.21355319023132324
0.2151505947113037
0.20370769500732422
0.19860100746154785
0.18833088874816895
0.19638538360595703
0.21253085136413574
0.19842934608459473
0.1888272762298584
0.1918783187866211
0.19301319122314453
0.19875502586364746
0.19345569610595703
0.1930694580078125
0.19928455352783203
0.19635677337646484
0.1920020580291748
0.1939682960510254
0.19100069999694824
0.19199609756469727
0.20296955108642578
0.1999974250793457
0.1960160732269287
0.19533824920654297
0.19275712966918945
0.18774700164794922
0.19232416152954102
0.190291166305542
0.18597817420959473
0.19300150871276855
0.18683648109436035
0.19150686264038086
0.19184303283691406
0.19188857078552246
0.19919514656066895
0.1958613395690918
0.18750286102294922
0.20688939094543457
0.2060244083404541
0.19376683235168457
0.19228005409240723
0.19891571998596191
0.19820308685302734
0.19526219367980957
0.2014777660369873
0.21050620079040527
0.21254825592041016
0.19309353828430176
0.19074034690856934
0.18915772438049316
0.22399091720581055
0.20812273025512695
0.1930081844329834
0.18941497802734375
0.1953902244567871
0.19371891021728516
0.19472074508666992
0.1962745189666748
0.1929938793182373
0.20999932289123535
0.20100736618041992
0.21677875518798828
0.1958322525024414
0.1902165412902832
0.18817853927612305
0.19226360321044922
0.1881883144378662
0.23619437217712402
0.19996953010559082
0.2030024528503418
0.1999673843383789
0.21299433708190918
0.20700430870056152
0.18996882438659668
0.20196795463562012
0.20102858543395996
0.2010025978088379
0.18899226188659668
0.1918506622314453
0.19253325462341309
0.19698619842529297
0.18999171257019043
0.19602584838867188
0.19361495971679688
0.1956193447113037
0.18958115577697754
0.19789671897888184
0.18919682502746582
0.1919558048248291
0.19199585914611816
0.1950535774230957
0.19864392280578613
0.1996452808380127
0.19211554527282715
0.24120211601257324
0.25012993812561035
0.24720168113708496
0.200453519821167
0.22450637817382812
0.22778630256652832
0.21270227432250977
0.2665088176727295
0.2655830383300781
0.25719380378723145
0.2581937313079834
0.2821695804595947
0.19797515869140625
0.23502111434936523
0.1921522617340088
0.1972334384918213
0.1955268383026123
0.19136428833007812
0.19701528549194336
0.20101308822631836
0.26819396018981934
0.23919916152954102
0.24122381210327148
0.22019386291503906
0.20351219177246094
0.19472599029541016
0.20573019981384277
0.20058727264404297
0.19198107719421387
0.19294142723083496
0.19109869003295898
0.21504569053649902
0.21709465980529785
0.19639134407043457
0.21403741836547852
0.2154226303100586
0.19111227989196777
0.2965404987335205
0.19441652297973633
0.18949651718139648
0.19722342491149902
0.19494032859802246
0.19299793243408203
0.1919565200805664
0.22100090980529785
0.19324755668640137
0.27983856201171875
0.28199243545532227
0.2491605281829834
0.2679476737976074
0.20199823379516602
0.19485735893249512
0.19171380996704102
0.22077226638793945
0.19253897666931152
0.19846630096435547
0.19192767143249512
0.2047264575958252
0.1937553882598877
0.1891946792602539
0.27413320541381836
0.1932229995727539
0.1949620246887207
0.19415521621704102
0.19313621520996094
0.20189905166625977
0.18693089485168457
0.19600152969360352
0.20990467071533203
0.19192051887512207
0.21324610710144043
0.2006678581237793
0.21066856384277344
0.18933653831481934
0.18652057647705078
0.1957712173461914
0.21603155136108398
0.2839949131011963
0.26430463790893555
0.2032620906829834
0.1965165138244629
0.18928217887878418
0.19428062438964844
0.19218969345092773
0.18613195419311523
0.1932079792022705
0.19611191749572754
0.19199466705322266
0.19968771934509277
0.19118881225585938
0.19300079345703125
0.20363950729370117
0.19057631492614746
0.1914055347442627
0.20072150230407715
0.18971014022827148
0.19077706336975098
0.19184350967407227
0.18903756141662598
0.18993854522705078
0.20792341232299805
0.2510972023010254
0.19602417945861816
0.19489717483520508
0.19139647483825684
0.19546294212341309
0.18742132186889648
0.19198250770568848
0.1947021484375
0.21628570556640625
0.20530223846435547
0.19463229179382324
0.18814373016357422
0.19396543502807617
0.1886610984802246
0.19037151336669922
0.20238327980041504
0.18953561782836914
0.20255041122436523
0.24071812629699707
0.23253417015075684
0.2374744415283203
0.22073078155517578
0.19833731651306152
0.20302963256835938
0.19910287857055664
0.1881103515625
0.18694090843200684
0.1900005340576172
0.18919634819030762
0.21768689155578613
0.1911022663116455
0.26114463806152344
0.21052765846252441
0.18845343589782715
0.1947627067565918
0.19588875770568848
0.1839749813079834
0.1921069622039795
0.21599054336547852
0.20904040336608887
0.18828368186950684
0.20299816131591797
0.1950211524963379
0.19332313537597656
0.19629335403442383
0.18910431861877441
0.19327116012573242
0.19320249557495117
0.19038033485412598
0.20217204093933105
0.20915555953979492
0.19815969467163086
0.18833231925964355
0.1932544708251953
0.20281243324279785
0.21756672859191895
0.21256518363952637
0.19090986251831055
0.21798205375671387
0.31098127365112305
0.18999814987182617
0.1966712474822998
0.18799734115600586
0.19372987747192383
0.19001436233520508
0.19832754135131836
0.19341135025024414
0.25965428352355957
0.19691109657287598
0.1958310604095459
0.19933629035949707
0.21232342720031738
0.25064945220947266
0.3108029365539551
0.1920487880706787
0.18913531303405762
0.19517850875854492
0.21688270568847656
0.2113785743713379
0.19950056076049805
0.18645954132080078
0.22814583778381348
0.19513750076293945
0.22547149658203125
0.18750619888305664
0.19114017486572266
0.19611501693725586
0.19918060302734375
0.19490766525268555
0.20118498802185059
0.21448254585266113
0.22748708724975586
0.1876065731048584
0.1899547576904297
0.18946361541748047
0.20049023628234863
0.21243071556091309
0.19546246528625488
0.18747997283935547
0.18856143951416016
0.2002861499786377
0.20047903060913086
0.19442009925842285
0.2044510841369629
0.19772768020629883
0.18958115577697754
0.19899892807006836
0.20001792907714844
0.24933981895446777
0.20734429359436035
0.19362330436706543
0.1913161277770996
0.19274544715881348
0.1962728500366211
0.19072532653808594
0.22201085090637207
0.2233898639678955
0.21817612648010254
0.21518206596374512
0.20694279670715332
0.22996139526367188
0.20041823387145996
0.19397997856140137
0.19900894165039062
0.19074797630310059
0.1919558048248291
0.1926896572113037
0.20251178741455078
0.19899988174438477
0.19658112525939941
0.18908190727233887
0.2092726230621338
0.2348952293395996
0.2054462432861328
0.2065725326538086
0.18875932693481445
0.19400262832641602
0.20197582244873047
0.22757387161254883
0.2105269432067871
0.19431233406066895
0.191209077835083
0.19206523895263672
0.1934659481048584
0.1937870979309082
0.18991661071777344
0.18930768966674805
0.22725176811218262
0.21126270294189453
0.19611477851867676
0.18958020210266113
0.20401597023010254
0.21198129653930664
0.18956613540649414
0.18971633911132812
0.18683624267578125
0.22436761856079102
0.21838641166687012
0.1985313892364502
0.20116114616394043
0.19504427909851074
0.19179582595825195
0.19113707542419434
0.1929633617401123
0.18872666358947754
0.1916337013244629
0.18901944160461426
0.23668146133422852
0.1929013729095459
0.19512462615966797
0.1970207691192627
0.1936197280883789
0.18600749969482422
0.19362950325012207
0.20636606216430664
0.20097732543945312
0.20484662055969238
0.19987821578979492
0.1888442039489746
0.20012617111206055
0.18857598304748535
0.20002174377441406
0.20160412788391113
0.3134160041809082
0.19497013092041016
0.19696545600891113
0.22034478187561035
0.21436738967895508
0.19362640380859375
0.19434118270874023
0.2004072666168213
0.19167542457580566
0.1906144618988037
0.1985330581665039
0.18968772888183594
0.19947361946105957
0.1977076530456543
0.19194769859313965
0.19299888610839844
0.19297170639038086
0.19003582000732422
0.19316673278808594
0.19328761100769043
0.24517154693603516
0.24616718292236328
0.20122051239013672
0.1905663013458252
0.193068265914917
0.19738316535949707
0.19236302375793457
0.2081317901611328
0.20007658004760742
0.19133424758911133
0.19471430778503418
0.18908071517944336
0.19150328636169434
0.20517683029174805
0.19597196578979492
0.18898558616638184
0.1920173168182373
0.19610953330993652
0.1892080307006836
0.20680546760559082
0.21471953392028809
0.1943056583404541
0.19019079208374023
0.19377517700195312
0.19616293907165527
0.19618797302246094
0.18677663803100586
0.2525515556335449
0.19077658653259277
0.19565081596374512
0.19443726539611816
0.21222448348999023
0.1998581886291504
0.1888275146484375
0.19377565383911133
0.21001911163330078
0.19771099090576172
0.19226360321044922
0.18892669677734375
0.19111251831054688
0.19390177726745605
0.22058486938476562
0.2634594440460205
0.2546098232269287
0.19709539413452148
0.1905803680419922
0.2150404453277588
0.21700191497802734
0.20800137519836426
0.1923985481262207
0.19131088256835938
0.1888725757598877
0.19602489471435547
0.18996262550354004
0.18700265884399414
0.19299101829528809
0.19596529006958008
0.19197630882263184
0.18976902961730957
0.19358205795288086
0.1923511028289795
0.184675931930542
0.19321322441101074
0.19423770904541016
0.19516992568969727
3.226016044616699
3.1960222721099854
0.19286084175109863
0.19687223434448242
0.19022727012634277
0.18955683708190918
0.23085546493530273
0.22996258735656738
0.19596314430236816
0.19500422477722168
0.20247840881347656
0.21038389205932617
0.1870746612548828
0.19404339790344238
0.195023775100708
0.1882946491241455
0.19233036041259766
0.19371795654296875
0.19751667976379395
0.20013689994812012
0.19574952125549316
0.20215082168579102
0.21011090278625488
0.19414353370666504
0.19211983680725098
0.18717002868652344
0.19047117233276367
0.1922438144683838
0.18929338455200195
0.1979844570159912
0.19071292877197266
0.19565844535827637
0.18896770477294922
0.19309067726135254
0.2252359390258789
0.22119450569152832
0.2152111530303955
0.1912240982055664
0.1896359920501709
0.2100839614868164
0.20932674407958984
0.19656014442443848
0.19128823280334473
0.1965029239654541
0.19684433937072754
0.21532607078552246
0.20502042770385742
0.20002985000610352
0.18745756149291992
0.2653987407684326
0.20197749137878418
0.1889784336090088
0.2100069522857666
0.21502161026000977
0.1914539337158203
0.18909335136413574
0.19710230827331543
0.19636321067810059
0.19024038314819336
0.1931922435760498
0.1875772476196289
0.1950979232788086
0.18792271614074707
0.1874399185180664
0.19276881217956543
0.19420671463012695
0.19820666313171387
0.19160842895507812
0.1875009536743164
0.19890761375427246
0.19274306297302246
0.22129201889038086
0.2062673568725586
0.19000697135925293
0.1942596435546875
0.19160056114196777
0.19134831428527832
0.18776774406433105
0.18840956687927246
0.18551135063171387
0.19300055503845215
0.19699859619140625
0.19695830345153809
0.19044256210327148
0.2064974308013916
0.19239115715026855
0.21645617485046387
0.20139074325561523
0.22086882591247559
0.3375694751739502
0.19098448753356934
0.19200730323791504
0.19549036026000977
0.1936502456665039
0.19107937812805176
0.20424818992614746
0.22918009757995605
0.18803977966308594
0.18823027610778809
0.19713544845581055
0.19437837600708008
0.2516210079193115
0.20563721656799316
0.33079028129577637
0.28873300552368164
0.19028496742248535
3.1929850578308105
0.19614195823669434
0.19345355033874512
0.18859171867370605
0.18959927558898926
0.19272375106811523
0.20342731475830078
0.20242071151733398
0.19223952293395996
0.20537996292114258
0.19133663177490234
0.18949365615844727
0.19263553619384766
0.20622014999389648
0.1951916217803955
0.19618725776672363
0.18753743171691895
0.19222331047058105
0.1971418857574463
0.19532036781311035
0.19298601150512695
0.20909833908081055
0.20208406448364258
0.19227170944213867
0.20785069465637207
0.2057185173034668
0.21086812019348145
0.2038271427154541
0.2480309009552002
0.24661874771118164
0.19901180267333984
0.2046196460723877
0.18869876861572266
0.3614206314086914
0.19228887557983398
0.19465947151184082
0.2084341049194336
0.20749306678771973
0.19846534729003906
0.19260001182556152
0.33295249938964844
0.19299650192260742
0.2079916000366211
0.19398045539855957
0.19411087036132812
0.1990954875946045
0.20708870887756348
0.1913316249847412
0.19837069511413574
0.18796610832214355
0.20419597625732422
0.19118309020996094
0.19380784034729004
0.19134116172790527
0.1979963779449463
0.19596648216247559
0.22575974464416504
0.22476553916931152
0.3317995071411133
0.2058124542236328
0.19778800010681152
0.2217419147491455
0.22387981414794922
0.23186993598937988
0.20335602760314941
0.19540166854858398
0.19084739685058594
0.1959521770477295
0.19168353080749512
0.19491958618164062
0.22985172271728516
0.23971271514892578
0.20883989334106445
0.19186711311340332
0.1877586841583252
0.21006441116333008
0.2124793529510498
0.18863534927368164
0.19148635864257812
0.19701170921325684
0.1956346035003662
0.19864416122436523
0.19559311866760254
0.1922905445098877
0.2106790542602539
0.21268248558044434
0.1930232048034668
0.19603657722473145
0.19005274772644043
0.23333120346069336
0.23131918907165527
0.23031330108642578
0.19304466247558594
0.1928400993347168
0.19174623489379883
0.19298481941223145
0.21610760688781738
0.21317768096923828
0.1882026195526123
0.19039416313171387
0.27220988273620605
0.270266056060791
0.2112290859222412
0.21723246574401855
0.19269394874572754
0.19721627235412598
0.18746161460876465
0.18935823440551758
0.18790125846862793
0.19345998764038086
0.1937544345855713
0.19460558891296387
0.18806147575378418
0.1912081241607666
0.18832182884216309
0.1922473907470703
0.1849346160888672
0.19354987144470215
0.1870133876800537
0.266998291015625
0.1909642219543457
0.19701433181762695
0.1877598762512207
0.18946075439453125
0.21839022636413574
0.22638440132141113
0.19422435760498047
0.19151854515075684
0.19263839721679688
0.1897106170654297
0.1932237148284912
0.19113659858703613
0.1920793056488037
0.19014883041381836
0.2439863681793213
0.19399046897888184
0.19962835311889648
0.19907641410827637
0.18964171409606934
0.1932229995727539
0.1940155029296875
0.19581270217895508
0.19834351539611816
0.19522976875305176
0.19147682189941406
0.20908379554748535
0.20429635047912598
0.19580411911010742
0.19224762916564941
0.18902158737182617
0.1996462345123291
0.20450091361999512
0.1988065242767334
0.19380664825439453
0.20220398902893066
0.19999074935913086
0.19768452644348145
0.21668100357055664
0.19455957412719727
0.19098973274230957
0.18894028663635254
0.18591547012329102
0.19272875785827637
0.18472027778625488
0.1901087760925293
0.18850040435791016
0.19320321083068848
0.1922156810760498
0.19094443321228027
0.18919634819030762
0.197037935256958
0.19403362274169922
0.19357967376708984
0.2093486785888672
0.20637989044189453
0.1933438777923584
0.19092655181884766
0.20941901206970215
0.21139192581176758
0.20639300346374512
0.1964857578277588
0.2142183780670166
0.2152082920074463
0.19168853759765625
0.21865630149841309
0.18909978866577148
0.19299936294555664
0.18821048736572266
0.18925976753234863
0.20246005058288574
0.19346165657043457
0.2046196460723877
0.19944429397583008
0.19036316871643066
0.18723154067993164
0.19113469123840332
0.19132184982299805
0.19242262840270996
0.19067811965942383
0.19016098976135254
0.19585013389587402
0.19323015213012695
0.1866626739501953
0.18832039833068848
0.19948649406433105
0.1956784725189209
0.19392180442810059
0.2019963264465332
0.19031834602355957
0.1886148452758789
0.19300198554992676
0.1884756088256836
0.20227837562561035
0.20960593223571777
0.20566272735595703
0.18892407417297363
0.19108319282531738
0.19189000129699707
0.19153690338134766
0.18884062767028809
0.19210267066955566
0.19111895561218262
0.20585417747497559
0.2201213836669922
0.19111990928649902
0.23061776161193848
0.19903087615966797
0.19782185554504395
0.20035171508789062
0.19183921813964844
0.19382834434509277
0.19371318817138672
0.20177483558654785
0.20274972915649414
0.1980724334716797
0.19586181640625
0.19377493858337402
0.19606590270996094
0.1971750259399414
0.18859148025512695
0.19578933715820312
0.19762158393859863
0.19985485076904297
0.20642733573913574
0.1874854564666748
0.188917875289917
0.24027109146118164
0.2014620304107666
0.18740630149841309
0.1907341480255127
0.20797252655029297
0.2104203701019287
0.23342585563659668
0.18770575523376465
0.19701576232910156
0.19575715065002441
0.19448471069335938
0.21750998497009277
0.20942330360412598
0.19158101081848145
0.18757247924804688
0.20599913597106934
0.19916796684265137
0.2043144702911377
0.1953136920928955
0.30175352096557617
0.20353031158447266
0.20645594596862793
0.26885461807250977
0.5765702724456787
0.3423807621002197
0.2119770050048828
0.1959090232849121
0.1864004135131836
0.18784594535827637
0.186537504196167
0.19260191917419434
0.20362162590026855
0.20556879043579102
0.20696306228637695
0.19387483596801758
0.18604159355163574
0.19573068618774414
0.20405054092407227
0.1990070343017578
0.1918962001800537
0.19066333770751953
0.22742319107055664
0.1946110725402832
0.19207215309143066
0.1885371208190918
0.19621658325195312
0.19279909133911133
0.1992168426513672
0.19794440269470215
0.19593524932861328
0.19202566146850586
0.3435022830963135
0.21192526817321777
0.19898605346679688
0.20796465873718262
0.2029743194580078
0.19678831100463867
0.20362377166748047
0.21144580841064453
0.21494317054748535
0.22698974609375
0.18969488143920898
0.19575810432434082
0.18899941444396973
0.1968247890472412
0.18716096878051758
0.19931364059448242
0.1884293556213379
0.19579172134399414
0.1945052146911621
0.19603657722473145
0.18709206581115723
0.18815374374389648
0.18967413902282715
0.19308781623840332
0.20807361602783203
0.21604537963867188
0.18840336799621582
0.18649840354919434
0.18990683555603027
0.193770170211792
0.20311212539672852
0.19116997718811035
0.19095873832702637
0.19304561614990234
0.21304893493652344
0.23204445838928223
0.23296904563903809
0.21587443351745605
0.203812837600708
0.204911470413208
0.21076583862304688
0.21180510520935059
0.18718433380126953
0.19757866859436035
0.20006680488586426
0.19799089431762695
0.18996071815490723
0.21304798126220703
0.2091069221496582
0.18818879127502441
0.19249248504638672
0.1914966106414795
0.21297860145568848
0.19727563858032227
0.19493722915649414
0.1901078224182129
0.19275307655334473
0.19168996810913086
0.19405484199523926
0.20245647430419922
0.19131064414978027
0.189927339553833
0.19600296020507812
0.195204496383667
0.1903209686279297
0.20284032821655273
0.1861889362335205
0.1922440528869629
0.19522857666015625
0.19247794151306152
0.18989348411560059
0.20162558555603027
0.18960905075073242
0.2140827178955078
0.2210979461669922
0.20269393920898438
0.19177675247192383
0.18794465065002441
0.1897718906402588
0.1886885166168213
0.19047141075134277
0.1875150203704834
0.21100401878356934
0.21995997428894043
0.1949472427368164
0.2275221347808838
0.2000288963317871
0.19578289985656738
0.19627952575683594
0.3161280155181885
0.19367718696594238
0.19552373886108398
0.19224047660827637
0.187516450881958
0.19632625579833984
0.1878056526184082
0.2003614902496338
0.19423127174377441
0.18948602676391602
0.19822239875793457
0.19005751609802246
0.19512033462524414
0.22495293617248535
0.22779560089111328
0.1954481601715088
0.19211626052856445
0.1907951831817627
0.2750105857849121
0.18949675559997559
0.19542384147644043
0.19899749755859375
0.2109670639038086
0.22598576545715332
0.20695924758911133
0.1943526268005371
0.19927573204040527
0.19108176231384277
0.19539213180541992
0.19243645668029785
0.18752574920654297
0.192002534866333
0.18835902214050293
0.19225788116455078
0.19815993309020996
0.1892549991607666
0.1981954574584961
0.19296574592590332
0.20177054405212402
0.19637560844421387
0.19161534309387207
0.1890394687652588
0.2155153751373291
0.19939017295837402
0.19588923454284668
0.18704581260681152
0.19112539291381836
0.19005393981933594
0.19314908981323242
0.18946313858032227
0.19785523414611816
0.22099995613098145
0.22699880599975586
0.18899846076965332
0.24088501930236816
0.194533109664917
0.19656634330749512
0.19441986083984375
0.28532934188842773
0.192108154296875
0.18451762199401855
0.19289398193359375
0.18553614616394043
0.18761539459228516
0.24281859397888184
0.237990140914917
0.21203303337097168
0.21899867057800293
0.18690824508666992
0.19357967376708984
0.19149136543273926
0.19061589241027832
0.19244170188903809
0.18897771835327148
0.1881575584411621
0.19296479225158691
0.26433777809143066
0.19940662384033203
0.19060707092285156
0.19941139221191406
0.20669913291931152
0.19127202033996582
0.2225322723388672
0.22351384162902832
0.19543719291687012
0.19369220733642578
0.20399093627929688
0.1946873664855957
0.19208812713623047
0.2093672752380371
0.1876678466796875
0.18639111518859863
0.19089269638061523
0.18782377243041992
0.1888284683227539
0.19687581062316895
0.1890878677368164
0.19031453132629395
0.18891406059265137
0.1925215721130371
0.18597984313964844
0.1878979206085205
0.1889193058013916
0.1874377727508545
0.19327402114868164
0.19451022148132324
0.19429922103881836
0.1924581527709961
0.2160191535949707
0.20297741889953613
0.18993163108825684
0.19254755973815918
0.20164799690246582
0.19369220733642578
0.19929933547973633
0.1901693344116211
0.19421792030334473
0.2026674747467041
0.20353937149047852
0.19151973724365234
0.19268369674682617
0.20098328590393066
0.20970630645751953
0.20573019981384277
0.19114351272583008
0.18692779541015625
0.18979454040527344
0.19740891456604004
0.20700502395629883
0.18889808654785156
0.18991899490356445
0.19101428985595703
0.20076274871826172
0.21792244911193848
0.22589373588562012
0.22191953659057617
0.19927477836608887
0.19728374481201172
0.19989562034606934
0.23425531387329102
0.2033522129058838
0.2248516082763672
0.19261813163757324
0.20654058456420898
0.20051288604736328
0.18802356719970703
0.19010186195373535
0.19360136985778809
0.2483522891998291
0.2643427848815918
0.1940164566040039
0.19647574424743652
0.19040727615356445
0.19908595085144043
0.19805407524108887
0.18909955024719238
0.20415759086608887
0.21717023849487305
0.19689416885375977
0.1928713321685791
0.19030380249023438
0.19817161560058594
0.20086455345153809
0.19686675071716309
0.1945791244506836
0.19101691246032715
0.19467830657958984
0.1930680274963379
0.19071507453918457
0.20001649856567383
0.22853636741638184
0.19551563262939453
0.19373869895935059
0.19678354263305664
0.2067732810974121
0.1976010799407959
0.186387300491333
0.18992352485656738
0.19177699089050293
0.19603681564331055
0.19213247299194336
0.19704866409301758
0.19348883628845215
0.20306897163391113
0.1928575038909912
0.19099855422973633
0.1924605369567871
0.19328856468200684
0.19209647178649902
0.21116852760314941
0.1919236183166504
0.19014286994934082
0.18765783309936523
0.1929473876953125
0.19598913192749023
0.2302417755126953
0.24110102653503418
0.23123741149902344
0.19435930252075195
0.26839542388916016
0.19353771209716797
0.253798246383667
0.22673773765563965
0.19162607192993164
0.20528483390808105
0.19357776641845703
0.1922893524169922
0.20321369171142578
0.19085264205932617
0.1906888484954834
0.21517062187194824
0.20427274703979492
0.20991802215576172
0.19121623039245605
0.21431303024291992
0.21533679962158203
0.1940007209777832
0.19576382637023926
0.19122791290283203
0.2000267505645752
0.22413849830627441
0.2290945053100586
0.2041475772857666
0.18986272811889648
0.2048494815826416
0.2733886241912842
0.19489669799804688
0.1948859691619873
0.18952655792236328
0.19357848167419434
0.19489049911499023
0.23694205284118652
0.24396061897277832
0.21900653839111328
0.1898643970489502
0.1927049160003662
0.19397592544555664
0.1910250186920166
0.20849609375
0.20649051666259766
0.1904146671295166
0.20028138160705566
0.20110869407653809
0.21714162826538086
0.21118378639221191
0.19198942184448242
0.20009875297546387
0.19927597045898438
0.19740843772888184
0.19008398056030273
0.19023871421813965
0.1936938762664795
0.1961381435394287
0.18949031829833984
0.20777559280395508
0.19353032112121582
0.2323317527770996
0.27632713317871094
0.18996834754943848
0.18937039375305176
0.19588184356689453
0.19727349281311035
0.19594216346740723
0.19227290153503418
0.19399452209472656
0.19697141647338867
0.20971155166625977
0.21371769905090332
0.19663190841674805
0.21597862243652344
0.19882941246032715
0.194594144821167
0.19130492210388184
0.19427919387817383
0.18817710876464844
0.18935775756835938
0.18603944778442383
0.19314813613891602
0.19042015075683594
0.1892375946044922
0.1885833740234375
0.19141316413879395
0.1933143138885498
0.19239068031311035
0.19233345985412598
0.21836590766906738
0.1980457305908203
0.1948714256286621
0.20062732696533203
0.20799970626831055
0.1930222511291504
0.20568299293518066
0.20308303833007812
0.2101423740386963
0.21300101280212402
0.196000337600708
0.19771218299865723
0.19379019737243652
0.19629597663879395
0.20400547981262207
0.19672369956970215
0.1977241039276123
0.2011864185333252
0.20318031311035156
0.20508623123168945
1.232287883758545
0.2182610034942627
0.22325611114501953
1.2240376472473145
0.19185233116149902
0.32312822341918945
0.1959989070892334
1.1956477165222168
1.2115890979766846
1.2108027935028076
0.1981215476989746
2.243567943572998
0.20751357078552246
0.21245265007019043
0.19605040550231934
0.2738182544708252
0.19783258438110352
0.19194626808166504
0.19099831581115723
0.19135212898254395
0.19051766395568848
0.19385552406311035
0.19913053512573242
0.198089599609375
0.1931746006011963
0.19395065307617188
0.3274667263031006
0.2077333927154541
0.19843435287475586
0.1946101188659668
0.20132040977478027
0.20237517356872559
0.19243931770324707
0.1945648193359375
0.19657397270202637
0.19387412071228027
0.19837379455566406
0.19412732124328613
0.19692635536193848
0.1912555694580078
0.19469308853149414
0.18732738494873047
0.1919238567352295
0.22378206253051758
0.2078721523284912
0.1989307403564453
0.2027416229248047
0.1994168758392334
0.2024695873260498
0.20432329177856445
0.2033843994140625
0.19729089736938477
0.2019357681274414
0.19411206245422363
0.19470548629760742
0.18942952156066895
0.2107529640197754
0.19774556159973145
0.1879725456237793
0.20105528831481934
0.1928882598876953
0.19284534454345703
0.193983793258667
0.18900346755981445
0.1970210075378418
0.22540545463562012
0.21547460556030273
0.19543957710266113
0.19200468063354492
0.19002509117126465
0.1917574405670166
0.1933584213256836
0.19510436058044434
0.19779634475708008
0.19343185424804688
0.19075632095336914
0.1877274513244629
0.19615435600280762
0.19221067428588867
0.19859600067138672
0.19266128540039062
0.19201183319091797
0.19659066200256348
0.2095048427581787
0.21407771110534668
0.20514321327209473
0.1905665397644043
0.18846726417541504
0.19100022315979004
0.19542837142944336
0.18645715713500977
0.19230031967163086
0.18993782997131348
0.19683432579040527
0.2041313648223877
0.21714210510253906
0.1929638385772705
0.19500446319580078
0.19572091102600098
0.19317078590393066
0.18756508827209473
0.18803668022155762
0.1991739273071289
0.19095921516418457
0.19569873809814453
0.18844985961914062
0.19550204277038574
0.19091582298278809
0.18924498558044434
0.19021058082580566
0.22052955627441406
0.18882989883422852
0.20364975929260254
0.18819594383239746
0.1935560703277588
0.19649028778076172
0.20147061347961426
0.1934981346130371
0.19296050071716309
0.19165611267089844
0.1874706745147705
0.20733213424682617
0.19134187698364258
0.20761656761169434
0.19042181968688965
0.19167828559875488
0.19043731689453125
0.18802475929260254
0.19263601303100586
0.18959689140319824
0.1915879249572754
0.19187712669372559
0.19293498992919922
0.19295048713684082
0.1921098232269287
0.19864344596862793
0.20394086837768555
0.19736218452453613
0.1941230297088623
0.19804739952087402
0.18949627876281738
0.19066905975341797
0.1897428035736084
0.20086193084716797
0.20699477195739746
0.20999932289123535
0.21397757530212402
0.1889791488647461
0.19414567947387695
0.27050352096557617
0.21141791343688965
0.28336668014526367
0.36202168464660645
0.19254302978515625
0.2250983715057373
0.2521846294403076
0.23518705368041992
0.24063396453857422
0.1916334629058838
0.19300222396850586
0.19496679306030273
0.21712899208068848
0.20915722846984863
0.1941206455230713
0.19031023979187012
0.19469404220581055
0.19099783897399902
0.19321823120117188
0.18822216987609863
0.19484663009643555
0.19964289665222168
0.232100248336792
0.22809052467346191
0.19501662254333496
0.42346858978271484
0.192091703414917
26.199084520339966
0.19409561157226562
0.19631147384643555
0.19565200805664062
0.19144320487976074
0.1936933994293213
0.22081303596496582
0.21392488479614258
0.2579166889190674
0.25986719131469727
0.19666266441345215
0.20035934448242188
0.19221067428588867
0.19611859321594238
0.19467878341674805
0.19262480735778809
0.2533090114593506
0.19363951683044434
0.19920063018798828
0.2241983413696289
0.1999657154083252
0.19305109977722168
0.19858384132385254
0.21300268173217773
0.18793296813964844
0.21990728378295898
0.2199866771697998
0.1980435848236084
0.19005584716796875
0.18875694274902344
0.19091248512268066
0.19272994995117188
0.19011902809143066
0.3357207775115967
0.19419169425964355
0.19192123413085938
0.19329071044921875
0.1894979476928711
0.1914994716644287
0.18899250030517578
0.1860969066619873
0.19796085357666016
0.21999597549438477
0.22099590301513672
0.2021338939666748
0.19344735145568848
0.1958913803100586
0.1932661533355713
0.1922621726989746
0.19050335884094238
0.20032906532287598
0.21622753143310547
0.19339656829833984
0.19156384468078613
0.19395804405212402
0.23763012886047363
0.19747281074523926
0.20512127876281738
0.19318032264709473
0.19531464576721191
0.19171833992004395
0.18997931480407715
0.19999170303344727
0.19598698616027832
0.18737387657165527
0.1952519416809082
0.19260025024414062
0.33256053924560547
0.21111011505126953
0.22109460830688477
0.19266629219055176
0.1892225742340088
0.20963025093078613
0.2195601463317871
0.18672776222229004
0.19884109497070312
0.18989324569702148
0.1879265308380127
0.19396209716796875
0.18900060653686523
0.19292545318603516
0.19492316246032715
3.1922640800476074
0.19989323616027832
0.19100522994995117
0.2132573127746582
0.19622015953063965
0.19700336456298828
0.19589519500732422
0.18896889686584473
0.20799970626831055
0.187103271484375
0.19698166847229004
0.20127224922180176
0.2103269100189209
0.21317315101623535
0.224501371383667
0.24494075775146484
0.19500160217285156
0.20201420783996582
0.2160024642944336
0.2160024642944336
0.1920013427734375
0.19098973274230957
0.1927492618560791
0.1938180923461914
0.19342613220214844
0.21414732933044434
0.1939854621887207
0.19420170783996582
0.20000076293945312
0.18898820877075195
0.19599032402038574
0.19100475311279297
0.22097182273864746
0.216996431350708
0.19297480583190918
0.22699213027954102
0.19300150871276855
0.18796586990356445
0.1920027732849121
0.18999671936035156
0.1904435157775879
0.18848800659179688
0.1887505054473877
0.19851946830749512
0.21315503120422363
0.21010875701904297
0.20874667167663574
0.2033689022064209
0.19118595123291016
0.19385147094726562
0.19217705726623535
0.1904149055480957
0.20381903648376465
0.20271015167236328
0.1915600299835205
0.19796419143676758
0.2027280330657959
0.18669772148132324
0.19290876388549805
0.19701194763183594
0.21953701972961426
0.2245311737060547
0.19818735122680664
0.1943988800048828
0.20465350151062012
0.21053671836853027
0.19452261924743652
0.19452428817749023
0.19356131553649902
0.3855733871459961
0.38956475257873535
0.39357852935791016
0.27864861488342285
0.19071030616760254
0.1903538703918457
0.19327235221862793
0.1903553009033203
0.1908419132232666
0.18985986709594727
0.190079927444458
0.1985149383544922
0.2091207504272461
0.21812868118286133
0.19711971282958984
0.20885181427001953
0.18614697456359863
0.18919730186462402
0.1934661865234375
0.19298720359802246
0.19046616554260254
0.20237040519714355
0.24720382690429688
0.18686556816101074
0.19092726707458496
0.19572114944458008
0.1943039894104004
0.19640541076660156
0.19157743453979492
0.19255733489990234
0.18782997131347656
0.19199204444885254
0.21209239959716797
0.20719194412231445
0.19046854972839355
0.18937063217163086
0.18920230865478516
0.1939096450805664
0.19751548767089844
0.21303009986877441
0.21702909469604492
0.19782686233520508
0.21074247360229492
0.19684720039367676
0.18892693519592285
0.2119896411895752
0.19361639022827148
0.19509148597717285
0.1930065155029297
0.19825053215026855
0.21740460395812988
0.31467676162719727
0.21200299263000488
0.2059943675994873
0.36800265312194824
0.19490289688110352
0.1906745433807373
0.20479440689086914
0.19265127182006836
0.19132113456726074
0.19353914260864258
0.19242143630981445
0.2041640281677246
0.19991159439086914
0.1988370418548584
0.18989014625549316
0.19296526908874512
0.20351362228393555
0.2095041275024414
0.1941239833831787
0.1970064640045166
0.19294977188110352
0.1962733268737793
0.19900298118591309
0.20397138595581055
0.19499754905700684
0.2010946273803711
0.19118952751159668
0.19445586204528809
0.2389528751373291
0.2639915943145752
0.19597077369689941
0.18703913688659668
0.19814705848693848
0.20924091339111328
0.20255088806152344
0.21254420280456543
0.20719480514526367
0.21319842338562012
0.19223690032958984
0.19806313514709473
0.20998883247375488
0.20804190635681152
0.1869511604309082
0.21819186210632324
0.23917269706726074
0.19777894020080566
0.19976449012756348
0.18861937522888184
0.24199604988098145
0.3087306022644043
0.20648622512817383
0.19865894317626953
0.20484375953674316
0.21015667915344238
0.20032405853271484
0.19121098518371582
0.19122099876403809
0.19337964057922363
0.1961841583251953
0.18960952758789062
0.19348978996276855
0.1917128562927246
0.19153785705566406
0.1922311782836914
0.19148993492126465
0.19700026512145996
0.4253659248352051
0.19139313697814941
0.20148181915283203
0.2611203193664551
0.22215986251831055
0.22417259216308594
0.19617915153503418
0.19507598876953125
0.2085721492767334
0.20060944557189941
0.1952662467956543
0.19941043853759766
0.1966078281402588
0.1920168399810791
0.19203853607177734
0.19597649574279785
0.20694184303283691
0.19891977310180664
0.20116710662841797
0.20221400260925293
0.19128942489624023
0.19406771659851074
0.19086694717407227
0.1924886703491211
0.188004732131958
0.23219847679138184
0.21420764923095703
0.19597792625427246
0.19196724891662598
0.19204998016357422
0.1889784336090088
0.18845009803771973
0.19028401374816895
0.2110304832458496
0.1949934959411621
0.1971297264099121
0.19061660766601562
0.1940627098083496
0.22424077987670898
0.27001452445983887
0.1899278163909912
0.19996023178100586
0.18958234786987305
0.19283413887023926
0.1937425136566162
0.19062519073486328
0.204148530960083
0.19800615310668945
0.1920011043548584
0.18798136711120605
0.19260382652282715
0.18828439712524414
0.18808984756469727
0.19161248207092285
0.19501900672912598
0.1955125331878662
0.19626235961914062
0.1947782039642334
0.20769906044006348
0.2126457691192627
0.1925973892211914
0.22100424766540527
0.2009439468383789
0.19946932792663574
0.19324660301208496
0.19611763954162598
0.19502782821655273
0.19403696060180664
0.2098550796508789
0.21697139739990234
0.20799851417541504
0.20800495147705078
0.19127130508422852
0.19132018089294434
0.1868441104888916
0.19801640510559082
0.1900036334991455
0.19088315963745117
0.18670248985290527
0.18898820877075195
0.19215893745422363
0.19066190719604492
0.19559907913208008
0.19266819953918457
0.19031095504760742
0.19396686553955078
0.19297146797180176
0.19534802436828613
0.19060182571411133
0.193695068359375
0.24086666107177734
0.19479799270629883
0.18613171577453613
0.21131324768066406
0.19732451438903809
0.2706162929534912
0.19791269302368164
0.2043471336364746
0.1901557445526123
0.1999814510345459
0.19613432884216309
0.20140838623046875
0.19445562362670898
0.19817209243774414
0.19124221801757812
0.20426011085510254
0.21400046348571777
0.2129676342010498
0.2149977684020996
0.1940627098083496
0.19132423400878906
3.200056552886963
0.20494651794433594
0.18835115432739258
0.18952226638793945
0.19732022285461426
0.1909773349761963
0.22591161727905273
0.1958463191986084
0.1900644302368164
0.19487452507019043
0.19057917594909668
0.18955135345458984
0.1886451244354248
0.1889338493347168
0.1959857940673828
0.19667363166809082
0.21799921989440918
0.21213245391845703
0.19544172286987305
0.20650243759155273
0.2028367519378662
0.19592761993408203
0.19397950172424316
0.19781899452209473
0.18885207176208496
0.19385075569152832
0.1897284984588623
0.19142460823059082
0.1921861171722412
0.18671607971191406
0.1995086669921875
0.19570302963256836
0.19911670684814453
0.20750093460083008
0.1862173080444336
0.19717049598693848
0.1893160343170166
0.18926501274108887
0.1891028881072998
0.1931593418121338
0.22687935829162598
0.24086403846740723
0.18890166282653809
0.1896059513092041
0.1927645206451416
0.1999201774597168
0.20067977905273438
0.19880914688110352
0.19365167617797852
0.21150541305541992
0.21606826782226562
0.20204424858093262
0.18866181373596191
0.19318294525146484
0.2407221794128418
0.1870410442352295
0.2117917537689209
0.19651031494140625
0.19809675216674805
0.18570375442504883
0.1906435489654541
0.1925644874572754
0.20810818672180176
0.19193816184997559
0.19596600532531738
0.19698452949523926
0.21250104904174805
0.19848179817199707
0.1941673755645752
0.21100187301635742
0.194000244140625
0.1888749599456787
0.1942734718322754
0.1893908977508545
0.19706296920776367
0.19197297096252441
0.19248390197753906
0.19522380828857422
0.19743585586547852
0.1992020606994629
0.1948716640472412
0.1956310272216797
0.19994568824768066
0.1930081844329834
0.19698095321655273
0.19799423217773438
0.190446138381958
0.1949291229248047
0.1877427101135254
0.20819544792175293
0.19925975799560547
0.19415926933288574
0.19069409370422363
0.1935431957244873
0.19928574562072754
0.19106364250183105
0.19219040870666504
0.18692469596862793
0.26111721992492676
0.23377084732055664
0.2271718978881836
0.22920799255371094
0.20817780494689941
0.20251226425170898
0.18947362899780273
0.1897449493408203
0.18823027610778809
0.18893790245056152
0.18709897994995117
0.1887986660003662
0.19294023513793945
0.18860459327697754
0.1968533992767334
0.19535088539123535
0.1929759979248047
0.18303394317626953
0.19370150566101074
0.20151209831237793
0.20254135131835938
0.19549226760864258
0.1942451000213623
0.20014381408691406
0.19248700141906738
0.2423233985900879
0.2273106575012207
0.2642788887023926
0.20182132720947266
0.1938164234161377
0.18896961212158203
0.19216489791870117
0.18813085556030273
0.2128767967224121
0.2148735523223877
0.19159865379333496
0.18933749198913574
0.1968555450439453
0.19200873374938965
0.19613361358642578
0.19050097465515137
0.19121980667114258
0.2241818904876709
0.20039916038513184
0.27077293395996094
0.31667590141296387
0.3539423942565918
0.1973133087158203
0.1972639560699463
0.19774603843688965
0.18976926803588867
0.1951432228088379
0.19944524765014648
0.1984860897064209
0.1883537769317627
0.19211673736572266
0.2030787467956543
0.22057700157165527
0.21973085403442383
0.19355297088623047
0.20517635345458984
0.1939997673034668
0.19296932220458984
0.1941077709197998
0.21194720268249512
0.21395301818847656
0.1880495548248291
0.19078922271728516
0.18962764739990234
0.1919727325439453
0.19047927856445312
0.19758200645446777
3.192162036895752
0.20048785209655762
0.18893194198608398
0.18863677978515625
0.19083499908447266
0.19460582733154297
0.18808937072753906
0.19368433952331543
0.19199037551879883
0.19601845741271973
0.19797801971435547
0.18985676765441895
0.18998122215270996
0.19130849838256836
0.19158554077148438
0.19104814529418945
0.1923847198486328
0.19313549995422363
0.19336962699890137
0.19382238388061523
0.18912744522094727
0.19450640678405762
0.20433354377746582
0.21858811378479004
0.19662833213806152
0.1938791275024414
0.21220040321350098
0.19835114479064941
0.19287729263305664
0.1926898956298828
0.18921995162963867
0.18770194053649902
0.1950075626373291
0.1891496181488037
0.19999146461486816
0.201493501663208
0.20250868797302246
0.19142699241638184
0.20515704154968262
0.1922008991241455
0.19123148918151855
0.19291162490844727
0.19408559799194336
0.1924114227294922
0.23078155517578125
0.19527363777160645
0.19420886039733887
0.19201350212097168
0.1883554458618164
0.1922006607055664
0.20622754096984863
0.21821093559265137
0.2001357078552246
0.1967463493347168
0.19111847877502441
0.18988656997680664
0.1956310272216797
0.1907358169555664
0.1940300464630127
0.1950078010559082
0.21797990798950195
0.21797800064086914
0.19948172569274902
0.1890249252319336
0.1949474811553955
0.19352030754089355
0.19112181663513184
0.19718003273010254
0.24466753005981445
0.1930522918701172
0.19613385200500488
0.19383001327514648
0.20370173454284668
0.18959784507751465
0.18917560577392578
0.19212961196899414
0.21354198455810547
0.20254230499267578
0.19891786575317383
0.19597649574279785
0.19697189331054688
0.19440317153930664
0.1921834945678711
0.19213485717773438
0.1918807029724121
0.19742345809936523
0.19152283668518066
0.19299912452697754
0.2051401138305664
0.20615649223327637
0.2095201015472412
0.19869518280029297
0.19505810737609863
0.18963837623596191
0.1956038475036621
0.19050002098083496
0.19235444068908691
0.19040727615356445
0.20021700859069824
0.1892247200012207
0.19499540328979492
0.18976306915283203
0.19174671173095703
0.20664739608764648
0.19636058807373047
0.19014716148376465
0.19501876831054688
0.2034590244293213
0.1944899559020996
0.19094181060791016
0.19493746757507324
0.19074010848999023
0.18937921524047852
0.20110607147216797
0.1911311149597168
0.26955580711364746
0.2076113224029541
0.19883227348327637
0.198868989944458
0.1951606273651123
0.19199466705322266
0.19980525970458984
0.19310808181762695
0.20712876319885254
0.20710110664367676
0.21028971672058105
0.24741554260253906
0.6085917949676514
0.21920228004455566
0.19031643867492676
0.18872880935668945
0.18597006797790527
0.19596481323242188
0.21294879913330078
0.21588349342346191
0.19597864151000977
0.2074422836303711
0.2315969467163086
0.18807077407836914
0.1897733211517334
0.19359421730041504
0.21464061737060547
0.2106184959411621
0.1915886402130127
0.20980024337768555
0.19420719146728516
0.20226097106933594
0.19526982307434082
0.1962430477142334
0.2146623134613037
0.21667027473449707
0.20663809776306152
0.1946396827697754
0.191910982131958
0.2039639949798584
0.19997692108154297
0.19599556922912598
0.19697976112365723
0.18796277046203613
0.18874335289001465
0.22197294235229492
0.18811345100402832
0.19123244285583496
0.19432401657104492
0.1882309913635254
0.1903085708618164
0.18573832511901855
0.19927430152893066
0.1987607479095459
0.190171480178833
0.20285606384277344
0.20032167434692383
0.19046330451965332
0.19202542304992676
0.21342015266418457
0.1976175308227539
0.19755172729492188
0.20139360427856445
0.1999673843383789
0.19301390647888184
0.20653510093688965
0.19957661628723145
0.19791722297668457
0.21303606033325195
0.2060546875
0.19195246696472168
0.18614649772644043
0.19707870483398438
0.20612835884094238
0.1850757598876953
0.19130206108093262
0.19273996353149414
0.21554970741271973
0.2105693817138672
0.18792152404785156
0.2360672950744629
0.21632170677185059
0.20125842094421387
0.19261598587036133
0.19184494018554688
0.19491338729858398
0.20009088516235352
0.19472479820251465
0.19461798667907715
0.20067524909973145
0.2350752353668213
0.19520092010498047
0.19074440002441406
0.20465588569641113
0.1968832015991211
0.19030523300170898
0.19100427627563477
0.19196248054504395
0.19055724143981934
0.1965334415435791
0.19495368003845215
0.2129230499267578
0.18899273872375488
0.1901412010192871
0.18952083587646484
0.20261430740356445
0.22660231590270996
0.1908891201019287
0.23895692825317383
0.25499415397644043
0.2559926509857178
0.1900031566619873
0.1953411102294922
0.2021925449371338
0.2076733112335205
0.2146592140197754
0.2014141082763672
0.1987137794494629
0.20511221885681152
0.20802593231201172
0.1881570816040039
0.18669795989990234
0.21286416053771973
0.19840431213378906
0.20998835563659668
0.2053394317626953
0.19440460205078125
0.19340848922729492
0.19910526275634766
0.20684456825256348
0.19211030006408691
0.20122194290161133
0.19764423370361328
0.19262194633483887
0.1949300765991211
0.20928072929382324
0.22092556953430176
0.20294737815856934
0.21514654159545898
0.21614551544189453
0.195176362991333
0.190657377243042
0.20253515243530273
0.21262884140014648
0.19799232482910156
0.18976449966430664
0.19037604331970215
0.1917273998260498
0.19213247299194336
0.20179486274719238
0.19596171379089355
0.19821691513061523
0.18921685218811035
0.19543242454528809
0.1880817413330078
0.1930685043334961
0.2028968334197998
0.20274114608764648
0.19500350952148438
0.20119690895080566
0.21413159370422363
0.204115629196167
0.20541024208068848
0.2059919834136963
0.2109835147857666
0.19120526313781738
0.19207978248596191
0.19721531867980957
0.19567131996154785
0.19460320472717285
0.2180790901184082
0.2190864086151123
0.20998072624206543
0.19385933876037598
0.1940000057220459
0.2119762897491455
0.2160041332244873
0.1920177936553955
0.19146037101745605
0.188751220703125
0.22941923141479492
0.1937241554260254
0.1942288875579834
0.19357943534851074
0.19159603118896484
0.2012310028076172
0.19420838356018066
0.19102072715759277
0.29578351974487305
0.29969310760498047
0.20157742500305176
0.2126331329345703
0.2146313190460205
0.1900618076324463
0.19315791130065918
0.19301104545593262
0.2943108081817627
0.19012069702148438
0.19977927207946777
0.19406747817993164
0.1924600601196289
0.19440388679504395
0.19107723236083984
0.19799137115478516
0.1975400447845459
0.19054889678955078
0.20173239707946777
0.19492435455322266
0.2090146541595459
0.19207072257995605
0.20044517517089844
0.1952500343322754
0.19129037857055664
0.19341468811035156
0.19411945343017578
0.21326446533203125
0.28478026390075684
0.20272302627563477
0.19297003746032715
0.18701815605163574
0.24927854537963867
0.2061161994934082
0.18684911727905273
0.19253230094909668
0.2040727138519287
0.20209622383117676
0.19608306884765625
0.18727898597717285
0.18514394760131836
0.19516515731811523
0.1891767978668213
0.2241356372833252
0.2281491756439209
0.2221508026123047
0.20294761657714844
0.20945477485656738
0.1979222297668457
0.19296860694885254
0.19632339477539062
0.1924753189086914
0.21652460098266602
0.2195272445678711
0.19210076332092285
0.19066834449768066
0.19278955459594727
0.18936753273010254
0.1969003677368164
0.19678568840026855
0.19539833068847656
0.2005596160888672
0.1924598217010498
0.1892375946044922
0.19252681732177734
0.1927657127380371
0.1929781436920166
0.2007007598876953
0.19065523147583008
0.19496488571166992
0.2060544490814209
0.1998593807220459
0.19172430038452148
0.20496177673339844
0.19121289253234863
0.19162297248840332
0.1959242820739746
0.1880795955657959
0.2000138759613037
0.19409608840942383
0.1906290054321289
0.19373083114624023
0.19198250770568848
0.19600296020507812
0.19295454025268555
0.1876070499420166
0.1943826675415039
0.20856499671936035
0.19008207321166992
0.19100332260131836
0.19396758079528809
0.1848599910736084
0.19040179252624512
0.2016592025756836
0.19864368438720703
0.18817591667175293
0.1890261173248291
0.2155289649963379
0.21746039390563965
0.18901801109313965
0.22113656997680664
0.1990964412689209
0.1934974193572998
0.19965171813964844
0.1909623146057129
0.19542956352233887
0.18405628204345703
0.1971285343170166
0.1892566680908203
0.19319629669189453
0.2045886516571045
0.18719959259033203
0.20821571350097656
0.18865299224853516
0.21607518196105957
0.1939866542816162
0.19425702095031738
0.1893317699432373
0.19812273979187012
0.19293737411499023
0.20271515846252441
0.19195127487182617
0.20280194282531738
0.19507765769958496
0.1889805793762207
0.1910390853881836
0.20607781410217285
0.21073341369628906
0.21209478378295898
0.19133424758911133
0.21501755714416504
0.19318556785583496
0.2088310718536377
0.2185983657836914
0.2066361904144287
0.21798348426818848
0.19912981986999512
0.19454526901245117
0.1909804344177246
0.19499969482421875
0.1990823745727539
0.20619821548461914
0.19718599319458008
0.19316649436950684
0.18956422805786133
0.19000983238220215
0.1916654109954834
0.19939446449279785
0.197800874710083
0.1925792694091797
0.19191813468933105
0.19220304489135742
0.21857023239135742
0.19851899147033691
0.19028019905090332
0.19324827194213867
0.19126629829406738
0.1892855167388916
0.20101284980773926
0.19499754905700684
0.1926727294921875
0.20060205459594727
0.19771480560302734
0.18778324127197266
0.1898350715637207
0.19593453407287598
0.1878952980041504
0.18696188926696777
0.18910670280456543
0.19817042350769043
0.19341588020324707
0.1922149658203125
0.19299697875976562
0.19283294677734375
0.21852469444274902
0.18748188018798828
0.1913585662841797
0.2550809383392334
0.2243795394897461
0.20137548446655273
0.19656825065612793
0.1948699951171875
0.18798613548278809
0.20626091957092285
0.19337868690490723
0.20564532279968262
0.20163798332214355
0.1940782070159912
0.21585631370544434
0.1910700798034668
0.1939830780029297
0.19667530059814453
0.20136642456054688
0.20990848541259766
0.22184038162231445
0.20390057563781738
0.18789052963256836
0.19735026359558105
0.18583250045776367
0.19326305389404297
0.18804550170898438
0.19157719612121582
0.1956040859222412
0.19914031028747559
0.19635581970214844
0.19855713844299316
0.19542598724365234
0.18811964988708496
0.19382286071777344
0.18756651878356934
0.19031238555908203
0.211228609085083
0.19802069664001465
0.21328997611999512
0.20743203163146973
0.2204146385192871
0.22438454627990723
0.18902897834777832
0.20033907890319824
0.19498372077941895
0.19397640228271484
0.18898320198059082
0.28400087356567383
0.19085168838500977
0.19643855094909668
0.1888868808746338
0.19335436820983887
0.19182109832763672
0.20800209045410156
0.21596837043762207
0.21410703659057617
0.21213269233703613
0.18588972091674805
0.1908857822418213
0.1919398307800293
0.23168230056762695
0.22574329376220703
0.1918942928314209
0.2004225254058838
0.18858027458190918
0.1940007209777832
0.1959824562072754
0.2125859260559082
0.2126171588897705
0.18802928924560547
0.19068551063537598
0.22986912727355957
0.21286773681640625
0.20784950256347656
0.1999988555908203
0.23785781860351562
0.22632694244384766
0.20042657852172852
0.31340694427490234
0.21739530563354492
0.22051143646240234
0.1853783130645752
0.19332003593444824
0.19486427307128906
0.1920456886291504
0.19098329544067383
0.19072556495666504
0.2702162265777588
0.1957700252532959
0.2061595916748047
0.20760345458984375
0.18994665145874023
0.19347500801086426
0.19039320945739746
0.1940624713897705
0.20913958549499512
3.2576825618743896
0.1893477439880371
0.20516419410705566
0.19746065139770508
0.19686579704284668
0.2006702423095703
0.21070098876953125
0.21668696403503418
0.19110846519470215
0.20656585693359375
0.20157909393310547
0.1928415298461914
0.18969941139221191
0.18994903564453125
0.1959371566772461
0.2969977855682373
0.1973254680633545
0.1932823657989502
0.19135713577270508
0.18906402587890625
0.19267559051513672
0.19556379318237305
0.19470596313476562
0.19394493103027344
0.18935179710388184
0.20896315574645996
0.19598960876464844
0.1978611946105957
0.1919867992401123
0.1935427188873291
0.19327163696289062
0.19774603843688965
0.19425058364868164
0.20700907707214355
0.19196772575378418
0.19599461555480957
0.3334188461303711
0.18798613548278809
0.19278502464294434
0.18749713897705078
0.1913297176361084
0.19226956367492676
0.1896352767944336
0.19393324851989746
0.18759703636169434
0.1896958351135254
0.18705272674560547
0.19945979118347168
0.19545531272888184
0.19199252128601074
0.20099902153015137
0.19182610511779785
0.20757150650024414
0.22256755828857422
0.18864965438842773
0.19358444213867188
0.2024533748626709
0.19205713272094727
0.19148755073547363
0.19321131706237793
0.18874597549438477
0.23209691047668457
0.23310351371765137
0.2541036605834961
0.1875779628753662
0.2709770202636719
0.2845118045806885
0.1952977180480957
0.19643139839172363
0.19922399520874023
0.1948232650756836
0.19111347198486328
0.18680882453918457
0.19083237648010254
0.2117173671722412
0.2117173671722412
0.19493484497070312
0.19022059440612793
0.1912384033203125
0.1918485164642334
0.19503450393676758
0.19861817359924316
0.19165277481079102
0.1877603530883789
0.19183564186096191
0.19521307945251465
3.1922218799591064
0.1918046474456787
0.23886609077453613
0.23180913925170898
0.19052982330322266
0.1970217227935791
0.2886388301849365
0.18936967849731445
0.18601226806640625
0.20409321784973145
0.19875741004943848
0.2230086326599121
0.1971423625946045
0.19342494010925293
0.1995067596435547
0.20020365715026855
0.24364781379699707
0.19034862518310547
0.19800925254821777
0.1901240348815918
0.19397783279418945
0.19858121871948242
0.19250082969665527
0.19841241836547852
0.2132430076599121
0.2073040008544922
0.19762706756591797
0.19356417655944824
0.5402412414550781
0.4841892719268799
0.19455647468566895
0.2051396369934082
0.20763707160949707
0.1940174102783203
0.19664263725280762
0.20040321350097656
0.19692397117614746
0.19536423683166504
0.1925523281097412
0.1930065155029297
0.19500231742858887
0.21299481391906738
0.19650506973266602
0.19770455360412598
0.18998312950134277
0.30088090896606445
0.1932675838470459
0.19166922569274902
0.1898200511932373
3.191962957382202
0.18924880027770996
0.19729828834533691
0.19712519645690918
0.19238853454589844
0.19881916046142578
0.19946980476379395
0.19311904907226562
0.1928555965423584
0.1955568790435791
0.20824003219604492
0.20348644256591797
0.19383454322814941
0.1888904571533203
0.19548845291137695
0.19272470474243164
0.1928253173828125
0.22550702095031738
0.21502113342285156
0.20172333717346191
0.1996321678161621
0.19663572311401367
0.2058265209197998
0.20098423957824707
0.20109152793884277
0.19891905784606934
0.19263672828674316
0.1978137493133545
0.188002347946167
0.2023630142211914
0.1941230297088623
0.1932356357574463
0.1962754726409912
0.19599509239196777
0.19229674339294434
0.19497418403625488
0.19580912590026855
0.19222474098205566
0.1998755931854248
0.19403815269470215
0.1924729347229004
0.19851922988891602
0.19290661811828613
0.1946570873260498
0.19809198379516602
0.198012113571167
0.20723176002502441
0.22317004203796387
0.21325016021728516
0.20925259590148926
0.19412875175476074
0.19310665130615234
0.18679189682006836
0.1924149990081787
0.18768715858459473
0.190932035446167
0.1960303783416748
0.18936681747436523
0.19649529457092285
0.2001945972442627
0.1943373680114746
0.20879793167114258
0.19684791564941406
0.19806694984436035
0.2570517063140869
0.18840575218200684
0.1907048225402832
0.19765043258666992
0.19613122940063477
0.19669675827026367
0.19257569313049316
0.1939845085144043
0.1953442096710205
0.20641255378723145
0.2085859775543213
0.21341252326965332
0.23522210121154785
0.19836997985839844
0.19532012939453125
0.20395565032958984
0.20509624481201172
0.1952052116394043
0.19454145431518555
0.2049565315246582
0.1890709400177002
0.20265460014343262
0.18910503387451172
0.18516993522644043
0.20257806777954102
0.20090889930725098
0.2016921043395996
0.22067475318908691
0.1946852207183838
0.1912529468536377
0.19432425498962402
0.19694852828979492
0.19104313850402832
0.19324660301208496
0.19036221504211426
0.20924782752990723
0.19278240203857422
0.19410920143127441
0.18768763542175293
0.19242119789123535
0.1909322738647461
0.19413113594055176
0.19182300567626953
0.1968231201171875
0.2705681324005127
0.2154998779296875
0.19828057289123535
0.21629714965820312
0.21132159233093262
0.19103121757507324
0.18795251846313477
0.19344115257263184
0.19916987419128418
0.20244336128234863
0.2269434928894043
0.22693133354187012
0.19787931442260742
0.19948554039001465
0.19050860404968262
0.21284794807434082
0.2090320587158203
0.19097518920898438
0.19097518920898438
0.19942808151245117
0.2418828010559082
0.24462103843688965
0.19981884956359863
0.19489264488220215
0.20596957206726074
0.20097994804382324
0.18899798393249512
0.2294619083404541
0.22060704231262207
0.19073271751403809
0.19317197799682617
0.1942589282989502
0.2024686336517334
0.19261884689331055
0.1905224323272705
0.2021925449371338
0.19669294357299805
0.19122624397277832
0.20011115074157715
0.2242598533630371
0.234266996383667
0.21016430854797363
0.20135092735290527
0.2593557834625244
0.20713520050048828
0.20012903213500977
0.19308114051818848
0.1982107162475586
0.2037830352783203
0.21139883995056152
0.207061767578125
0.20306944847106934
0.20302987098693848
0.19410204887390137
0.19877862930297852
0.20076346397399902
0.20610976219177246
0.19421958923339844
0.19808483123779297
0.19829225540161133
0.22128748893737793
0.2561500072479248
0.19446229934692383
0.19773411750793457
0.19685125350952148
0.1880044937133789
0.19351649284362793
0.2034463882446289
0.21238327026367188
0.20807719230651855
0.20607638359069824
0.2111070156097412
0.19910120964050293
0.19289636611938477
0.19386577606201172
0.19676423072814941
0.21992015838623047
0.216111421585083
0.2003934383392334
0.2622687816619873
3.2428112030029297
0.2692887783050537
0.20014429092407227
0.19472980499267578
0.20782089233398438
0.2199878692626953
0.2269148826599121
0.19186139106750488
0.20945954322814941
0.20253300666809082
0.19327926635742188
0.19269180297851562
0.1901237964630127
0.21049094200134277
0.2317342758178711
0.1976921558380127
0.24317598342895508
0.22520995140075684
0.19463515281677246
0.19713377952575684
0.1966245174407959
0.19277620315551758
0.1919701099395752
0.21227288246154785
0.20431137084960938
0.18779420852661133
0.1940298080444336
0.18734526634216309
0.1924457550048828
0.18672752380371094
0.22220349311828613
0.19406914710998535
0.19345307350158691
0.19829583168029785
0.2041311264038086
0.19496750831604004
0.19097137451171875
0.1934676170349121
0.19344282150268555
0.18842077255249023
0.18903684616088867
0.2102522850036621
0.21120047569274902
0.19418573379516602
0.19623017311096191
0.19379067420959473
0.19804048538208008
0.20993924140930176
0.2149357795715332
0.1972339153289795
0.1903219223022461
0.19132208824157715
0.19754385948181152
0.1944732666015625
0.1934950351715088
0.19225144386291504
0.19998431205749512
0.21097016334533691
0.212904691696167
0.19435906410217285
0.19958901405334473
0.19213557243347168
0.18915677070617676
0.19552326202392578
0.20082640647888184
0.25106215476989746
0.19256377220153809
0.19786381721496582
0.23659491539001465
0.1869351863861084
0.19113874435424805
0.18698740005493164
0.2059037685394287
0.19489550590515137
0.1905524730682373
0.1965937614440918
0.19610095024108887
0.20650553703308105
0.19303369522094727
0.19012880325317383
0.18755316734313965
0.19538092613220215
0.23151707649230957
0.19623851776123047
0.19553184509277344
0.1891317367553711
0.19002175331115723
0.1909947395324707
0.18959426879882812
0.20686006546020508
0.19500994682312012
