0.20553302764892578
0.21700000762939453
0.19303131103515625
0.1860041618347168
0.1990036964416504
0.1940004825592041
0.20900368690490723
0.19205355644226074
0.19400477409362793
0.195997953414917
0.2559967041015625
0.19699883460998535
0.197645902633667
0.20099163055419922
0.20000410079956055
0.19500041007995605
0.20361328125
0.19163751602172852
0.19763731956481934
0.19811415672302246
0.2080070972442627
0.20299625396728516
0.19456815719604492
0.21999430656433105
0.22100567817687988
0.19299721717834473
0.1960005760192871
0.19100117683410645
0.20500469207763672
0.19800043106079102
0.22600007057189941
0.23200011253356934
0.21799707412719727
0.19199466705322266
0.2180027961730957
0.21599674224853516
0.19762969017028809
0.20299410820007324
0.2089824676513672
0.19499635696411133
0.23652386665344238
0.20252180099487305
0.19754314422607422
0.22899866104125977
0.204986572265625
0.1900193691253662
0.27753305435180664
0.26052021980285645
0.1920022964477539
0.20099973678588867
0.19998550415039062
0.20754313468933105
0.1990032196044922
0.20669937133789062
0.19369912147521973
0.19454693794250488
0.204559326171875
0.1985175609588623
0.19776248931884766
0.20000100135803223
0.19852042198181152
0.20203638076782227
0.19300007820129395
0.19399762153625488
0.19099926948547363
0.1950078010559082
0.19599390029907227
0.1945347785949707
0.21480178833007812
0.20253348350524902
0.2005174160003662
0.19498968124389648
0.20481562614440918
0.2018892765045166
0.2030029296875
0.20000457763671875
0.20400094985961914
0.20599770545959473
0.18852567672729492
0.19700932502746582
0.19054484367370605
0.20700311660766602
0.2050015926361084
0.225996732711792
0.21399641036987305
0.24706125259399414
0.27927398681640625
0.2806994915008545
0.20499730110168457
0.21099853515625
0.20699143409729004
0.20099782943725586
0.20800399780273438
0.23998332023620605
0.20998191833496094
0.2019944190979004
0.2019963264465332
0.19854092597961426
0.2039785385131836
0.1959972381591797
0.1959972381591797
0.19702672958374023
0.1950061321258545
0.19800639152526855
0.21795296669006348
0.19499516487121582
0.3060121536254883
0.1956791877746582
0.18967819213867188
0.22800064086914062
0.20196771621704102
0.2010030746459961
0.19099926948547363
0.31148242950439453
0.20304441452026367
0.19977498054504395
0.209031343460083
0.21672272682189941
0.195526123046875
0.1947932243347168
0.20599627494812012
0.19700074195861816
0.1925191879272461
0.19700002670288086
0.20438289642333984
0.20500516891479492
0.19819045066833496
0.1933903694152832
0.19921636581420898
0.20200133323669434
0.21300101280212402
0.206986665725708
0.19899511337280273
0.20196294784545898
0.2089989185333252
0.20800304412841797
0.20549345016479492
0.19517278671264648
0.19266438484191895
0.19752860069274902
0.19853568077087402
0.1959977149963379
0.19199514389038086
0.2000102996826172
0.19904851913452148
0.19853758811950684
0.19797801971435547
0.19800281524658203
0.20099425315856934
0.19600343704223633
0.20754146575927734
0.1951124668121338
0.19609546661376953
0.20209288597106934
0.1940021514892578
0.21399998664855957
0.19800233840942383
0.19100570678710938
0.24552702903747559
0.1959996223449707
0.20474863052368164
0.19474315643310547
0.1900026798248291
0.20400738716125488
0.2360074520111084
0.19999456405639648
0.2009899616241455
0.19199824333190918
0.21000361442565918
0.20300030708312988
0.1940007209777832
0.19600963592529297
0.20000147819519043
0.19900155067443848
0.19700217247009277
0.19600725173950195
0.19400262832641602
0.1965315341949463
0.20230937004089355
0.19000601768493652
0.20400142669677734
0.20153117179870605
0.19905757904052734
0.19354701042175293
0.21250200271606445
0.20160174369812012
0.2020096778869629
0.19853806495666504
0.2000269889831543
0.20595788955688477
0.21500396728515625
0.1940021514892578
0.19900107383728027
0.19600343704223633
0.1979992389678955
0.19999265670776367
0.1949911117553711
0.20099115371704102
0.196000337600708
0.19201087951660156
0.19899940490722656
0.19999217987060547
0.2055530548095703
0.23731255531311035
0.21017932891845703
0.1999967098236084
0.2119741439819336
0.2190089225769043
0.20500779151916504
0.20198750495910645
0.20599937438964844
0.2009449005126953
0.20099139213562012
0.2125241756439209
0.21476292610168457
0.19753289222717285
0.20852899551391602
0.1959986686706543
0.2090005874633789
0.1960010528564453
0.20600104331970215
0.20299601554870605
0.19800019264221191
0.19601202011108398
0.2220170497894287
0.2030184268951416
0.19800043106079102
0.19452881813049316
0.1995382308959961
0.20299816131591797
0.19700217247009277
0.19602227210998535
0.20099949836730957
0.19299697875976562
0.19452881813049316
0.19899725914001465
0.1960010528564453
0.20107293128967285
0.19555282592773438
0.1916501522064209
0.19808483123779297
0.20899605751037598
0.21900558471679688
0.2199993133544922
0.19600152969360352
0.19461297988891602
0.20221543312072754
0.20653223991394043
0.20154547691345215
0.20353007316589355
0.20099639892578125
0.2015995979309082
0.22054052352905273
0.22455525398254395
0.20720362663269043
0.20054101943969727
0.19100260734558105
0.20699810981750488
0.20600032806396484
0.20299768447875977
0.19696640968322754
0.1929774284362793
0.20298123359680176
0.19500398635864258
0.20453262329101562
0.20152664184570312
0.21000885963439941
0.20201373100280762
0.20000672340393066
0.20100903511047363
0.20000243186950684
0.2069988250732422
0.23999452590942383
0.22136926651000977
0.20471882820129395
0.19968271255493164
0.26769328117370605
0.21899890899658203
0.1979680061340332
0.19600605964660645
0.20652484893798828
0.22554230690002441
0.1915421485900879
0.1965343952178955
0.1955418586730957
0.2000274658203125
0.21037554740905762
0.19100642204284668
0.19598937034606934
0.19352984428405762
0.1980879306793213
0.1921083927154541
0.19861817359924316
0.19125032424926758
0.19611716270446777
0.20052099227905273
0.1979973316192627
0.1900033950805664
0.2127230167388916
0.20272088050842285
0.19150424003601074
0.19509053230285645
0.2110123634338379
0.19000029563903809
0.20162415504455566
0.2006382942199707
0.2015235424041748
0.19485974311828613
0.2018570899963379
0.19799494743347168
0.19418644905090332
0.20949530601501465
0.20153164863586426
0.21054387092590332
0.1940011978149414
0.19500207901000977
0.2195441722869873
0.19608068466186523
0.1949913501739502
0.19900202751159668
0.2200031280517578
0.19399499893188477
0.19522452354431152
0.20353174209594727
0.19353103637695312
0.19698262214660645
0.24900031089782715
0.2070012092590332
0.1992945671081543
0.19852399826049805
0.2065262794494629
0.20253491401672363
0.2099459171295166
0.20100617408752441
0.19099974632263184
0.1984999179840088
0.19838666915893555
0.2160015106201172
0.22600150108337402
0.19200348854064941
0.21000170707702637
0.21799945831298828
0.2019977569580078
0.20801043510437012
0.20798277854919434
0.19403362274169922
0.20299887657165527
0.23200488090515137
0.28500795364379883
0.285996675491333
0.18958592414855957
0.19799590110778809
0.5036804676055908
0.19800257682800293
0.18752527236938477
0.1929936408996582
0.20153331756591797
0.20751953125
0.19452738761901855
0.19836044311523438
0.20200181007385254
0.19706511497497559
0.1990668773651123
0.19500374794006348
0.190993070602417
0.20799660682678223
0.20899367332458496
0.19599604606628418
0.19800162315368652
0.19899392127990723
0.20200109481811523
0.20024657249450684
3.196812391281128
3.1960744857788086
0.19125986099243164
0.19625186920166016
0.20020222663879395
0.1926262378692627
0.2140493392944336
0.22106122970581055
0.19853472709655762
0.19202065467834473
0.19500279426574707
0.19499969482421875
0.20300984382629395
0.20500826835632324
0.20499968528747559
0.1990039348602295
0.19429612159729004
0.20100116729736328
0.205000638961792
0.19652318954467773
0.2016150951385498
0.20406031608581543
0.19005036354064941
0.19408035278320312
0.21498608589172363
0.2259979248046875
0.1955122947692871
0.1955254077911377
0.19667863845825195
0.20701026916503906
0.19202065467834473
0.19200468063354492
0.1905195713043213
0.20399808883666992
0.2500157356262207
0.19200778007507324
0.2150576114654541
0.19905376434326172
0.19652700424194336
0.23253488540649414
0.22155213356018066
0.19252920150756836
0.2285478115081787
0.22054123878479004
0.2010030746459961
0.1920027732849121
0.20200061798095703
0.20599579811096191
0.2022092342376709
0.21000099182128906
0.19200634956359863
0.20300078392028809
0.18700456619262695
0.19800233840942383
0.20200395584106445
0.2005326747894287
0.20752501487731934
0.18953204154968262
0.20561957359313965
0.2030928134918213
0.19101190567016602
0.22299599647521973
0.19700193405151367
0.18999481201171875
0.20705127716064453
0.22199583053588867
0.2236788272857666
0.20100831985473633
0.19800567626953125
0.1970045566558838
0.19701242446899414
0.20504188537597656
0.20600414276123047
0.22557330131530762
0.20755648612976074
0.22655391693115234
0.19899845123291016
0.19800353050231934
0.3340132236480713
0.20699691772460938
0.24499917030334473
0.19300079345703125
0.20298409461975098
0.19499564170837402
0.19500303268432617
0.19399642944335938
0.21704792976379395
0.210526704788208
0.19952821731567383
0.19400477409362793
0.19899940490722656
0.20500946044921875
0.22199702262878418
0.23400235176086426
0.24899768829345703
0.1959972381591797
0.1950075626373291
0.1945335865020752
0.2149980068206787
0.2229604721069336
0.1999983787536621
0.2050018310546875
0.21547913551330566
0.3019869327545166
0.5070061683654785
0.2334911823272705
0.19299960136413574
0.20299887657165527
0.20000195503234863
0.20252370834350586
0.2185194492340088
0.21385741233825684
0.2109990119934082
0.18898797035217285
0.199998140335083
0.1940016746520996
0.20200300216674805
0.19199538230895996
0.204970121383667
0.20399975776672363
0.21852564811706543
0.22051405906677246
0.20652246475219727
0.19652009010314941
0.19900226593017578
0.19452404975891113
0.19905304908752441
0.2051091194152832
0.20553874969482422
0.21454572677612305
0.1984109878540039
0.194993257522583
0.19751548767089844
0.2015392780303955
0.20354580879211426
0.19946527481079102
0.1939992904663086
0.19100308418273926
0.19800043106079102
0.19299888610839844
0.19600605964660645
0.19400382041931152
0.2069993019104004
0.19470691680908203
0.19500064849853516
0.2109966278076172
0.20493412017822266
0.19167518615722656
0.2056722640991211
0.19699430465698242
0.20200324058532715
0.19300055503845215
0.1920011043548584
0.19869494438171387
0.20563578605651855
0.19965124130249023
0.20673537254333496
0.1987321376800537
0.20308589935302734
0.19800686836242676
0.22400760650634766
0.19065356254577637
0.19199824333190918
0.19752955436706543
0.1975259780883789
0.19100356101989746
0.1920006275177002
0.19899654388427734
0.2000277042388916
0.1959989070892334
0.19500041007995605
0.25200700759887695
0.25400829315185547
0.21999621391296387
0.2030048370361328
0.19252753257751465
0.21505451202392578
0.22005772590637207
0.21605777740478516
0.197998046875
0.2030019760131836
0.21799588203430176
0.19399523735046387
0.21327733993530273
0.19526267051696777
0.19300007820129395
0.19099736213684082
0.1925182342529297
0.19800996780395508
0.21053695678710938
0.2175438404083252
0.1915416717529297
0.1965501308441162
0.18799757957458496
0.20700478553771973
0.1930098533630371
0.1940014362335205
0.2019977569580078
0.19699954986572266
0.19300055503845215
0.1959991455078125
0.1905367374420166
0.20399689674377441
0.24898719787597656
0.25299763679504395
0.26099610328674316
0.18910717964172363
0.2030014991760254
0.1929914951324463
0.19500374794006348
0.20098471641540527
0.2030038833618164
0.2080075740814209
0.20899367332458496
0.24866795539855957
0.2236649990081787
0.18999052047729492
0.20493769645690918
0.19746685028076172
0.21247506141662598
0.28252124786376953
0.20452332496643066
0.25052332878112793
0.27952075004577637
0.27304887771606445
0.2620561122894287
0.2895328998565674
0.2243642807006836
0.20253396034240723
0.19400644302368164
0.23654413223266602
0.2030043601989746
0.20099806785583496
0.1951122283935547
0.19699788093566895
0.21100759506225586
0.20399785041809082
0.20105385780334473
0.192000150680542
0.19362092018127441
0.1935288906097412
0.20352506637573242
0.21307134628295898
0.24206852912902832
0.1920030117034912
0.2375173568725586
0.21051502227783203
0.1945178508758545
0.19400453567504883
0.21166658401489258
0.21199774742126465
0.19100046157836914
0.1985340118408203
0.20252394676208496
0.2165219783782959
0.18756675720214844
0.19100308418273926
0.19700264930725098
0.20261931419372559
0.19827723503112793
0.19800424575805664
0.1969912052154541
0.19700407981872559
0.1920022964477539
0.19053149223327637
0.19953632354736328
0.19199776649475098
0.2050004005432129
0.19100093841552734
0.2049100399017334
0.19617080688476562
0.23171401023864746
0.23353219032287598
0.1939995288848877
0.1943497657775879
0.2115311622619629
0.21252751350402832
0.1946544647216797
0.19300246238708496
0.19353842735290527
0.19700121879577637
0.19553136825561523
0.19353485107421875
0.19899797439575195
0.19699358940124512
0.21199631690979004
0.20999693870544434
0.21199822425842285
0.22100543975830078
0.1920008659362793
0.21532773971557617
0.20891642570495605
0.1880049705505371
0.2008357048034668
0.19584202766418457
0.2069988250732422
0.19450902938842773
0.20605039596557617
0.20453262329101562
0.1955249309539795
0.19600200653076172
0.19952893257141113
0.19953036308288574
0.1999969482421875
0.19653868675231934
0.19454646110534668
0.1975395679473877
0.19900989532470703
0.19800305366516113
0.20200181007385254
0.21199321746826172
0.20199918746948242
0.19361639022827148
0.19614744186401367
0.20299434661865234
0.18999934196472168
0.21399617195129395
0.19466209411621094
0.19304895401000977
0.20505785942077637
0.19300055503845215
0.20099878311157227
0.19500160217285156
0.1979968547821045
0.19165706634521484
0.19605088233947754
0.18704438209533691
0.19284653663635254
0.20100808143615723
0.22999811172485352
0.23600029945373535
0.20232582092285156
0.18999934196472168
0.1952664852142334
0.19945502281188965
0.20044589042663574
0.19699931144714355
0.188995361328125
0.1995408535003662
0.21808838844299316
0.19869065284729004
0.19406652450561523
0.19153857231140137
0.19199442863464355
0.19103479385375977
0.19299769401550293
0.1950216293334961
0.20200014114379883
0.19699835777282715
0.23798608779907227
0.22698664665222168
0.22497963905334473
0.20799827575683594
0.20199942588806152
0.20600485801696777
0.19774150848388672
0.19299578666687012
0.19799280166625977
0.19598960876464844
0.2010040283203125
0.19000244140625
0.2530028820037842
0.2010045051574707
0.19998764991760254
0.2140042781829834
0.21900701522827148
0.20599865913391113
0.18715405464172363
0.19700145721435547
0.2350022792816162
0.5525486469268799
0.1895434856414795
0.1920013427734375
0.20899629592895508
0.21000123023986816
0.1959984302520752
0.2045447826385498
0.19952750205993652
0.21552395820617676
0.19801020622253418
0.19460630416870117
0.20699119567871094
0.21052813529968262
0.21253204345703125
0.2000589370727539
0.20205926895141602
0.1961824893951416
0.20507049560546875
0.19900202751159668
0.20800089836120605
0.21399688720703125
0.21500062942504883
0.21499967575073242
0.20800375938415527
0.20200014114379883
0.2040090560913086
0.19999980926513672
0.20000982284545898
0.27805376052856445
0.2410752773284912
0.18972516059875488
0.20803189277648926
0.2027583122253418
0.24972820281982422
0.25573062896728516
0.20372772216796875
0.20253682136535645
0.21054434776306152
0.22053790092468262
0.207533597946167
0.2175297737121582
0.20154523849487305
0.20607924461364746
0.20754504203796387
0.20953035354614258
0.20452046394348145
0.20353078842163086
0.20099449157714844
0.20852303504943848
0.2180004119873047
0.21000146865844727
0.2100069522857666
0.22432208061218262
0.21999764442443848
0.19500112533569336
0.19899988174438477
0.2315220832824707
0.22652482986450195
0.19400477409362793
0.20599365234375
0.19999217987060547
0.24951457977294922
0.25151824951171875
0.22452521324157715
0.19452667236328125
0.20600342750549316
0.20299863815307617
0.2005605697631836
0.21052932739257812
0.21200180053710938
0.20799756050109863
0.20552396774291992
0.2060070037841797
0.19899916648864746
0.28421926498413086
0.2220001220703125
0.19501948356628418
0.24857139587402344
0.20452880859375
0.213043212890625
0.19886565208435059
0.19838953018188477
0.20339226722717285
0.2032761573791504
0.20468854904174805
0.21142339706420898
0.21000194549560547
0.1999964714050293
0.18921256065368652
0.19752979278564453
0.21199321746826172
0.21500277519226074
0.19900131225585938
0.19500207901000977
0.1939866542816162
0.20099973678588867
0.19086480140686035
0.2047412395477295
0.1937570571899414
0.20099711418151855
0.19999957084655762
0.19400477409362793
0.1920020580291748
0.19129729270935059
0.202894926071167
0.19958734512329102
0.19916939735412598
0.2051999568939209
0.19900226593017578
0.19300055503845215
0.19063735008239746
0.22357654571533203
0.1999969482421875
0.20199847221374512
0.19198369979858398
0.19565033912658691
0.19664645195007324
0.20587396621704102
0.19787335395812988
0.2019948959350586
0.1960446834564209
0.19503307342529297
0.20099997520446777
0.19899916648864746
0.19765520095825195
0.19400238990783691
0.20252561569213867
0.2015373706817627
0.19001555442810059
0.19299840927124023
0.20052504539489746
0.19900202751159668
0.1915428638458252
0.20054340362548828
0.19199705123901367
0.2025291919708252
0.19652462005615234
0.19900774955749512
0.19101166725158691
0.19699931144714355
0.18808317184448242
0.2149977684020996
0.197005033493042
0.19899940490722656
0.19729375839233398
0.21654629707336426
0.19715642929077148
0.1921522617340088
0.1991581916809082
0.20200109481811523
0.19453716278076172
0.20099735260009766
0.19300031661987305
0.20699620246887207
0.20000243186950684
0.1970233917236328
0.1931312084197998
0.19458889961242676
0.19701004028320312
0.2050027847290039
0.19300389289855957
0.1940009593963623
0.1929924488067627
0.20313525199890137
0.207991361618042
0.19800949096679688
0.19900178909301758
0.1940021514892578
0.19995856285095215
0.22595596313476562
0.2049541473388672
0.18752145767211914
0.18852686882019043
0.1920161247253418
0.19499778747558594
0.22052502632141113
0.21452760696411133
0.20100140571594238
0.2160053253173828
0.1990056037902832
0.19711947441101074
0.4160003662109375
0.19800329208374023
0.19799304008483887
0.21251511573791504
0.19456148147583008
0.20009279251098633
0.22153353691101074
0.2069988250732422
0.20499873161315918
0.2000293731689453
0.2911844253540039
0.19500470161437988
0.3430023193359375
0.1940007209777832
0.2180006504058838
0.21297883987426758
0.1949911117553711
0.1939995288848877
3.1987977027893066
0.19799351692199707
0.21852421760559082
0.20499444007873535
0.20299458503723145
0.19423246383666992
0.1959993839263916
0.21115899085998535
0.2160046100616455
0.19799304008483887
0.20553874969482422
0.21355509757995605
0.22255825996398926
0.1979975700378418
0.21307945251464844
0.20607233047485352
0.1925344467163086
0.19499945640563965
0.19852948188781738
0.19100236892700195
0.19501209259033203
0.1920018196105957
0.19900274276733398
0.19700169563293457
0.20600438117980957
0.20400047302246094
0.19553303718566895
0.21252727508544922
0.19118142127990723
0.21376395225524902
0.2011852264404297
0.1911296844482422
0.19200515747070312
0.19300031661987305
0.21199727058410645
0.22099757194519043
0.1959986686706543
0.19600534439086914
0.19299721717834473
0.1940014362335205
0.19559025764465332
0.19275784492492676
0.19414639472961426
0.20001816749572754
0.21500205993652344
0.2140040397644043
0.21751141548156738
0.19851922988891602
0.19102025032043457
0.1929912567138672
0.1959984302520752
0.19699859619140625
0.21716570854187012
0.202012300491333
0.20700788497924805
0.1939091682434082
0.2929072380065918
0.19982647895812988
0.1939995288848877
0.20500421524047852
0.19800496101379395
0.19306421279907227
0.20305824279785156
0.19499802589416504
0.1979963779449463
0.20136189460754395
0.1998746395111084
0.2003180980682373
0.19900250434875488
0.1950070858001709
0.19482803344726562
0.19900178909301758
0.19454717636108398
0.2165372371673584
0.22353720664978027
0.19107794761657715
0.20358562469482422
0.194535493850708
0.19499540328979492
0.18652081489562988
0.1950061321258545
0.20400166511535645
0.20499897003173828
0.19211339950561523
0.1955275535583496
0.20000505447387695
0.2799961566925049
0.2019970417022705
0.20200133323669434
0.19249510765075684
0.19391250610351562
0.20006775856018066
0.2097158432006836
0.21071124076843262
0.19898200035095215
0.20000243186950684
0.20055198669433594
0.19754981994628906
0.18798327445983887
0.19398999214172363
0.18953824043273926
0.20000457763671875
0.31200075149536133
0.1939997673034668
0.19699573516845703
0.20399713516235352
0.20899438858032227
0.19299697875976562
0.19389748573303223
0.1945197582244873
0.19559979438781738
0.19860148429870605
0.19052672386169434
0.21435546875
0.21635985374450684
0.19299840927124023
0.20599889755249023
0.19414734840393066
0.20097637176513672
