0.21004986763000488
0.21296000480651855
0.19005322456359863
0.19263029098510742
0.19870901107788086
0.1927189826965332
0.20116448402404785
0.23195981979370117
0.19246244430541992
0.19791364669799805
0.2003798484802246
0.21193432807922363
0.19549798965454102
0.1971268653869629
0.1988387107849121
0.20331335067749023
0.19321632385253906
0.19418120384216309
0.19050383567810059
0.1879899501800537
0.19535398483276367
0.19883441925048828
0.23079156875610352
0.21013712882995605
0.19138431549072266
0.19754743576049805
0.20698904991149902
0.1946113109588623
0.1918654441833496
0.20040178298950195
0.19025492668151855
0.19741582870483398
0.19849824905395508
0.19901680946350098
0.19452261924743652
0.1924576759338379
0.2201545238494873
0.1891632080078125
0.18680453300476074
0.1917736530303955
0.1989293098449707
0.19466829299926758
0.18637394905090332
0.19318175315856934
0.21851253509521484
0.1999669075012207
0.19444727897644043
0.19197320938110352
0.19362115859985352
0.19347620010375977
0.18941640853881836
0.1936354637145996
0.1958010196685791
0.1912860870361328
0.1926257610321045
0.21737146377563477
0.21739983558654785
0.19427824020385742
0.19168353080749512
0.21198225021362305
0.19013452529907227
0.22101974487304688
0.192549467086792
0.1926281452178955
0.1903688907623291
0.19075417518615723
0.19633221626281738
0.19378423690795898
0.22785425186157227
0.21204805374145508
0.32480692863464355
0.19610261917114258
0.19484782218933105
0.18875741958618164
0.1876049041748047
0.19397854804992676
0.1999061107635498
0.204240083694458
0.18659424781799316
0.18993592262268066
0.19329214096069336
0.20444893836975098
0.2021193504333496
0.1932530403137207
0.19087481498718262
0.19298505783081055
0.19034290313720703
0.19025540351867676
0.19213461875915527
0.19705915451049805
0.1991558074951172
0.19489097595214844
0.19219517707824707
0.1963818073272705
0.1856069564819336
0.19345760345458984
0.2053685188293457
0.2402637004852295
0.20010662078857422
0.19701194763183594
0.19279909133911133
0.20960378646850586
0.18976902961730957
0.19844889640808105
0.19893121719360352
0.19208312034606934
0.1959686279296875
0.19500255584716797
0.19297122955322266
0.22090697288513184
0.1990818977355957
0.19115614891052246
0.19291424751281738
0.19236207008361816
0.19156646728515625
0.19731998443603516
0.20440411567687988
0.20638728141784668
0.18945932388305664
0.20234990119934082
0.19393563270568848
0.19415974617004395
0.18967890739440918
0.19723248481750488
0.1960597038269043
0.1978006362915039
0.1976182460784912
0.19108843803405762
0.19398832321166992
0.20125699043273926
0.2035233974456787
0.22141504287719727
0.19230413436889648
0.2014026641845703
0.2081296443939209
0.2060236930847168
0.1942310333251953
0.19817829132080078
0.18550324440002441
0.1895146369934082
0.19248628616333008
0.21578145027160645
0.19616031646728516
0.19120526313781738
0.18941926956176758
0.2034168243408203
0.19420719146728516
0.198350191116333
0.19929051399230957
0.19293594360351562
0.19820094108581543
0.1974329948425293
0.1986219882965088
0.19237184524536133
0.19651579856872559
0.19919061660766602
0.19361639022827148
0.18881964683532715
0.19678997993469238
0.19452214241027832
0.19031119346618652
0.18827176094055176
0.19385194778442383
0.19469165802001953
0.1983635425567627
0.19101572036743164
0.186906099319458
0.18990135192871094
0.18998932838439941
0.1903829574584961
0.19894099235534668
0.2223355770111084
0.23029303550720215
0.1913297176361084
0.18927931785583496
0.2605445384979248
0.19625020027160645
0.19257616996765137
0.19411921501159668
0.2005770206451416
0.19262003898620605
0.20043587684631348
0.1934061050415039
0.19969892501831055
0.1939375400543213
0.21117830276489258
0.20028376579284668
0.2323141098022461
0.1993863582611084
0.20381641387939453
0.2462921142578125
0.22456979751586914
0.2644953727722168
0.19817018508911133
0.2181539535522461
0.19664788246154785
0.19177532196044922
0.19250941276550293
0.19231390953063965
0.19400477409362793
0.19673800468444824
0.1935291290283203
0.19374990463256836
0.1957550048828125
0.18550634384155273
0.2086169719696045
0.19717955589294434
0.1933436393737793
0.19333505630493164
0.20716309547424316
0.18828177452087402
0.20189738273620605
0.20166993141174316
0.19309401512145996
0.2055222988128662
0.19708991050720215
0.1935746669769287
0.19478416442871094
0.19604229927062988
0.19026803970336914
0.1920766830444336
0.1929023265838623
0.1894819736480713
0.19083905220031738
0.2045760154724121
0.22168874740600586
0.22267723083496094
0.19933724403381348
0.19424033164978027
0.1962146759033203
0.19524693489074707
0.19812226295471191
0.19324445724487305
0.19803619384765625
0.2058560848236084
0.19499635696411133
0.20295023918151855
0.19218230247497559
0.18949651718139648
0.18807625770568848
0.20528602600097656
0.1907198429107666
0.20650315284729004
0.19156575202941895
0.19954943656921387
0.21129894256591797
0.19579768180847168
0.18570613861083984
0.19013023376464844
0.19256114959716797
0.2073071002960205
0.19828081130981445
0.19689559936523438
0.19537687301635742
0.20628666877746582
0.19168925285339355
0.19116973876953125
0.19894981384277344
0.2014141082763672
0.18745851516723633
0.19119048118591309
0.19003915786743164
0.19300389289855957
0.19443202018737793
0.19019722938537598
0.19939136505126953
0.2029886245727539
0.1914374828338623
0.18863201141357422
0.1947190761566162
0.19205474853515625
0.31417322158813477
0.19250845909118652
0.21368122100830078
0.18933701515197754
0.3226175308227539
0.19292783737182617
0.18765640258789062
0.19798946380615234
0.18772220611572266
0.1940324306488037
0.21258950233459473
0.20207905769348145
0.19187450408935547
0.18723082542419434
0.1906874179840088
0.1976470947265625
0.19028687477111816
0.18957877159118652
0.19203686714172363
0.19046902656555176
0.18645071983337402
0.20273780822753906
0.19093036651611328
0.19138550758361816
0.19223737716674805
0.19091796875
0.1922450065612793
0.1940019130706787
0.1963512897491455
0.19301176071166992
0.19420456886291504
0.20210886001586914
0.20718836784362793
0.19719314575195312
0.1994035243988037
0.19373846054077148
0.19239568710327148
0.19649529457092285
0.19726991653442383
0.21515369415283203
0.20299220085144043
0.21525788307189941
0.18944549560546875
0.18970823287963867
0.19181346893310547
0.19170427322387695
0.19386696815490723
0.1941838264465332
0.21264171600341797
0.21365118026733398
0.20771217346191406
0.27733492851257324
0.19699788093566895
0.18590259552001953
0.20394277572631836
0.18658113479614258
0.18818306922912598
0.19725871086120605
0.19260239601135254
0.19011592864990234
0.1889958381652832
0.19399738311767578
0.19095945358276367
0.19447588920593262
0.1915283203125
0.18946313858032227
0.1910247802734375
0.1942293643951416
0.18841147422790527
0.19136881828308105
0.19386029243469238
0.18894648551940918
0.19115376472473145
0.1976182460784912
0.1961982250213623
0.2124042510986328
0.20360159873962402
0.19429397583007812
0.18819642066955566
0.19438886642456055
0.19388461112976074
0.207566499710083
0.1970069408416748
0.19755291938781738
0.26311707496643066
0.1970045566558838
0.1973106861114502
0.19508624076843262
0.193817138671875
0.19087791442871094
0.21064496040344238
0.1878528594970703
0.300015926361084
0.19108796119689941
0.2090167999267578
0.18912458419799805
0.1882307529449463
0.1888716220855713
0.19435763359069824
0.20364975929260254
0.20261669158935547
0.23398947715759277
0.19427990913391113
0.2006523609161377
0.23787975311279297
0.1977696418762207
0.20428133010864258
0.1982893943786621
0.2080402374267578
0.1970970630645752
0.19239497184753418
0.1866157054901123
0.19167137145996094
0.2877817153930664
0.31760334968566895
0.21870183944702148
0.2167341709136963
0.20163464546203613
0.1918797492980957
0.1984844207763672
0.19022583961486816
0.2050306797027588
0.2163984775543213
0.19847488403320312
0.19022059440612793
0.18777108192443848
0.19971203804016113
0.1940290927886963
0.21869182586669922
0.19542789459228516
0.19411802291870117
0.19489383697509766
0.18869829177856445
0.19233298301696777
0.1895616054534912
0.1881999969482422
0.19170212745666504
0.19658136367797852
0.19396042823791504
0.189955472946167
0.1928563117980957
0.19728755950927734
0.19455456733703613
0.19300079345703125
0.19077396392822266
0.19136285781860352
0.19998860359191895
0.18940138816833496
0.19287395477294922
0.2008836269378662
0.19220185279846191
0.19597268104553223
0.19309282302856445
0.19048285484313965
0.19792532920837402
0.20345568656921387
0.19557833671569824
0.1918632984161377
0.19098138809204102
0.1976938247680664
0.1865241527557373
0.2580087184906006
0.3424570560455322
0.27321720123291016
0.18940210342407227
0.19342279434204102
0.25242066383361816
0.18886971473693848
0.19410276412963867
0.1951277256011963
0.19547390937805176
0.1915605068206787
0.3368093967437744
0.20862436294555664
0.1905224323272705
0.18859386444091797
0.1889815330505371
0.19128012657165527
0.19269227981567383
0.20028138160705566
0.1937394142150879
0.1996443271636963
0.21960854530334473
0.19889044761657715
0.20488524436950684
0.1957385540008545
0.19163060188293457
0.19646835327148438
0.19600129127502441
0.1975696086883545
0.18956494331359863
0.19777393341064453
0.20655512809753418
0.19372820854187012
0.20003819465637207
0.2088921070098877
0.19397354125976562
0.19523215293884277
0.19265031814575195
0.19163870811462402
0.18794775009155273
0.19587492942810059
0.1920480728149414
0.20169758796691895
0.25492072105407715
0.19103360176086426
0.2063300609588623
0.19440126419067383
0.19559764862060547
0.19276976585388184
0.18958330154418945
0.1945514678955078
0.18945026397705078
0.18949151039123535
0.19004511833190918
0.20008349418640137
0.205000638961792
0.2009737491607666
0.19358134269714355
0.18999934196472168
0.18981695175170898
0.19983339309692383
0.19504880905151367
0.19190502166748047
0.1990361213684082
0.18900108337402344
0.19895100593566895
0.19501280784606934
0.19138073921203613
0.18997764587402344
0.19516468048095703
0.19154691696166992
0.20150041580200195
0.19645261764526367
0.19787168502807617
0.20810794830322266
0.19565629959106445
0.22347259521484375
0.23331761360168457
0.1924304962158203
0.18870878219604492
0.19988465309143066
0.19113636016845703
0.1934032440185547
0.1993398666381836
0.19402861595153809
0.18810629844665527
0.19402742385864258
0.19042229652404785
0.20288705825805664
0.18871784210205078
0.18772625923156738
0.19550085067749023
0.19312715530395508
0.23799538612365723
0.1948535442352295
0.21599698066711426
0.19503092765808105
0.19350600242614746
0.18976402282714844
0.1921389102935791
0.19269967079162598
0.19737863540649414
0.18999266624450684
0.19202613830566406
0.19130802154541016
0.19237494468688965
0.21224069595336914
0.18662667274475098
0.1951892375946045
0.1880795955657959
0.20171236991882324
0.1975109577178955
0.19252705574035645
0.19413065910339355
0.19212841987609863
0.18833541870117188
0.19202017784118652
0.19084811210632324
0.19076943397521973
0.18713951110839844
0.2056746482849121
0.18851280212402344
0.19063735008239746
0.19867730140686035
0.25458598136901855
0.19965362548828125
0.1916489601135254
0.1927649974822998
0.1865394115447998
0.20395159721374512
0.19637203216552734
0.1928253173828125
0.28803205490112305
0.19177865982055664
0.19404172897338867
0.19583988189697266
0.19657325744628906
0.19556665420532227
0.1930983066558838
0.1885662078857422
0.19872045516967773
0.24413204193115234
0.21714568138122559
0.18884658813476562
0.19074797630310059
0.20002985000610352
0.18908476829528809
0.192979097366333
0.25189757347106934
0.19919848442077637
0.1864168643951416
0.19953370094299316
0.20840978622436523
0.20200514793395996
0.194749116897583
0.1919727325439453
0.1909770965576172
0.1914992332458496
0.19016432762145996
0.19121241569519043
0.19082021713256836
0.18984270095825195
0.1893758773803711
0.20261216163635254
0.19429421424865723
0.19069933891296387
0.19208025932312012
0.1983034610748291
0.20363879203796387
0.1897904872894287
0.1970822811126709
0.18793010711669922
0.21029257774353027
0.18940353393554688
0.2008194923400879
0.1915912628173828
0.20924115180969238
0.20034098625183105
0.20747613906860352
0.24528717994689941
0.20632386207580566
0.22565841674804688
0.21160531044006348
0.1938788890838623
0.18575215339660645
0.1912691593170166
0.18917346000671387
0.19399714469909668
0.18932509422302246
0.18968701362609863
0.1948552131652832
0.20171904563903809
0.22544622421264648
0.18870067596435547
0.20619845390319824
0.19254255294799805
0.1997218132019043
0.19253206253051758
0.19926190376281738
0.201979398727417
0.20117545127868652
0.18998169898986816
0.1960163116455078
0.18970513343811035
0.19350123405456543
0.19153738021850586
0.2963218688964844
0.19435477256774902
0.19162511825561523
0.20325112342834473
0.18779826164245605
0.19023418426513672
0.1986079216003418
0.23735857009887695
0.19152212142944336
0.19451379776000977
0.19482922554016113
0.19123601913452148
0.1999061107635498
0.19011306762695312
0.18979883193969727
0.1932687759399414
0.19797968864440918
0.20898938179016113
0.20116829872131348
0.19274067878723145
0.2049567699432373
0.1927170753479004
0.18903112411499023
0.19687604904174805
0.19029927253723145
0.24133825302124023
0.19854974746704102
0.21360993385314941
0.1890416145324707
0.19864964485168457
0.1974012851715088
0.18737339973449707
0.1904008388519287
0.2038729190826416
0.1956634521484375
0.19562220573425293
0.1969285011291504
0.195997953414917
0.19301605224609375
0.19618654251098633
0.19631600379943848
0.2138988971710205
0.20689129829406738
0.19289922714233398
0.19555139541625977
0.1946868896484375
0.1995100975036621
0.19767522811889648
0.19123625755310059
0.20839667320251465
0.19752955436706543
0.21541118621826172
0.19904184341430664
0.1879408359527588
0.19144868850708008
0.19185519218444824
0.19085264205932617
0.18854212760925293
0.19286417961120605
0.1948530673980713
0.21354126930236816
0.1945810317993164
0.20212340354919434
0.19073081016540527
0.2143406867980957
0.20633840560913086
0.19021320343017578
0.20992493629455566
0.19530725479125977
0.23275208473205566
0.24301767349243164
0.1983959674835205
0.1896047592163086
0.20880365371704102
0.19720673561096191
0.19403672218322754
0.20499062538146973
0.19971895217895508
3.192185401916504
0.2589988708496094
0.19401788711547852
0.18843698501586914
0.19492650032043457
0.1924901008605957
0.19954299926757812
0.19744586944580078
0.20032119750976562
0.18967700004577637
0.1975383758544922
0.2005760669708252
0.19358086585998535
0.19048810005187988
0.20312929153442383
0.19158720970153809
0.3429257869720459
0.19299650192260742
0.19501090049743652
0.19423246383666992
0.19753003120422363
0.19059538841247559
0.20404744148254395
0.1959691047668457
0.1996312141418457
0.1896524429321289
0.19130444526672363
0.19783949851989746
0.2017052173614502
0.19366240501403809
0.19484877586364746
0.18800067901611328
0.25442051887512207
0.19654273986816406
0.19781279563903809
0.18565773963928223
0.18892312049865723
0.1953446865081787
0.19398903846740723
0.1920170783996582
0.1920182704925537
0.18691682815551758
0.1871166229248047
0.20679211616516113
0.19705724716186523
0.19730544090270996
0.18832755088806152
0.1905205249786377
0.2174835205078125
0.1936500072479248
0.20128893852233887
0.1908731460571289
0.18900847434997559
0.1934800148010254
0.1901230812072754
0.20517563819885254
0.19116926193237305
0.19377493858337402
0.1969013214111328
0.1929306983947754
0.19084906578063965
0.1885850429534912
0.19272685050964355
0.19239187240600586
0.19485044479370117
0.18999004364013672
0.18741655349731445
0.20595288276672363
0.20100140571594238
0.19371867179870605
0.194596529006958
0.19121718406677246
0.20365548133850098
0.19189906120300293
0.19141507148742676
0.20330500602722168
0.19089841842651367
0.20244550704956055
0.19448447227478027
0.20412850379943848
0.19319725036621094
0.19448208808898926
0.23033547401428223
0.19167661666870117
0.19670438766479492
0.22095775604248047
0.21915316581726074
0.19088172912597656
0.1927964687347412
0.19399404525756836
0.1965174674987793
0.2038440704345703
0.19319796562194824
0.21934938430786133
0.2252058982849121
0.232771635055542
0.25589680671691895
0.2040393352508545
0.21602129936218262
0.19823002815246582
0.19536066055297852
0.20578932762145996
0.19312191009521484
0.18946361541748047
0.20296788215637207
0.1905989646911621
0.19515776634216309
0.19404029846191406
0.20405220985412598
0.23217272758483887
0.19164013862609863
0.19189023971557617
0.20739507675170898
0.19381475448608398
0.19176220893859863
0.1938621997833252
0.19182157516479492
0.19875502586364746
0.20211505889892578
0.19597554206848145
0.19287371635437012
0.22704410552978516
0.31849241256713867
0.19334816932678223
0.19315338134765625
0.19195008277893066
0.1896510124206543
0.196120023727417
0.21889591217041016
0.19245529174804688
0.19285225868225098
0.19311738014221191
0.20669078826904297
0.1922147274017334
0.21495366096496582
0.18910956382751465
0.19400668144226074
0.19032740592956543
0.1891789436340332
0.18915796279907227
0.19714570045471191
0.19614624977111816
0.2169785499572754
0.23418855667114258
0.18761157989501953
0.1878666877746582
0.19969534873962402
0.18961048126220703
0.19896984100341797
0.1941840648651123
0.19332599639892578
0.23797130584716797
0.19310569763183594
0.1943950653076172
0.2020256519317627
0.20298147201538086
0.1950984001159668
0.19186997413635254
0.18808412551879883
0.2010021209716797
0.19596266746520996
0.20211243629455566
0.22989535331726074
0.2571229934692383
0.19771122932434082
0.20580434799194336
0.1977558135986328
0.19547057151794434
0.19342947006225586
0.24231743812561035
0.19143390655517578
0.2044522762298584
0.1984691619873047
0.21590375900268555
0.1918332576751709
0.2752549648284912
0.21401572227478027
0.1970691680908203
0.20048236846923828
0.2009744644165039
0.19768619537353516
0.19261884689331055
0.1899416446685791
0.18916654586791992
0.1979994773864746
0.1904439926147461
0.1939682960510254
0.18759751319885254
0.19260573387145996
0.19606804847717285
0.18856549263000488
0.19670891761779785
0.19796109199523926
0.19999980926513672
0.20909643173217773
0.22729063034057617
0.19152092933654785
0.22549772262573242
0.19360685348510742
0.23085975646972656
0.19804096221923828
0.19219589233398438
0.1926131248474121
0.1885538101196289
0.19314217567443848
0.19278430938720703
0.19556212425231934
0.20579195022583008
0.18857765197753906
0.1907508373260498
0.18996429443359375
0.1924736499786377
0.1904306411743164
0.19419455528259277
0.19454455375671387
0.19297266006469727
0.19017314910888672
0.19425225257873535
0.18693280220031738
0.19305181503295898
0.18857717514038086
0.21580934524536133
0.22481703758239746
0.19051671028137207
0.18841290473937988
0.192671537399292
0.20261931419372559
0.19371438026428223
0.19363999366760254
0.1904439926147461
0.19106006622314453
0.1905672550201416
0.19159936904907227
0.1896200180053711
0.2071058750152588
0.1924121379852295
0.21075153350830078
0.1994791030883789
0.1889662742614746
0.19705510139465332
0.19157195091247559
0.19137835502624512
0.20101165771484375
0.19611716270446777
0.26261234283447266
0.19930028915405273
0.19191980361938477
0.19336748123168945
0.19849538803100586
0.1929929256439209
0.19298696517944336
0.2005467414855957
0.19724249839782715
0.20685338973999023
0.19463086128234863
0.2042233943939209
0.41841602325439453
0.19761180877685547
0.1915740966796875
0.34659361839294434
0.19641947746276855
0.19299840927124023
0.19341373443603516
0.19904136657714844
0.21966052055358887
0.19110417366027832
0.19206023216247559
0.1919848918914795
0.20000171661376953
0.19194364547729492
0.1939983367919922
0.19010162353515625
0.19170928001403809
0.19154715538024902
0.1964249610900879
0.19181203842163086
0.19457626342773438
0.1887061595916748
0.2183856964111328
0.19084572792053223
0.20791053771972656
0.21890878677368164
0.1988968849182129
0.30989527702331543
0.23966097831726074
0.1925516128540039
0.19630217552185059
0.1960437297821045
0.1916041374206543
0.19217658042907715
0.19040989875793457
0.19220590591430664
0.19234037399291992
0.1921391487121582
0.19825959205627441
0.19225764274597168
0.19528889656066895
0.21920347213745117
0.1956949234008789
0.2138690948486328
0.1899721622467041
0.20319414138793945
0.24434590339660645
0.20555496215820312
0.19869112968444824
0.19136285781860352
0.188582181930542
0.19033265113830566
0.1929643154144287
0.19420814514160156
0.193650484085083
0.20043706893920898
0.20332860946655273
0.18759584426879883
0.1885087490081787
0.19190073013305664
0.1934497356414795
0.1901092529296875
0.19928646087646484
0.19379305839538574
0.21842074394226074
0.1950070858001709
0.19584369659423828
0.2001662254333496
0.19089007377624512
0.18364953994750977
0.1930239200592041
0.20051169395446777
0.19309306144714355
0.19263935089111328
0.1868114471435547
0.1973111629486084
0.19006657600402832
0.20325660705566406
0.2001042366027832
0.19392037391662598
0.19022631645202637
0.19137859344482422
0.1878049373626709
0.20205330848693848
0.194077730178833
0.18947720527648926
0.19431614875793457
0.19027352333068848
0.1965351104736328
0.19306492805480957
0.2690141201019287
0.18897008895874023
0.19738006591796875
0.20897150039672852
0.19183874130249023
0.19275403022766113
0.19556021690368652
0.23119735717773438
0.1890394687652588
0.18823814392089844
0.193345308303833
0.2933652400970459
0.2163846492767334
0.19943833351135254
0.21352601051330566
0.18894481658935547
0.19055843353271484
0.1963043212890625
0.1917881965637207
0.18784642219543457
0.18796110153198242
0.19424080848693848
0.5190181732177734
0.21321606636047363
0.2955057621002197
0.19394659996032715
0.2355642318725586
0.19696617126464844
0.20241475105285645
0.19562745094299316
0.20252704620361328
0.19452881813049316
0.18776869773864746
0.19199585914611816
0.1959705352783203
0.19014692306518555
0.19836759567260742
0.194960355758667
0.19014978408813477
0.19405150413513184
0.2704582214355469
0.19111180305480957
0.18935942649841309
0.19577407836914062
0.23854970932006836
0.19379091262817383
0.18750286102294922
0.1917738914489746
0.19546222686767578
0.18923258781433105
0.1912212371826172
0.20931386947631836
0.20218110084533691
0.19460463523864746
0.1934833526611328
0.1972665786743164
0.20199251174926758
0.19648098945617676
0.19232463836669922
0.19580507278442383
0.19440388679504395
0.18950271606445312
0.19420576095581055
0.19288396835327148
0.18962764739990234
0.18893003463745117
0.1979665756225586
0.20197725296020508
0.18851637840270996
0.1889193058013916
0.19312739372253418
0.19312763214111328
0.19307637214660645
0.2379908561706543
0.19897913932800293
0.19381070137023926
0.19557905197143555
0.20218491554260254
0.19775128364562988
0.20201635360717773
0.18825459480285645
0.22036409378051758
0.19417905807495117
0.19068598747253418
0.19637584686279297
0.1894834041595459
0.18988728523254395
0.19125103950500488
0.19081974029541016
0.19384241104125977
0.1886310577392578
0.18547892570495605
0.20515012741088867
0.20290279388427734
0.18840432167053223
0.18590068817138672
0.20618820190429688
0.19289612770080566
0.19151592254638672
0.18693852424621582
0.19576168060302734
0.198563814163208
0.19597291946411133
0.20349407196044922
0.1915733814239502
0.47511839866638184
0.20045781135559082
0.19356060028076172
0.21399831771850586
0.1899738311767578
0.19407343864440918
0.1919727325439453
0.19776630401611328
0.19030404090881348
0.19739675521850586
0.18950319290161133
0.19369864463806152
0.32329487800598145
0.19922280311584473
0.21354222297668457
0.19074773788452148
0.1870276927947998
0.19740056991577148
0.20781183242797852
0.18823456764221191
0.19612860679626465
0.19213080406188965
0.19597697257995605
0.1902458667755127
0.19720172882080078
0.1879880428314209
0.19473671913146973
0.19591784477233887
0.18948674201965332
0.1938011646270752
0.18677997589111328
0.1899094581604004
0.19654107093811035
