0.21352553367614746
0.19105195999145508
0.19972491264343262
0.19006657600402832
0.20200753211975098
0.20201325416564941
0.20856165885925293
0.21704649925231934
0.2779998779296875
0.22800993919372559
0.2010054588317871
0.20900917053222656
0.1975255012512207
0.19553422927856445
0.21352458000183105
0.2915353775024414
0.19301581382751465
0.22700285911560059
0.18953728675842285
0.19354629516601562
0.19500207901000977
0.2109978199005127
0.20997929573059082
0.20801258087158203
0.20800185203552246
0.20453763008117676
0.18753743171691895
0.19041132926940918
0.20099520683288574
0.20374131202697754
0.2099895477294922
0.20229053497314453
0.20799541473388672
0.1900041103363037
0.1950056552886963
0.20009827613830566
0.20399689674377441
0.19152474403381348
0.1995391845703125
0.1985170841217041
0.18953466415405273
0.19200611114501953
0.1885538101196289
0.2350010871887207
0.22900176048278809
0.25399088859558105
0.25298237800598145
0.2139906883239746
0.20353174209594727
0.20799636840820312
0.20800542831420898
0.19698309898376465
0.20006895065307617
0.1986072063446045
0.21399617195129395
0.21000123023986816
0.20901274681091309
0.19699621200561523
0.2245197296142578
0.24057459831237793
0.22762322425842285
0.29259634017944336
0.21899795532226562
0.33600306510925293
0.20598125457763672
0.23400139808654785
0.21056914329528809
0.21355772018432617
0.33856964111328125
0.21499967575073242
0.1995222568511963
0.20653009414672852
0.20900201797485352
0.22499728202819824
0.2395327091217041
0.23352932929992676
0.21152615547180176
0.3045346736907959
0.19900012016296387
0.21006512641906738
0.2070772647857666
0.21506619453430176
0.19550514221191406
0.23999738693237305
0.22799348831176758
0.6619906425476074
0.3970012664794922
0.6780009269714355
0.2460017204284668
0.20201349258422852
0.20700359344482422
0.20998263359069824
0.19196462631225586
0.19811224937438965
0.20800399780273438
0.20500636100769043
0.2109999656677246
0.2030036449432373
0.19552350044250488
0.20006680488586426
0.20699071884155273
0.19199466705322266
0.19552826881408691
0.21353554725646973
0.2095351219177246
0.19953584671020508
0.19404172897338867
0.20201706886291504
0.24700164794921875
0.23800325393676758
0.23800277709960938
0.20400309562683105
0.2030014991760254
0.19698667526245117
0.21802902221679688
0.21200323104858398
0.19999957084655762
0.20899534225463867
0.22298693656921387
0.21799302101135254
0.21699857711791992
0.20700645446777344
0.19701170921325684
0.1959691047668457
0.20154547691345215
0.2125542163848877
0.24901628494262695
0.2780029773712158
0.2080097198486328
0.2019970417022705
0.21198701858520508
0.20100808143615723
0.20200037956237793
0.20499897003173828
0.19808220863342285
0.2089986801147461
0.20253300666809082
0.20600175857543945
0.20499420166015625
0.22600030899047852
0.22499775886535645
0.20178461074829102
0.20498275756835938
0.221998929977417
0.2045454978942871
0.20952296257019043
0.19252681732177734
0.2019948959350586
0.18899846076965332
0.19800090789794922
0.18998980522155762
0.21600008010864258
0.20999646186828613
0.20799684524536133
0.20000839233398438
0.18399763107299805
0.19800257682800293
0.1969928741455078
0.1939983367919922
0.20098185539245605
0.240006685256958
0.21700644493103027
0.24199867248535156
0.25498127937316895
0.24999380111694336
0.20997118949890137
0.20099949836730957
0.19299840927124023
0.19599676132202148
0.19401001930236816
0.2100086212158203
0.228989839553833
0.23099780082702637
0.21065664291381836
0.22266268730163574
0.19399785995483398
0.1959996223449707
0.19595789909362793
0.19400358200073242
0.19099974632263184
0.2090132236480713
0.192002534866333
0.19098830223083496
0.18999910354614258
0.18799924850463867
0.19099712371826172
0.22099590301513672
0.2270035743713379
0.19798874855041504
0.25699281692504883
0.22898435592651367
0.3119995594024658
0.1920020580291748
0.1880042552947998
0.20200037956237793
0.20000219345092773
0.21300125122070312
0.22399330139160156
0.18900418281555176
0.19800448417663574
0.19115924835205078
0.19714021682739258
0.21090435981750488
0.2158656120300293
0.1931002140045166
0.1923835277557373
0.20531177520751953
0.20760583877563477
0.22124147415161133
0.21323370933532715
0.1949748992919922
0.19697976112365723
0.20414113998413086
0.21614789962768555
0.22611236572265625
0.19393491744995117
0.18702149391174316
0.1889820098876953
0.27685976028442383
0.2758638858795166
0.26586055755615234
0.20519351959228516
0.20314407348632812
0.1920454502105713
0.1900169849395752
0.19421076774597168
0.19422364234924316
0.18892168998718262
0.1873459815979004
0.1972954273223877
0.19022822380065918
0.18755435943603516
0.21472859382629395
0.19675707817077637
0.19612360000610352
0.195084810256958
0.19895291328430176
0.20048069953918457
0.18983721733093262
0.21743988990783691
0.2239990234375
0.23000741004943848
0.22196149826049805
0.19099879264831543
0.19694757461547852
0.19137167930603027
0.19479632377624512
0.1845717430114746
0.20376825332641602
0.2025012969970703
0.205458402633667
0.19867277145385742
0.20448875427246094
0.20047831535339355
0.2074885368347168
0.18995380401611328
0.2082843780517578
0.21216702461242676
0.20844674110412598
0.19143939018249512
0.19030284881591797
0.19399523735046387
0.18995213508605957
0.1979966163635254
0.2090303897857666
0.20496821403503418
0.19497442245483398
0.21300625801086426
0.20599985122680664
0.20100021362304688
0.1989908218383789
0.19500517845153809
0.19400548934936523
0.19704747200012207
0.18906521797180176
0.1855912208557129
0.19300007820129395
0.19417977333068848
0.18805313110351562
0.20598411560058594
0.18671464920043945
0.19312429428100586
0.1953573226928711
0.20225238800048828
0.19532299041748047
0.1947038173675537
0.19741153717041016
0.2111835479736328
0.21718883514404297
0.19872474670410156
0.2079451084136963
0.19493961334228516
0.18322157859802246
0.1887671947479248
0.24707674980163574
0.20576691627502441
0.1894240379333496
0.18584537506103516
0.1884596347808838
0.2208554744720459
0.18906688690185547
0.19011783599853516
0.19435381889343262
0.19607305526733398
0.19234848022460938
0.1858539581298828
0.18914341926574707
0.20751667022705078
0.21252202987670898
0.20671963691711426
0.19773507118225098
0.1861100196838379
0.2103743553161621
0.20032119750976562
0.191666841506958
0.21062612533569336
0.25362730026245117
0.2570006847381592
0.25199341773986816
0.19994521141052246
0.20701932907104492
0.19697308540344238
0.19597911834716797
0.2981681823730469
0.4063279628753662
0.5143105983734131
0.19423580169677734
0.6554930210113525
0.18921971321105957
0.1944129467010498
0.21338272094726562
0.1944131851196289
0.2014002799987793
0.1939857006072998
0.1894381046295166
0.18743014335632324
0.19740843772888184
0.19261598587036133
0.18935680389404297
0.23000359535217285
0.18948626518249512
0.18944144248962402
0.19150090217590332
0.1883375644683838
0.18584966659545898
0.19770288467407227
0.19128990173339844
0.20305728912353516
0.20018672943115234
0.20315074920654297
0.18750476837158203
0.19376373291015625
0.18963050842285156
0.18717002868652344
0.19521594047546387
0.20636272430419922
0.18761301040649414
0.1931605339050293
0.21428251266479492
0.19328594207763672
0.18799543380737305
0.19300365447998047
0.18927741050720215
0.1862788200378418
0.18465185165405273
0.18739628791809082
0.21143221855163574
0.2232799530029297
0.19887447357177734
0.1938462257385254
0.18683886528015137
0.1860032081604004
0.1911025047302246
0.20092511177062988
0.1883387565612793
0.2109224796295166
0.20789122581481934
0.19356513023376465
0.2061464786529541
0.19719195365905762
0.1964559555053711
0.20845890045166016
0.2074575424194336
0.188368558883667
0.18834638595581055
0.1967906951904297
0.1959385871887207
0.20527243614196777
0.21326947212219238
0.18984365463256836
0.19685816764831543
0.209028959274292
0.1918323040008545
0.21025681495666504
0.19431781768798828
0.19052934646606445
0.19567322731018066
0.19326305389404297
0.19590306282043457
0.19294524192810059
0.19210171699523926
0.18874526023864746
0.21358442306518555
0.21157407760620117
0.19610929489135742
0.18970370292663574
0.18682456016540527
0.18606257438659668
0.1891789436340332
0.1902916431427002
0.24229907989501953
0.18593049049377441
0.19826698303222656
0.22696876525878906
0.21395206451416016
0.19095492362976074
0.18828511238098145
0.19541168212890625
0.226318359375
0.22432160377502441
0.1883838176727295
0.1919419765472412
0.1918327808380127
0.19461512565612793
0.22800731658935547
0.2240009307861328
0.23483061790466309
0.1864941120147705
0.18859267234802246
0.19436955451965332
0.19107556343078613
0.2061786651611328
0.19297146797180176
0.20380210876464844
0.20640945434570312
0.19657158851623535
0.22301387786865234
0.2191627025604248
0.20716619491577148
0.21399593353271484
0.19316983222961426
0.25917792320251465
0.2084822654724121
0.20348191261291504
0.22648024559020996
0.22648382186889648
0.1955280303955078
0.1941056251525879
0.19282793998718262
0.1895139217376709
0.1932687759399414
0.1943376064300537
0.18985748291015625
0.1866626739501953
0.19063305854797363
0.19688963890075684
0.19822430610656738
0.19321703910827637
0.1876060962677002
0.19463515281677246
0.19704651832580566
0.21597743034362793
0.21211695671081543
0.18402433395385742
0.1905992031097412
0.18593502044677734
0.20329761505126953
0.19426965713500977
0.19199728965759277
0.20872068405151367
0.1997239589691162
0.19687366485595703
0.19187355041503906
0.18860459327697754
0.19483494758605957
0.2084641456604004
0.18751859664916992
0.2239093780517578
0.23193883895874023
0.19591617584228516
0.19004249572753906
0.19194436073303223
0.19124460220336914
0.19476819038391113
0.19899463653564453
0.19129061698913574
0.2008202075958252
0.19118070602416992
0.19714617729187012
0.1921863555908203
0.19254183769226074
0.19016313552856445
0.19299650192260742
0.231123685836792
0.21311569213867188
0.19563817977905273
0.22632074356079102
0.20861005783081055
0.1886451244354248
0.20467615127563477
0.19466423988342285
0.19237685203552246
0.2553129196166992
0.20218873023986816
0.22542977333068848
0.21178936958312988
0.19170069694519043
0.18784523010253906
0.19176268577575684
0.21080279350280762
0.18909358978271484
0.20575642585754395
0.2117316722869873
0.19860005378723145
0.19655847549438477
0.21069097518920898
0.19562983512878418
0.235274076461792
0.2362384796142578
0.2442471981048584
0.18938994407653809
0.19063401222229004
0.20475387573242188
0.20374417304992676
0.19401288032531738
0.2103252410888672
0.21732473373413086
0.21932148933410645
0.18900346755981445
0.19236493110656738
0.2370166778564453
0.19692707061767578
0.19292068481445312
0.2315349578857422
0.19428586959838867
0.1886911392211914
0.20716524124145508
0.20324373245239258
0.19281864166259766
0.2110154628753662
0.20485854148864746
0.18999910354614258
0.1919996738433838
0.1920022964477539
0.19341659545898438
0.19140386581420898
0.19169855117797852
0.2897052764892578
0.19342970848083496
0.20271563529968262
0.2037191390991211
0.1923692226409912
0.20203614234924316
0.19104409217834473
0.19182276725769043
0.19843196868896484
0.19640374183654785
0.20042204856872559
0.19957208633422852
0.1869206428527832
0.19313716888427734
0.1871778964996338
0.23366332054138184
0.22869873046875
0.22768712043762207
0.21868491172790527
0.19125914573669434
0.19481825828552246
0.19573426246643066
0.22549796104431152
0.21152639389038086
0.2075819969177246
0.19196510314941406
0.19100165367126465
0.19699788093566895
0.19258522987365723
0.20046734809875488
0.20163297653198242
0.19668316841125488
0.25728559494018555
0.1930985450744629
0.18607854843139648
0.19840550422668457
0.2271561622619629
0.22420573234558105
0.19783687591552734
0.19771647453308105
0.22002530097961426
0.22503113746643066
0.1880512237548828
0.1916036605834961
0.21104097366333008
0.22404050827026367
0.1852099895477295
0.2099006175994873
0.19994115829467773
0.20493578910827637
0.20311284065246582
0.20810937881469727
0.1873154640197754
0.18619751930236816
0.194535493850708
0.1966724395751953
0.19150424003601074
0.19129180908203125
0.21503019332885742
0.2110133171081543
0.2038271427154541
0.18583202362060547
0.19605302810668945
0.19214367866516113
0.19421100616455078
0.26290035247802734
0.2078230381011963
0.21596646308898926
0.20593547821044922
0.1865687370300293
0.18865418434143066
0.19179630279541016
0.18810105323791504
0.18955755233764648
0.19036030769348145
0.1904139518737793
0.19357895851135254
0.19524598121643066
0.19237256050109863
0.19797468185424805
0.19388794898986816
0.24260210990905762
0.19057464599609375
0.19111108779907227
0.19601798057556152
0.19404816627502441
0.20109939575195312
0.19629764556884766
0.18960809707641602
0.2739372253417969
0.19376182556152344
0.19301462173461914
0.19086980819702148
0.19097304344177246
0.19452905654907227
0.1885209083557129
0.1833019256591797
0.1836864948272705
0.1920309066772461
0.19234228134155273
0.18915367126464844
0.2004697322845459
0.24924325942993164
0.2623131275177002
0.2003023624420166
0.2003014087677002
0.19000601768493652
0.19401836395263672
0.1933732032775879
0.22042107582092285
0.198469877243042
0.1919417381286621
0.18682408332824707
0.19685745239257812
0.20018386840820312
0.20292925834655762
0.19712591171264648
0.20903468132019043
0.18794751167297363
0.19178056716918945
0.19338750839233398
0.19483160972595215
0.25344157218933105
0.19349217414855957
0.19228696823120117
0.1902921199798584
0.19517278671264648
0.1928694248199463
0.18882060050964355
0.2956812381744385
0.4484281539916992
0.4233403205871582
0.19896245002746582
0.19102811813354492
0.19174623489379883
0.19506025314331055
0.20229077339172363
0.19125699996948242
0.19140172004699707
0.19474101066589355
0.202744722366333
0.34470224380493164
0.214263916015625
0.2042384147644043
0.204207181930542
3.217491626739502
0.20263671875
0.3332960605621338
0.20724749565124512
1.248772144317627
0.1983785629272461
0.1922004222869873
1.2215309143066406
0.20583200454711914
0.20400428771972656
0.25790882110595703
0.236893892288208
0.2519185543060303
0.20001006126403809
0.20266032218933105
0.1888113021850586
0.19299626350402832
0.19299578666687012
0.188995361328125
0.19560647010803223
0.19060635566711426
0.19329285621643066
0.210296630859375
0.1886134147644043
0.2300431728363037
0.22205376625061035
0.19102787971496582
0.20205426216125488
0.18924784660339355
0.19523978233337402
0.2143702507019043
0.20832371711730957
0.20932936668395996
0.19509601593017578
0.19523906707763672
0.20946002006530762
0.19939851760864258
0.20414090156555176
0.19299650192260742
0.19469141960144043
0.20996952056884766
0.21797418594360352
0.19034695625305176
0.1908097267150879
0.20938634872436523
0.1983778476715088
0.2027428150177002
0.18977999687194824
0.19191837310791016
0.20014667510986328
0.19383549690246582
0.1953415870666504
0.19476532936096191
0.1898801326751709
0.19315552711486816
0.21279311180114746
0.20079612731933594
0.1935138702392578
0.19585967063903809
0.19295883178710938
0.18451333045959473
0.19498300552368164
0.1952369213104248
0.19369864463806152
0.18863439559936523
0.19634723663330078
0.18864870071411133
0.20185136795043945
0.2422323226928711
0.23129773139953613
0.19327425956726074
0.18734049797058105
0.2000734806060791
0.21403121948242188
0.1940762996673584
1.2116105556488037
0.19712114334106445
0.18588924407958984
0.18987488746643066
0.1950216293334961
0.18601036071777344
0.20998477935791016
0.194016695022583
0.19149518013000488
0.18853139877319336
0.18824553489685059
0.18837213516235352
0.20148134231567383
0.20046114921569824
0.2010021209716797
0.18767881393432617
0.1908864974975586
0.20704221725463867
0.20221495628356934
0.23399853706359863
0.18792128562927246
0.19844293594360352
0.18734526634216309
0.1904916763305664
0.19832777976989746
0.2629282474517822
0.25602269172668457
0.25127458572387695
0.19244146347045898
0.19565081596374512
0.18767189979553223
0.18847942352294922
0.1901552677154541
0.19117069244384766
0.19401144981384277
0.19397282600402832
0.1957416534423828
0.19058632850646973
0.18683838844299316
0.18720579147338867
0.19478487968444824
0.1946732997894287
0.19431495666503906
0.22933244705200195
0.19225573539733887
0.19046664237976074
0.19285917282104492
0.18981099128723145
0.19636964797973633
0.18941664695739746
0.18997836112976074
0.18860530853271484
0.18822669982910156
0.19037723541259766
0.189866304397583
0.1897754669189453
0.19123196601867676
0.19287800788879395
0.21063923835754395
0.20978546142578125
0.20078682899475098
0.19452643394470215
0.2095332145690918
0.19950151443481445
0.21510100364685059
0.2410743236541748
0.19911813735961914
0.20242762565612793
0.21538281440734863
0.21266412734985352
0.22367000579833984
0.19840598106384277
0.20070695877075195
0.1965770721435547
0.20428729057312012
0.19550228118896484
0.18907523155212402
0.18902111053466797
0.20800209045410156
0.18861675262451172
0.1936051845550537
0.20513176918029785
0.19121289253234863
0.1906435489654541
0.18982481956481934
0.20652341842651367
0.21939921379089355
0.18941307067871094
0.19887542724609375
0.2009594440460205
0.18709969520568848
0.18873810768127441
0.18887591361999512
0.19192218780517578
0.19397377967834473
0.20237064361572266
0.19039559364318848
0.18856596946716309
0.19870901107788086
0.21830344200134277
0.1944425106048584
0.20044946670532227
0.20206570625305176
0.20203518867492676
0.19057607650756836
0.2345726490020752
0.21162700653076172
0.19662952423095703
0.18264508247375488
0.18486833572387695
0.19272589683532715
0.20099472999572754
0.20133352279663086
0.20833349227905273
0.19733142852783203
0.18381738662719727
0.18553471565246582
0.1889336109161377
0.18701624870300293
0.2039930820465088
0.21400141716003418
0.19000720977783203
0.1903362274169922
0.1906571388244629
0.22675800323486328
0.21574091911315918
0.2267770767211914
0.1832578182220459
0.18611693382263184
0.19106650352478027
0.1909942626953125
0.19309782981872559
0.19363093376159668
0.18827342987060547
0.19497156143188477
0.19959163665771484
0.19675493240356445
0.2009286880493164
0.49684977531433105
0.22022175788879395
0.19326376914978027
0.22720837593078613
0.22919559478759766
0.19126391410827637
0.1911017894744873
0.18736743927001953
0.1921844482421875
0.19010519981384277
0.2008678913116455
0.19103789329528809
0.19075560569763184
0.19298958778381348
0.1924302577972412
0.2045116424560547
0.19751286506652832
0.21995329856872559
0.19394540786743164
0.2040872573852539
0.19508838653564453
0.2017064094543457
0.21058416366577148
0.18665361404418945
0.1966261863708496
3.2427568435668945
0.20551300048828125
0.25831007957458496
0.18532180786132812
0.21027922630310059
0.19827532768249512
0.20755887031555176
0.1903226375579834
0.20415186882019043
0.1990969181060791
0.20546197891235352
0.1994621753692627
0.1954936981201172
0.1924302577972412
0.19244694709777832
0.18901753425598145
0.18824982643127441
0.1866912841796875
0.19094634056091309
0.46207308769226074
0.22147011756896973
0.2114734649658203
0.24246859550476074
0.18938970565795898
0.19233489036560059
0.18828225135803223
0.1911001205444336
0.2207794189453125
0.2107384204864502
0.23064708709716797
0.20018601417541504
0.19166231155395508
0.222076416015625
0.19413304328918457
0.1890096664428711
0.18998289108276367
0.23157668113708496
0.24360942840576172
0.19780993461608887
0.18604230880737305
0.19298624992370605
0.18900012969970703
0.19217753410339355
0.19234371185302734
0.19382786750793457
0.18735194206237793
0.30318641662597656
0.18664121627807617
0.18855524063110352
0.18824148178100586
3.158679246902466
0.19028687477111816
0.19173932075500488
0.19339370727539062
0.19432830810546875
0.20492100715637207
0.18866515159606934
0.19138264656066895
0.18865370750427246
0.19712090492248535
0.1880021095275879
0.19399046897888184
0.19500136375427246
0.1921072006225586
0.1889171600341797
0.19062280654907227
0.19339942932128906
0.21207976341247559
0.2290816307067871
0.19806671142578125
0.1884007453918457
0.1912403106689453
0.1905517578125
0.18881559371948242
0.210585355758667
0.21639633178710938
0.21838617324829102
0.19632220268249512
0.22287368774414062
0.20792293548583984
0.21139264106750488
0.22807836532592773
0.21921801567077637
0.21821331977844238
0.18848133087158203
0.190047025680542
0.19003558158874512
0.21410369873046875
0.20812535285949707
0.20717072486877441
0.19429659843444824
0.19130229949951172
0.1952803134918213
0.19263648986816406
0.19561767578125
0.2072596549987793
0.18520283699035645
0.18933415412902832
0.19494009017944336
0.18877267837524414
0.18750429153442383
0.19675803184509277
0.19668912887573242
0.19115757942199707
0.1969316005706787
0.19253301620483398
0.20420360565185547
0.19245219230651855
0.19245529174804688
0.1968545913696289
0.19299793243408203
0.21680212020874023
0.21781635284423828
0.18777823448181152
0.19080162048339844
0.19218230247497559
0.1880807876586914
0.19092607498168945
0.196821928024292
0.19493484497070312
0.20548319816589355
0.2034773826599121
0.18907546997070312
0.19437074661254883
0.20995450019836426
0.20613408088684082
0.19828081130981445
0.1970081329345703
0.19270539283752441
0.18868613243103027
0.20064735412597656
0.18473172187805176
0.18972110748291016
0.1912224292755127
0.19176435470581055
0.19297313690185547
0.18805932998657227
0.19494915008544922
0.20192241668701172
0.23996376991271973
0.22698426246643066
0.18900251388549805
0.19400477409362793
0.19306325912475586
0.1920626163482666
0.19266295433044434
0.1963808536529541
0.18845701217651367
0.19482183456420898
0.20579028129577637
0.20078706741333008
0.20100164413452148
0.20200300216674805
0.19771409034729004
0.20865082740783691
0.22030949592590332
0.2121124267578125
0.2044219970703125
0.1955699920654297
0.20545125007629395
0.1943039894104004
0.18692302703857422
0.19102835655212402
0.1912381649017334
0.1944723129272461
0.1919112205505371
0.18630003929138184
0.20896053314208984
0.21615290641784668
0.20247483253479004
0.19110894203186035
0.19953608512878418
0.20139503479003906
0.1975264549255371
0.19147539138793945
0.186906099319458
0.1891331672668457
0.19479036331176758
0.19484996795654297
0.18892860412597656
0.18915224075317383
0.19080471992492676
0.2190868854522705
0.1899259090423584
0.2240910530090332
0.2250971794128418
0.19823265075683594
0.187208890914917
0.19130921363830566
0.1987762451171875
0.18593287467956543
0.2725651264190674
0.20321917533874512
0.21308350563049316
0.1852726936340332
0.21862125396728516
0.19762706756591797
0.18506550788879395
0.18799090385437012
0.1990952491760254
0.2010481357574463
0.20304512977600098
0.211991548538208
0.1931002140045166
0.19930624961853027
0.20360803604125977
0.19100141525268555
0.2188124656677246
0.21594524383544922
0.22401857376098633
0.20499277114868164
0.25699543952941895
0.2194211483001709
0.19174623489379883
0.198899507522583
0.2047572135925293
0.20285701751708984
0.19643425941467285
0.21473217010498047
0.2417442798614502
0.20265626907348633
0.1960909366607666
0.1950681209564209
0.20053720474243164
0.21451783180236816
3.1988513469696045
0.198988676071167
0.2075667381286621
0.19998764991760254
0.19117236137390137
0.1935715675354004
0.19850516319274902
0.20165681838989258
0.20096564292907715
0.19794464111328125
0.197310209274292
0.20224642753601074
0.20012354850769043
0.2130601406097412
0.19788289070129395
0.20927977561950684
0.2082674503326416
0.20026612281799316
0.19201946258544922
0.18665432929992676
0.19070696830749512
0.2009124755859375
0.18764328956604004
0.19516301155090332
0.19064831733703613
0.20672917366027832
0.20385169982910156
0.20388484001159668
0.19890737533569336
0.19100141525268555
0.18900108337402344
0.20207667350769043
0.19279265403747559
0.19786381721496582
0.18994903564453125
0.18693208694458008
0.18669581413269043
0.20673823356628418
0.19657373428344727
0.19472980499267578
0.19271397590637207
0.21266460418701172
0.19266819953918457
0.19180798530578613
0.1963348388671875
0.20088768005371094
0.18403911590576172
0.18945693969726562
0.19048738479614258
0.20688104629516602
0.18944954872131348
0.2054450511932373
0.19360136985778809
0.19627976417541504
0.20099878311157227
0.19592833518981934
0.1970047950744629
0.19102120399475098
0.19500064849853516
0.19449472427368164
0.19257855415344238
0.20809197425842285
0.24011826515197754
0.1966383457183838
0.20260357856750488
0.1886913776397705
0.23180699348449707
0.2477877140045166
0.21980047225952148
0.18645668029785156
0.19137310981750488
0.19283652305603027
0.22449707984924316
0.19791769981384277
0.19041180610656738
0.19095349311828613
0.19756221771240234
0.19820213317871094
0.192948579788208
0.44318294525146484
0.1929466724395752
0.20439410209655762
0.18988323211669922
0.19934296607971191
1.0399281978607178
0.19240355491638184
0.2329850196838379
0.2289886474609375
1.2336502075195312
1.198652744293213
0.19372940063476562
0.18763399124145508
0.1872711181640625
0.1894845962524414
0.24502038955688477
0.1913764476776123
0.20326948165893555
0.19951701164245605
0.21239519119262695
0.1890256404876709
0.19020485877990723
0.18778705596923828
0.19300150871276855
0.20229339599609375
0.21343564987182617
0.19537878036499023
0.20032429695129395
0.19210219383239746
0.18909740447998047
0.19203519821166992
0.20259308815002441
0.1934223175048828
0.18806171417236328
0.19443678855895996
0.203629732131958
0.18672513961791992
0.19370293617248535
0.18969178199768066
0.19139575958251953
0.18630194664001465
0.19762229919433594
0.1894054412841797
0.19279766082763672
0.19710302352905273
0.20506525039672852
0.20066189765930176
0.2015697956085205
0.1920022964477539
0.2039470672607422
0.21393489837646484
0.2293689250946045
0.20536375045776367
0.19324016571044922
0.18646621704101562
0.19083642959594727
0.18738579750061035
0.18696880340576172
0.18833613395690918
0.18744564056396484
0.1960909366607666
0.1849684715270996
0.18969368934631348
0.1883399486541748
0.1922461986541748
0.18980646133422852
0.18851566314697266
0.1893763542175293
0.18735074996948242
0.1908576488494873
0.29047560691833496
0.20446562767028809
0.21011137962341309
0.1923830509185791
0.19402408599853516
0.19701862335205078
0.19298410415649414
0.21318936347961426
0.22020864486694336
0.19304728507995605
0.1889970302581787
0.19276881217956543
0.20916366577148438
0.21227502822875977
0.19838881492614746
0.19489693641662598
0.18862271308898926
0.19300413131713867
0.1983499526977539
0.2134532928466797
0.21999335289001465
0.21985435485839844
0.19898223876953125
0.1883537769317627
0.18892931938171387
0.19335556030273438
0.1989288330078125
0.19296526908874512
0.2008531093597412
0.1900157928466797
0.18912720680236816
0.19580841064453125
0.18929100036621094
0.1908125877380371
0.19514799118041992
0.19234514236450195
0.19480085372924805
0.1927168369293213
0.19159483909606934
0.24546599388122559
0.20032572746276855
0.23824644088745117
0.19894886016845703
0.1922452449798584
0.21298956871032715
