0.2689533233642578
0.22000646591186523
0.21995162963867188
0.22425007820129395
0.33031249046325684
1.1790425777435303
0.22157669067382812
0.23200488090515137
0.22475075721740723
1.2431707382202148
0.23889899253845215
0.2253880500793457
0.2225649356842041
0.2128298282623291
0.22664976119995117
0.22776436805725098
0.2271871566772461
0.21899890899658203
0.23415565490722656
0.22901153564453125
0.21701931953430176
0.21334314346313477
0.21709036827087402
0.2201826572418213
0.22398734092712402
0.21766924858093262
0.21613168716430664
0.22204065322875977
0.2258610725402832
0.21700286865234375
0.21501493453979492
0.2237997055053711
0.22188711166381836
0.22765779495239258
0.23732376098632812
0.21682977676391602
0.2157425880432129
0.21700119972229004
0.2133009433746338
0.23395299911499023
0.21329474449157715
0.22340750694274902
0.21896004676818848
0.22499537467956543
0.252774715423584
0.22219276428222656
0.2231595516204834
0.2266526222229004
0.21297502517700195
0.22699904441833496
0.22567510604858398
0.21505451202392578
0.22026348114013672
0.21899771690368652
0.22806668281555176
0.22234559059143066
0.21622419357299805
0.22372937202453613
0.21199846267700195
0.23956918716430664
0.22350692749023438
0.21412348747253418
0.30657434463500977
0.2235710620880127
0.22556424140930176
0.21617698669433594
0.21216273307800293
0.22871613502502441
0.22867178916931152
0.23757362365722656
0.22018098831176758
0.22113776206970215
0.22115135192871094
0.2113800048828125
0.21744394302368164
0.21744728088378906
0.20896530151367188
0.2253892421722412
0.21849298477172852
0.21348786354064941
0.21913933753967285
0.2582855224609375
0.21267199516296387
0.21418333053588867
0.22047781944274902
0.2213428020477295
0.21342206001281738
0.21721553802490234
0.21987318992614746
0.2172412872314453
0.21584653854370117
0.21297979354858398
0.21331381797790527
0.2128288745880127
0.2180006504058838
0.21957945823669434
0.21687531471252441
0.24238967895507812
0.2673046588897705
0.2213151454925537
0.2672436237335205
0.2168407440185547
0.20930814743041992
0.21030640602111816
0.22225069999694824
0.22647476196289062
0.21404147148132324
0.21195626258850098
0.22105932235717773
0.2150275707244873
0.21535086631774902
0.2339305877685547
0.21183371543884277
0.21179747581481934
0.21953368186950684
0.21645307540893555
0.21829962730407715
0.216339111328125
0.2219867706298828
0.2148909568786621
0.23476243019104004
0.21864533424377441
0.23544669151306152
0.23051762580871582
0.22202205657958984
0.2250676155090332
0.22242045402526855
0.2170426845550537
0.21654558181762695
0.21541237831115723
0.21559357643127441
0.2221517562866211
0.22818708419799805
0.25328612327575684
0.22573518753051758
0.22532916069030762
0.2162623405456543
0.24539756774902344
0.23340630531311035
0.21715974807739258
0.22212672233581543
0.22175288200378418
0.26847410202026367
0.2150111198425293
0.21318864822387695
0.3365204334259033
0.22797846794128418
0.22367501258850098
0.2177567481994629
0.2206430435180664
0.21717000007629395
0.2203822135925293
0.21701288223266602
0.2205061912536621
0.21410608291625977
0.2182769775390625
0.22730803489685059
0.22156381607055664
0.2214808464050293
0.21634769439697266
0.22246074676513672
0.22645926475524902
0.21498608589172363
0.22716045379638672
0.225388765335083
0.21716594696044922
0.21605396270751953
0.22367262840270996
0.21152448654174805
0.218017578125
0.23946118354797363
0.24545907974243164
0.21733713150024414
0.2134232521057129
0.2685067653656006
0.2165982723236084
0.22065424919128418
0.23366904258728027
1.227708339691162
0.21625900268554688
0.2142162322998047
0.21802806854248047
0.2161695957183838
0.25119829177856445
0.22250127792358398
0.21664762496948242
0.2302100658416748
0.2272028923034668
0.21757960319519043
0.22034621238708496
0.2150280475616455
0.22542762756347656
0.2270498275756836
0.21999859809875488
0.2160353660583496
0.211181640625
0.21717309951782227
0.21216249465942383
0.2132279872894287
0.22748327255249023
0.21756720542907715
0.21319818496704102
0.4535207748413086
0.2259504795074463
0.21619129180908203
0.21730279922485352
0.2217543125152588
0.2247300148010254
0.23542547225952148
0.23400139808654785
0.2180650234222412
0.25336146354675293
0.2643601894378662
0.23999786376953125
0.2209937572479248
0.21865177154541016
0.24734878540039062
0.2421579360961914
0.22913169860839844
0.2157762050628662
0.21335220336914062
0.2193772792816162
0.24808669090270996
0.21044540405273438
0.21920990943908691
0.21169614791870117
0.21268224716186523
0.22814226150512695
0.23129487037658691
0.2122511863708496
0.21315336227416992
0.23174619674682617
0.23335528373718262
0.2589709758758545
0.28542017936706543
0.21242189407348633
0.22230911254882812
0.21965837478637695
0.22118163108825684
0.21829557418823242
0.21464896202087402
0.2286224365234375
0.2171492576599121
0.2117598056793213
0.20770001411437988
0.22210383415222168
0.22678923606872559
0.2353498935699463
0.2277824878692627
0.2114717960357666
0.22549986839294434
0.21412134170532227
0.22445344924926758
0.23171234130859375
0.2267463207244873
0.2712531089782715
0.2412729263305664
0.22272658348083496
0.21523451805114746
0.21991896629333496
0.22048187255859375
0.21601080894470215
0.2152719497680664
0.2181544303894043
0.21835899353027344
0.23988890647888184
0.21419453620910645
0.22100067138671875
0.22466444969177246
0.21607112884521484
0.2116386890411377
0.23862719535827637
0.23363685607910156
0.21349835395812988
0.20878076553344727
0.21898245811462402
0.21250295639038086
0.22375845909118652
0.21528124809265137
0.2135913372039795
0.24359893798828125
0.2491471767425537
0.23071575164794922
0.21822810173034668
0.22665071487426758
0.2191603183746338
0.21578621864318848
0.21494388580322266
0.2201836109161377
0.217118501663208
0.21132802963256836
0.20787262916564941
0.21562838554382324
0.2148294448852539
0.21722817420959473
0.22795414924621582
0.22177815437316895
0.22800064086914062
0.2506227493286133
0.34133005142211914
0.2163066864013672
0.2223825454711914
0.22869396209716797
0.22023558616638184
0.23601007461547852
0.21399760246276855
0.21390008926391602
0.24913358688354492
0.24813175201416016
0.21609163284301758
0.21823930740356445
0.20838451385498047
0.22059869766235352
0.21875286102294922
0.21500492095947266
0.2073838710784912
0.2948272228240967
0.23856043815612793
0.21068239212036133
0.24698424339294434
0.23363614082336426
0.22599077224731445
0.20756936073303223
0.22304797172546387
0.2268073558807373
0.2630960941314697
0.22173619270324707
0.24809908866882324
0.21374249458312988
0.21379733085632324
0.221482515335083
0.21588659286499023
0.2121884822845459
0.22200441360473633
0.22688531875610352
0.21306276321411133
0.22133636474609375
0.21766114234924316
0.21719861030578613
0.2121882438659668
0.23499226570129395
0.24601292610168457
0.21935439109802246
0.2117466926574707
0.2079770565032959
0.21823930740356445
0.21494030952453613
0.21814870834350586
0.21979880332946777
0.21296215057373047
0.21894216537475586
0.21087431907653809
0.2107255458831787
0.21278166770935059
0.2137470245361328
0.2081458568572998
0.2201852798461914
0.216949462890625
0.21390366554260254
0.21799659729003906
0.22020792961120605
0.21634531021118164
0.5364484786987305
0.21412944793701172
0.2220468521118164
0.21257257461547852
0.21221423149108887
0.2135632038116455
0.2189784049987793
0.2130134105682373
1.232018232345581
0.21651673316955566
0.25528717041015625
0.23282670974731445
0.21724772453308105
0.22742819786071777
0.2187802791595459
0.21019649505615234
0.209991455078125
0.22602009773254395
0.23391294479370117
0.2390148639678955
0.2130126953125
0.21013689041137695
0.21122527122497559
0.2170858383178711
0.2130262851715088
0.22573113441467285
0.21140408515930176
0.21808147430419922
0.2096729278564453
0.21124839782714844
0.21997547149658203
0.2151927947998047
0.21629834175109863
0.24702835083007812
0.24901151657104492
0.22053289413452148
0.2217566967010498
0.30896663665771484
0.23103833198547363
0.22531604766845703
0.4367070198059082
0.22081828117370605
0.22029805183410645
0.21531081199645996
0.23049712181091309
0.2222597599029541
0.22524714469909668
0.21755313873291016
0.21532702445983887
0.22807741165161133
0.2162177562713623
0.2219398021697998
0.22097015380859375
0.24152231216430664
0.23034214973449707
0.23100805282592773
0.21277546882629395
0.21300816535949707
0.3209969997406006
0.27512454986572266
0.2995309829711914
0.2529900074005127
0.3019733428955078
0.21435260772705078
0.22788190841674805
0.21422481536865234
0.2253580093383789
0.2213900089263916
0.22892189025878906
0.22399091720581055
0.23731732368469238
0.2514536380767822
0.224517822265625
0.22141575813293457
0.22116518020629883
0.21431636810302734
0.21605348587036133
0.21543216705322266
0.214263916015625
0.22156667709350586
0.21613359451293945
0.21531987190246582
0.22607755661010742
0.2200031280517578
0.2239971160888672
0.24612021446228027
0.24289512634277344
0.21408390998840332
0.22600412368774414
0.2910115718841553
0.288999080657959
0.2156844139099121
0.22719860076904297
0.21098566055297852
0.23398137092590332
0.22249388694763184
0.2130107879638672
0.2200145721435547
0.21779108047485352
0.22851133346557617
0.2769324779510498
0.22406339645385742
0.22335433959960938
0.22284603118896484
0.23178839683532715
0.24288415908813477
0.24352717399597168
0.21297311782836914
0.2261338233947754
0.22801923751831055
0.221235990524292
3.223551034927368
0.22009873390197754
0.2183396816253662
0.2191636562347412
0.2235572338104248
0.23100996017456055
0.2405233383178711
0.2200026512145996
0.23198175430297852
0.23798489570617676
0.21210861206054688
0.2130589485168457
0.2288198471069336
0.22167563438415527
0.23232674598693848
1.2306044101715088
0.2132556438446045
0.21799325942993164
0.212050199508667
0.2196791172027588
0.22109413146972656
0.22079038619995117
0.21541070938110352
0.21416735649108887
0.21654820442199707
0.21689867973327637
0.21100878715515137
0.23614978790283203
0.2554645538330078
0.21129536628723145
0.2281954288482666
0.3051769733428955
0.24080634117126465
0.22728776931762695
0.2400987148284912
0.234116792678833
0.22800040245056152
0.22512078285217285
0.2163989543914795
0.2192835807800293
0.21869158744812012
0.21727967262268066
0.21641254425048828
0.2189946174621582
0.2200019359588623
0.23700356483459473
0.24194931983947754
0.24258899688720703
0.2217411994934082
0.23486638069152832
0.2306363582611084
0.21024632453918457
0.22399067878723145
0.23701786994934082
0.21529245376586914
0.22199583053588867
0.22214508056640625
0.21908164024353027
0.21767830848693848
0.2568635940551758
0.23725366592407227
0.21224737167358398
0.24114537239074707
0.25226497650146484
0.2817566394805908
0.210343599319458
0.24605298042297363
0.23693060874938965
0.21810388565063477
0.22100186347961426
0.23983168601989746
0.2978358268737793
0.21453309059143066
0.22525668144226074
0.23076200485229492
0.2153944969177246
0.2239384651184082
0.22030377388000488
0.2185955047607422
0.21600890159606934
0.2161238193511963
0.22754263877868652
0.23352932929992676
0.22585415840148926
0.2104640007019043
0.2381448745727539
0.22314763069152832
0.2182626724243164
0.26651740074157715
0.2639033794403076
0.21900367736816406
0.21427631378173828
0.35413408279418945
0.22318387031555176
0.22777724266052246
0.2221660614013672
0.2356119155883789
0.24940180778503418
0.22170472145080566
0.22698521614074707
0.21584534645080566
0.2385697364807129
0.23254966735839844
0.3305203914642334
0.21648716926574707
0.22321128845214844
0.21898770332336426
0.2249736785888672
0.2300124168395996
0.22012710571289062
0.25353550910949707
0.22583842277526855
0.2214832305908203
0.21441888809204102
0.21850943565368652
0.23759794235229492
0.22185325622558594
0.2409992218017578
0.21597766876220703
0.21938371658325195
0.26441264152526855
0.23611855506896973
0.21572494506835938
0.21275544166564941
0.21663165092468262
0.21674323081970215
0.2168123722076416
