0.1972193717956543
0.20821619033813477
0.21522259712219238
0.19108319282531738
0.25286221504211426
0.20814013481140137
0.19581103324890137
0.1928083896636963
0.19109296798706055
0.19894027709960938
0.2180485725402832
0.2140944004058838
0.20255279541015625
0.20699763298034668
0.19736170768737793
0.19498467445373535
0.1912541389465332
0.19042134284973145
0.19610357284545898
0.20130491256713867
0.2088336944580078
0.23919081687927246
0.23820829391479492
0.19582772254943848
0.20855164527893066
0.20454668998718262
0.1920936107635498
0.1891460418701172
0.20171236991882324
0.19469094276428223
0.1940934658050537
0.19510149955749512
0.18909883499145508
0.19903826713562012
0.19310760498046875
0.19000673294067383
0.20012950897216797
0.20213913917541504
0.1937427520751953
0.19796466827392578
0.1929643154144287
0.19646406173706055
0.19586968421936035
0.19663238525390625
0.2009871006011963
0.19803309440612793
0.2010796070098877
0.2042560577392578
0.18915247917175293
0.18999981880187988
0.21474957466125488
0.21668291091918945
0.19182085990905762
0.19435811042785645
0.19722557067871094
0.19516277313232422
0.21091556549072266
0.19914722442626953
0.19805312156677246
0.19436979293823242
0.19268369674682617
0.1939678192138672
0.21143817901611328
0.191178560256958
0.19226932525634766
0.18794751167297363
0.1974472999572754
0.19161319732666016
0.18607640266418457
0.19734859466552734
0.18949460983276367
0.18947720527648926
0.2000730037689209
0.19910359382629395
0.19411110877990723
0.18911194801330566
0.227524995803833
0.2444615364074707
0.19199347496032715
0.19386887550354004
0.19185590744018555
0.1880199909210205
0.19898033142089844
0.21284222602844238
0.21774625778198242
0.2658684253692627
0.20401477813720703
0.19099950790405273
0.19272184371948242
0.2093815803527832
0.19637751579284668
0.18871760368347168
0.19063901901245117
0.19193387031555176
0.19503116607666016
0.19600439071655273
0.1949777603149414
0.18793058395385742
0.19185733795166016
0.19222378730773926
0.19347500801086426
0.23668909072875977
0.2337331771850586
0.19122791290283203
0.1912086009979248
0.19255828857421875
0.1926560401916504
0.19156432151794434
0.18964600563049316
0.1897876262664795
0.19882416725158691
0.18977928161621094
0.19767189025878906
0.19663548469543457
0.1883542537689209
0.19696640968322754
0.19231486320495605
0.19815754890441895
0.18787598609924316
0.1930222511291504
0.20784354209899902
0.18917465209960938
0.1970813274383545
0.18788480758666992
0.1935865879058838
0.18797826766967773
0.18999838829040527
0.18959259986877441
0.2046661376953125
0.19346880912780762
0.22446990013122559
0.19507980346679688
0.18931937217712402
0.1940453052520752
0.1895594596862793
0.19096660614013672
0.19600629806518555
0.19400548934936523
0.19551491737365723
0.20266938209533691
0.1940608024597168
0.18872952461242676
0.1924607753753662
0.1926102638244629
0.18938255310058594
0.19500088691711426
0.19600820541381836
0.19324707984924316
0.19942855834960938
0.1996767520904541
0.2564575672149658
0.23584818840026855
0.23793387413024902
0.24583697319030762
0.19163227081298828
0.21335172653198242
0.20540618896484375
0.19294166564941406
0.19106507301330566
0.1942577362060547
0.1951582431793213
0.19532322883605957
0.19561767578125
0.19292616844177246
0.19617915153503418
0.1942005157470703
0.2034616470336914
0.20694327354431152
0.19018888473510742
0.19459772109985352
0.1868124008178711
0.25512170791625977
0.1922590732574463
0.18675971031188965
0.19200515747070312
0.19243168830871582
0.20987343788146973
0.20652437210083008
0.19749116897583008
0.19033241271972656
0.22014546394348145
0.19304347038269043
0.18849778175354004
0.19482421875
0.1954190731048584
0.18827533721923828
0.2014162540435791
0.19121766090393066
0.18758845329284668
0.18973207473754883
0.20350384712219238
0.19787383079528809
0.2290644645690918
0.190018892288208
0.1976175308227539
0.20493292808532715
0.1909327507019043
0.19237971305847168
0.19440960884094238
0.21340084075927734
0.19337034225463867
0.19000720977783203
0.1923058032989502
0.18802928924560547
0.19947075843811035
0.19923901557922363
0.20075154304504395
0.19174408912658691
0.20772647857666016
0.19118213653564453
0.19614315032958984
0.19287753105163574
0.19607114791870117
0.18916940689086914
0.18727445602416992
0.1856095790863037
0.1881105899810791
0.21298646926879883
0.1978437900543213
0.24921441078186035
0.19774127006530762
0.20637917518615723
0.20181655883789062
0.18972373008728027
0.18889117240905762
0.2606050968170166
0.22300100326538086
0.19870615005493164
0.1943519115447998
0.19808721542358398
0.20078682899475098
0.19472622871398926
0.19047236442565918
0.18940138816833496
0.18902158737182617
0.20499253273010254
0.19022440910339355
0.20493602752685547
0.19474387168884277
0.21023321151733398
0.19922113418579102
0.19105863571166992
0.19446468353271484
0.18875622749328613
0.19199609756469727
0.1876513957977295
0.1976618766784668
0.19400548934936523
0.19295787811279297
0.19065165519714355
0.188429594039917
0.19583988189697266
0.21206402778625488
0.2051384449005127
0.20945024490356445
0.19080185890197754
0.19205403327941895
0.19528818130493164
0.1917726993560791
0.19915032386779785
0.19129490852355957
0.20319747924804688
0.1953597068786621
0.21759247779846191
0.20754694938659668
0.1934189796447754
0.19948482513427734
0.19836044311523438
0.2003028392791748
0.19403386116027832
0.19832324981689453
0.19007658958435059
0.1961357593536377
0.19844794273376465
0.20253515243530273
0.1896073818206787
0.208390474319458
0.23621678352355957
0.20459365844726562
0.21349692344665527
0.19429540634155273
0.18951010704040527
0.19099926948547363
0.1900031566619873
0.19534540176391602
0.19115662574768066
0.1872248649597168
0.19478678703308105
0.19106745719909668
0.19836974143981934
0.19823050498962402
0.1919703483581543
0.20296597480773926
0.1892528533935547
0.19231033325195312
0.19116687774658203
0.20648789405822754
0.19086289405822754
0.18988633155822754
0.19118285179138184
0.19526910781860352
0.18919634819030762
0.19205570220947266
0.2214045524597168
0.20337915420532227
0.19356775283813477
0.19477200508117676
0.19575881958007812
0.1880662441253662
0.19023394584655762
0.19472241401672363
0.19864225387573242
0.19508004188537598
0.19330263137817383
0.1924610137939453
0.21501612663269043
0.19126296043395996
0.1910102367401123
0.26593708992004395
0.19115686416625977
0.19380831718444824
0.19513845443725586
0.1939535140991211
0.19030213356018066
0.19432282447814941
0.1931760311126709
0.19022083282470703
0.19034790992736816
0.1910233497619629
0.19099712371826172
0.19596648216247559
0.198591947555542
0.2205486297607422
0.24610686302185059
0.19286823272705078
0.19024014472961426
0.1982579231262207
0.19463539123535156
0.19003677368164062
0.20004677772521973
0.19663715362548828
0.19710206985473633
0.19098520278930664
0.20017671585083008
0.19462299346923828
0.1949174404144287
0.19590353965759277
0.2026655673980713
0.19104456901550293
0.1994009017944336
0.2285008430480957
0.24146389961242676
0.20646286010742188
0.20104479789733887
0.20613789558410645
0.19708657264709473
0.19010400772094727
0.1872420310974121
0.18887710571289062
0.19020414352416992
0.18745994567871094
0.18652772903442383
0.20198893547058105
0.1900017261505127
0.19615602493286133
0.18934917449951172
0.19021129608154297
0.19376730918884277
0.1907958984375
0.19418835639953613
0.20239043235778809
0.1914200782775879
0.19646978378295898
0.19991827011108398
0.2089383602142334
0.18792366981506348
0.19507169723510742
0.20521140098571777
0.1937713623046875
0.19387078285217285
0.19700098037719727
0.19152283668518066
0.20087766647338867
0.18996739387512207
0.19343996047973633
0.21149492263793945
0.21248936653137207
0.22178435325622559
0.21479558944702148
0.20073533058166504
0.19299793243408203
0.2441709041595459
0.1925945281982422
0.19648241996765137
0.20253372192382812
0.19338321685791016
0.19119477272033691
0.19110774993896484
0.19086503982543945
0.18909859657287598
0.2176799774169922
0.19601678848266602
0.1880648136138916
0.198106050491333
0.19604086875915527
0.1864326000213623
0.20740485191345215
0.19691681861877441
0.1908259391784668
0.21998310089111328
0.19954347610473633
0.19071125984191895
0.21169233322143555
0.2000422477722168
0.19746899604797363
0.1884007453918457
0.1908564567565918
0.1987137794494629
0.19310235977172852
0.18663883209228516
0.1911156177520752
0.19229817390441895
0.1902143955230713
0.19331002235412598
0.18899941444396973
0.18706607818603516
0.1887509822845459
0.18596863746643066
0.19185543060302734
0.19096732139587402
0.19587922096252441
0.19454097747802734
0.19069361686706543
0.1902005672454834
0.20214247703552246
0.19123077392578125
0.18779778480529785
0.18830060958862305
0.18666672706604004
0.18951749801635742
0.20231080055236816
0.1923542022705078
0.19496488571166992
0.18985867500305176
0.2213737964630127
0.19139552116394043
0.1893913745880127
0.1986382007598877
0.19867420196533203
0.19693875312805176
0.19641757011413574
0.1980884075164795
0.1973590850830078
0.20341253280639648
0.19823193550109863
0.19126582145690918
0.19135379791259766
0.19052958488464355
0.1870744228363037
0.19408726692199707
0.1926412582397461
0.19231033325195312
0.18755555152893066
0.1892843246459961
0.1889340877532959
0.21260929107666016
0.21362066268920898
0.1997528076171875
0.2470531463623047
0.213151216506958
0.20621180534362793
0.195298433303833
0.19496846199035645
0.19412803649902344
0.19010686874389648
0.19800090789794922
0.2270810604095459
0.19354724884033203
0.19997096061706543
0.19537806510925293
0.19992613792419434
0.1928424835205078
0.19642186164855957
0.2498304843902588
0.18711352348327637
0.35779619216918945
0.2034299373626709
0.19742298126220703
0.19222331047058105
0.19349050521850586
0.18907451629638672
0.1907062530517578
0.1981062889099121
0.19656109809875488
0.19356346130371094
0.20889616012573242
0.19777584075927734
0.18604063987731934
0.19465923309326172
0.19688177108764648
0.19422459602355957
0.24660253524780273
0.2317516803741455
0.19330120086669922
0.18666934967041016
0.1948378086090088
0.19000482559204102
0.18874144554138184
0.19655370712280273
0.18989157676696777
0.19324922561645508
0.20428991317749023
0.19005346298217773
0.22121500968933105
0.20811104774475098
0.19035744667053223
0.19716715812683105
0.19567489624023438
0.21972942352294922
0.22172784805297852
0.19121026992797852
0.19492816925048828
0.19002103805541992
0.19002437591552734
0.19213366508483887
0.18916010856628418
0.18669986724853516
0.18612074851989746
0.1917881965637207
0.1892251968383789
0.19061589241027832
0.19498443603515625
0.1959550380706787
0.19418120384216309
0.20952343940734863
0.19567537307739258
0.1989133358001709
0.19260764122009277
0.1915295124053955
0.2123727798461914
0.21373462677001953
0.1921548843383789
0.19297218322753906
0.20165610313415527
0.20865106582641602
0.19663619995117188
0.1961982250213623
0.19019150733947754
0.19037747383117676
0.22205710411071777
0.22506213188171387
0.2028200626373291
0.22873139381408691
0.22278738021850586
0.1898360252380371
0.19989562034606934
0.1939239501953125
0.18949580192565918
0.18819737434387207
0.19401001930236816
0.19546961784362793
0.1899726390838623
0.19724392890930176
0.19674158096313477
0.19489240646362305
0.19056987762451172
0.19473767280578613
0.2151644229888916
0.2131655216217041
0.18962740898132324
0.19521760940551758
0.20298981666564941
0.19395112991333008
0.19785022735595703
0.18941640853881836
0.27706408500671387
0.18731093406677246
0.18886733055114746
0.18907642364501953
0.19797945022583008
0.1970076560974121
0.18873238563537598
0.19258475303649902
0.1870136260986328
0.19478678703308105
0.1968545913696289
0.19782066345214844
0.1965186595916748
0.19404149055480957
0.19334149360656738
0.1998920440673828
0.20094060897827148
0.20315170288085938
0.19194889068603516
0.21023869514465332
0.21522974967956543
0.2056729793548584
0.20926880836486816
0.1905221939086914
0.19095087051391602
0.18779349327087402
0.1949934959411621
0.19806194305419922
0.18783926963806152
0.18591642379760742
0.19272470474243164
0.2203073501586914
0.1876049041748047
0.18538808822631836
0.19008922576904297
0.19161772727966309
0.1888890266418457
0.19053149223327637
0.1926424503326416
0.23160147666931152
0.19431686401367188
0.19034171104431152
0.18674969673156738
0.19346094131469727
0.19340729713439941
0.19099879264831543
0.19095540046691895
0.1908876895904541
0.19641542434692383
0.19778895378112793
0.2079169750213623
0.1998147964477539
0.2630951404571533
0.20209407806396484
0.19399285316467285
0.1871967315673828
0.19351696968078613
0.19390225410461426
0.19221138954162598
0.1936502456665039
0.19701170921325684
0.19615888595581055
0.18915724754333496
0.19146203994750977
0.19378113746643066
0.19108128547668457
0.19917726516723633
0.21448206901550293
0.20954608917236328
0.2028639316558838
0.19873952865600586
0.19194579124450684
0.20009684562683105
0.19240403175354004
0.1956641674041748
0.21236038208007812
0.19318294525146484
0.1874537467956543
0.19656610488891602
0.19737792015075684
0.20317816734313965
0.19359874725341797
0.1995706558227539
0.19173455238342285
0.1932070255279541
0.19229531288146973
0.19810843467712402
0.20737266540527344
0.19068694114685059
0.18799972534179688
0.20183157920837402
0.19278502464294434
0.20879054069519043
0.19196343421936035
0.1926255226135254
0.18965673446655273
0.195512056350708
0.2008655071258545
0.1922760009765625
0.19913268089294434
0.1973884105682373
0.1946578025817871
0.19299697875976562
0.19867563247680664
0.21166276931762695
0.20876789093017578
0.19299101829528809
0.1898348331451416
0.20891261100769043
0.20981359481811523
0.1910550594329834
0.19596624374389648
0.19470691680908203
0.19120264053344727
0.18793177604675293
0.18938541412353516
0.18941545486450195
0.19234490394592285
0.1927933692932129
0.2673473358154297
0.20602750778198242
0.2048189640045166
0.19869065284729004
0.18938684463500977
0.2021775245666504
0.19212794303894043
0.18920373916625977
0.1974625587463379
0.19150233268737793
0.1957387924194336
0.19108843803405762
0.18538761138916016
0.19501638412475586
0.19590425491333008
0.18599843978881836
0.19167423248291016
0.1885664463043213
0.18799901008605957
0.19223499298095703
0.19156408309936523
0.1858971118927002
0.1923065185546875
0.22199797630310059
0.21201372146606445
0.2024540901184082
0.19820189476013184
0.1973881721496582
0.19331908226013184
0.19629383087158203
0.19186973571777344
0.19300317764282227
0.1909639835357666
0.18840479850769043
0.20446538925170898
0.19087719917297363
0.19108939170837402
0.18848824501037598
0.189619779586792
0.1930992603302002
0.19192004203796387
0.1839592456817627
0.19241023063659668
0.25777149200439453
0.19117522239685059
0.19230151176452637
0.19064736366271973
0.18990135192871094
0.2195882797241211
0.19830751419067383
0.19443678855895996
0.1947801113128662
0.19016337394714355
0.1912524700164795
0.19431710243225098
0.19547724723815918
0.19715046882629395
0.19811511039733887
0.20118045806884766
0.18945956230163574
0.19169402122497559
0.19797420501708984
0.1928577423095703
0.20419788360595703
0.22968435287475586
0.2258615493774414
0.21798110008239746
0.1998908519744873
0.19481134414672852
0.19272398948669434
0.19978713989257812
0.19747209548950195
0.19251370429992676
0.1970067024230957
0.1952505111694336
0.19185853004455566
0.1955568790435791
0.20096421241760254
0.1997983455657959
0.20562195777893066
0.19099664688110352
0.20096659660339355
0.1928422451019287
0.19879841804504395
0.19661808013916016
0.19666600227355957
0.20151352882385254
0.20472931861877441
0.19859838485717773
0.19123148918151855
0.21349048614501953
0.21941757202148438
0.19464707374572754
0.2024400234222412
0.193342924118042
0.19107890129089355
0.19266510009765625
0.19477152824401855
0.1912839412689209
0.19616198539733887
0.1961679458618164
0.19871234893798828
0.2017505168914795
0.19401884078979492
0.24468016624450684
0.19332265853881836
0.2054610252380371
0.21436095237731934
0.2196948528289795
0.18929839134216309
0.19439435005187988
0.19339823722839355
0.18909144401550293
0.1980574131011963
0.1939527988433838
0.19475102424621582
0.18904900550842285
0.19598722457885742
0.19307351112365723
0.1985912322998047
0.21881437301635742
0.20497965812683105
0.197998046875
0.1990034580230713
0.20299720764160156
0.2460026741027832
0.2059636116027832
0.18900370597839355
0.19999241828918457
0.19778180122375488
0.19152379035949707
0.19352459907531738
0.2416520118713379
0.20724749565124512
0.2013862133026123
0.18900060653686523
0.1942615509033203
0.1965186595916748
0.19555234909057617
0.18903279304504395
0.19307398796081543
0.19219517707824707
0.1934502124786377
0.22083210945129395
0.19980597496032715
0.19159746170043945
0.1942903995513916
0.2126762866973877
0.20764517784118652
0.21993613243103027
0.19827580451965332
0.22142267227172852
0.21555876731872559
0.20032048225402832
0.19432568550109863
0.19487261772155762
0.19405269622802734
0.18991637229919434
0.18823528289794922
0.18912577629089355
0.19002866744995117
0.19220995903015137
0.1905224323272705
0.19106841087341309
0.19363689422607422
0.20100712776184082
0.19601058959960938
0.1938779354095459
0.19122695922851562
0.18990874290466309
0.19342374801635742
0.18956303596496582
0.20335936546325684
0.19475722312927246
0.1940016746520996
0.19428038597106934
0.25332093238830566
0.19217920303344727
0.18904733657836914
0.19053339958190918
0.21036291122436523
0.1934037208557129
0.19326019287109375
0.19393110275268555
0.19762539863586426
0.1893007755279541
0.19461894035339355
0.19546842575073242
0.19548273086547852
0.19074487686157227
0.22099089622497559
0.20104265213012695
0.1919107437133789
0.20386958122253418
0.195648193359375
0.18503952026367188
0.19073915481567383
0.1961808204650879
0.19435334205627441
0.19528555870056152
0.19875240325927734
0.21014857292175293
0.19295334815979004
0.19038677215576172
0.20497918128967285
0.2139451503753662
0.1889941692352295
0.19426965713500977
0.2425682544708252
0.25057291984558105
0.19281578063964844
0.1941370964050293
0.18708491325378418
0.1850910186767578
0.18800759315490723
0.19111371040344238
0.20032787322998047
0.22284960746765137
0.1929640769958496
0.18890380859375
0.19197988510131836
0.19147872924804688
0.1954495906829834
0.19398212432861328
0.20669293403625488
0.19686031341552734
0.27783203125
0.19278597831726074
0.19382572174072266
0.20275640487670898
0.20099091529846191
0.19494295120239258
0.18958044052124023
0.1897106170654297
0.19164371490478516
0.19203686714172363
0.1904277801513672
0.19449162483215332
0.19756674766540527
0.18909096717834473
0.199080228805542
0.19242382049560547
0.19066762924194336
0.1930387020111084
0.19124937057495117
0.1967482566833496
0.19945716857910156
0.22884535789489746
0.1889810562133789
0.2060682773590088
0.1946718692779541
0.19906973838806152
0.18860292434692383
0.1949005126953125
0.18893718719482422
0.1893477439880371
0.20029926300048828
0.18750810623168945
0.1936650276184082
0.20985126495361328
0.18980026245117188
0.19138407707214355
0.2077956199645996
0.21779155731201172
0.2011723518371582
0.1932981014251709
0.1921367645263672
0.19390630722045898
0.1925370693206787
0.1943800449371338
0.20465540885925293
0.26707005500793457
0.21598124504089355
0.18999314308166504
0.18876242637634277
0.18619132041931152
0.23891115188598633
0.18663406372070312
0.20511174201965332
0.20072579383850098
0.19888567924499512
0.19810795783996582
0.1931607723236084
0.19367527961730957
0.19360089302062988
0.20852231979370117
0.19039177894592285
0.20418572425842285
0.21519970893859863
0.20401525497436523
0.20016050338745117
0.18871140480041504
0.1977996826171875
0.1913926601409912
0.19135570526123047
0.18742060661315918
0.1908719539642334
0.1937272548675537
0.19649720191955566
0.19557428359985352
0.21417665481567383
0.2131636142730713
0.19374728202819824
0.1937880516052246
0.2182760238647461
0.20431089401245117
0.2158493995666504
0.19722485542297363
0.19531631469726562
0.1908128261566162
0.19170403480529785
0.2620511054992676
0.19502806663513184
0.195418119430542
0.1955556869506836
0.19600820541381836
0.18551063537597656
0.19897222518920898
0.19302153587341309
0.1930859088897705
0.18900823593139648
0.22445893287658691
0.21950435638427734
0.1906421184539795
0.18849444389343262
0.19234251976013184
0.19861078262329102
0.19084668159484863
0.18933629989624023
0.19205379486083984
0.1895155906677246
0.19067049026489258
0.19258499145507812
0.1970047950744629
0.19120573997497559
0.18982172012329102
0.1948070526123047
0.18962526321411133
0.1912224292755127
0.19503283500671387
0.1888427734375
0.20516610145568848
0.19560527801513672
0.1967766284942627
0.1877427101135254
0.2050647735595703
0.18966412544250488
0.19456100463867188
0.19402194023132324
0.2031400203704834
0.20082426071166992
0.19365429878234863
3.1907174587249756
0.19147205352783203
0.19154715538024902
0.20151638984680176
0.1899702548980713
0.19036364555358887
0.190199613571167
0.19162607192993164
0.1979668140411377
0.19256949424743652
0.20032119750976562
0.20281672477722168
0.1996164321899414
0.1884477138519287
0.19358563423156738
0.18951749801635742
0.1984729766845703
0.194000244140625
0.1909773349761963
0.18738937377929688
0.19163227081298828
0.1907033920288086
0.18826746940612793
0.19103646278381348
0.1942901611328125
0.19760632514953613
0.21137499809265137
0.19884538650512695
0.19708704948425293
0.19631457328796387
0.19414353370666504
0.19070839881896973
0.19608473777770996
0.21574854850769043
0.2257094383239746
3.189741611480713
0.2005469799041748
0.19748377799987793
0.19525527954101562
0.19176673889160156
0.1998579502105713
0.18722772598266602
0.19652104377746582
0.191633939743042
0.1936359405517578
0.21418976783752441
0.22110605239868164
0.19281387329101562
0.19431567192077637
0.1943509578704834
0.1960139274597168
0.20731568336486816
0.2004690170288086
0.18833088874816895
0.1967921257019043
0.19406867027282715
0.18796539306640625
0.19385933876037598
0.19103479385375977
0.18904447555541992
0.1868278980255127
0.20592570304870605
0.2098557949066162
0.19876909255981445
0.19502544403076172
0.1877913475036621
0.20604705810546875
0.19137859344482422
0.18727326393127441
0.1932985782623291
0.19543910026550293
0.19187545776367188
0.19413208961486816
0.1942274570465088
0.20345544815063477
0.20693659782409668
0.2029099464416504
0.19385743141174316
0.18839406967163086
0.2324535846710205
0.2023756504058838
0.19331955909729004
0.1935727596282959
0.1928088665008545
0.1974811553955078
0.19026517868041992
0.19095778465270996
0.1877596378326416
0.1898505687713623
0.1896519660949707
0.20701336860656738
0.20500540733337402
0.19818329811096191
0.19815278053283691
0.19492840766906738
0.1874864101409912
0.1905200481414795
0.19099926948547363
0.19100046157836914
0.19784331321716309
0.20686554908752441
0.199998140335083
0.19495749473571777
0.18795251846313477
0.18880915641784668
0.19045352935791016
0.18884658813476562
0.2732405662536621
0.22338056564331055
0.18891239166259766
0.19774770736694336
0.19256997108459473
0.1964125633239746
0.19989252090454102
0.19246411323547363
0.19993138313293457
0.2071382999420166
0.1941361427307129
0.19826126098632812
0.21864914894104004
0.1916513442993164
0.1876058578491211
0.19499778747558594
0.1919844150543213
0.18891024589538574
0.1919252872467041
0.189619779586792
0.19386601448059082
0.18986153602600098
0.19098329544067383
0.20566701889038086
0.22625517845153809
0.19007587432861328
0.19430088996887207
0.20315337181091309
0.20555591583251953
0.19089770317077637
0.18952322006225586
0.2174692153930664
0.19946837425231934
0.19906997680664062
0.202040433883667
0.2243969440460205
0.20609474182128906
0.20053958892822266
0.19977235794067383
0.23528695106506348
0.19280791282653809
0.20339155197143555
0.19721269607543945
0.1925652027130127
0.19663619995117188
0.19682693481445312
0.1941981315612793
0.19161534309387207
0.19741153717041016
0.19418644905090332
0.1993541717529297
0.2000582218170166
0.19706463813781738
0.3276207447052002
0.19354629516601562
0.19054412841796875
0.19451355934143066
0.2108163833618164
0.19096875190734863
0.20478439331054688
0.21278810501098633
0.21316146850585938
0.19811439514160156
0.19562840461730957
0.19440174102783203
0.20327305793762207
0.219069242477417
0.2172996997833252
0.193314790725708
0.1915264129638672
0.19516730308532715
0.19343280792236328
0.1930088996887207
0.19394445419311523
0.19710707664489746
0.20144176483154297
0.20484161376953125
0.1926727294921875
0.2072298526763916
0.19662117958068848
0.19664454460144043
0.19392132759094238
0.197462797164917
0.1885063648223877
0.18964266777038574
0.1903994083404541
0.19458341598510742
0.19278311729431152
0.19597840309143066
0.18538546562194824
0.19479703903198242
0.2051987648010254
0.20116257667541504
0.20193815231323242
0.19234800338745117
0.1964554786682129
0.2194046974182129
0.22841954231262207
0.1990053653717041
0.19208264350891113
0.19220304489135742
0.19287776947021484
0.18837714195251465
0.19527029991149902
0.20653748512268066
0.1940600872039795
0.18754291534423828
0.1863851547241211
0.20285773277282715
0.20181894302368164
0.1889667510986328
0.19316887855529785
0.1883382797241211
0.20171475410461426
0.20104122161865234
0.20145416259765625
0.19187188148498535
0.20498347282409668
0.2119910717010498
0.19356679916381836
0.19087839126586914
0.18862438201904297
0.18928885459899902
0.19166803359985352
0.18926620483398438
0.21595048904418945
0.1865696907043457
0.19398069381713867
0.21127724647521973
0.2989640235900879
0.1968214511871338
0.3895728588104248
0.18936753273010254
0.19448471069335938
0.19094276428222656
0.19659876823425293
0.2213587760925293
0.19500279426574707
0.1907966136932373
0.2165515422821045
0.21557974815368652
0.21162152290344238
0.226609468460083
0.19276905059814453
0.22985458374023438
0.19544267654418945
0.1909775733947754
0.19185447692871094
0.19095993041992188
0.20116567611694336
0.1920924186706543
0.18912124633789062
0.19029641151428223
0.18910837173461914
0.1895763874053955
0.1952526569366455
0.19257426261901855
0.20496559143066406
0.19113612174987793
0.20900821685791016
0.2149491310119629
0.1961066722869873
0.18765926361083984
0.19132518768310547
0.19184041023254395
0.19391226768493652
0.1876835823059082
0.20664000511169434
0.20817995071411133
0.19758081436157227
0.19681429862976074
0.1885237693786621
0.1932079792022705
0.19652819633483887
0.19188809394836426
0.20519638061523438
0.1951732635498047
0.19581055641174316
0.20273566246032715
0.2832479476928711
0.20263266563415527
0.1932823657989502
0.19036245346069336
0.18792009353637695
0.1905679702758789
0.19304347038269043
0.20167779922485352
0.18930339813232422
0.20064187049865723
0.19440031051635742
0.219804048538208
0.21780061721801758
0.2140202522277832
0.190291166305542
0.1921236515045166
0.19150066375732422
0.19884419441223145
0.20910167694091797
0.2031099796295166
0.1899714469909668
0.19217753410339355
0.19215011596679688
0.21093201637268066
0.1879253387451172
0.18906259536743164
0.19139790534973145
0.196502685546875
0.1909775733947754
0.19204425811767578
0.19833111763000488
0.20999479293823242
0.2269439697265625
0.21704721450805664
0.24479889869689941
0.24592137336730957
0.2579162120819092
0.2158830165863037
0.23673033714294434
0.1979689598083496
0.1911451816558838
0.21445536613464355
0.20751023292541504
0.204803466796875
0.2101457118988037
0.40616488456726074
0.2047567367553711
0.2060391902923584
0.20368123054504395
0.20312881469726562
0.20264983177185059
0.22210097312927246
0.19693660736083984
0.1974804401397705
0.1886305809020996
0.19079256057739258
0.19085383415222168
0.1912369728088379
0.19631218910217285
0.21182727813720703
0.19509172439575195
0.19101572036743164
0.21397018432617188
0.2269914150238037
0.18889760971069336
0.19294238090515137
0.1909925937652588
0.19261479377746582
0.23895716667175293
0.2199547290802002
0.18642568588256836
0.1905679702758789
0.271730899810791
0.18884754180908203
0.23521637916564941
0.2120370864868164
0.2030501365661621
0.6452505588531494
0.48284244537353516
0.5078487396240234
0.1965935230255127
0.20241928100585938
0.19218230247497559
0.18496036529541016
0.18679475784301758
0.19515037536621094
0.20820951461791992
0.20321130752563477
0.18616771697998047
0.18735909461975098
0.1960759162902832
0.19302988052368164
0.19037866592407227
0.19138312339782715
0.18964862823486328
0.18874120712280273
0.18754172325134277
0.33570241928100586
0.20499253273010254
0.21193838119506836
0.19662117958068848
0.1970658302307129
0.19146084785461426
0.19084596633911133
0.1885519027709961
0.1880037784576416
0.19672822952270508
0.20021295547485352
0.1960585117340088
0.19295883178710938
0.2010345458984375
0.19116568565368652
0.1866300106048584
0.1952977180480957
0.1930222511291504
0.20319056510925293
0.1929938793182373
0.18739533424377441
0.1962587833404541
0.19381189346313477
0.19802188873291016
0.20873045921325684
0.19373250007629395
0.19357681274414062
0.19221234321594238
0.19115376472473145
0.18893837928771973
0.1977522373199463
0.20237946510314941
0.20407319068908691
0.19377470016479492
0.18840336799621582
0.19844841957092285
0.1965630054473877
0.1878058910369873
0.1901695728302002
0.1918199062347412
0.19618749618530273
0.19881486892700195
0.20032596588134766
0.20155000686645508
0.20157098770141602
0.19853663444519043
0.21088409423828125
0.21094083786010742
0.18867969512939453
0.1904761791229248
0.19412636756896973
0.19442081451416016
0.19710040092468262
0.19530892372131348
0.21261930465698242
0.1944751739501953
0.23950433731079102
0.21965384483337402
0.1951920986175537
0.19399404525756836
0.1908888816833496
0.19354867935180664
0.19118452072143555
0.1959989070892334
0.19199657440185547
0.19451665878295898
0.1934065818786621
0.19785451889038086
0.1919999122619629
0.2030036449432373
0.19804692268371582
0.19479799270629883
0.18779516220092773
0.20197153091430664
0.19404292106628418
0.19200563430786133
0.19897675514221191
0.1959991455078125
0.1921088695526123
0.19119548797607422
0.19350624084472656
0.19297003746032715
0.19699764251708984
0.19674015045166016
0.19759297370910645
0.18804335594177246
0.19394969940185547
0.19948697090148926
0.19068145751953125
0.19478273391723633
0.1939694881439209
0.18954706192016602
0.21497488021850586
0.1988821029663086
0.18854546546936035
0.19503068923950195
0.32044196128845215
0.19533991813659668
0.197007417678833
0.19050955772399902
0.19165468215942383
0.19285941123962402
0.2218010425567627
0.19532299041748047
0.20503735542297363
0.20297598838806152
0.18995976448059082
0.18645334243774414
0.18797063827514648
0.1915416717529297
0.18900370597839355
0.1999673843383789
0.19597172737121582
0.1932830810546875
0.19356703758239746
0.19658350944519043
0.20583057403564453
0.19116806983947754
0.2033860683441162
0.19063186645507812
0.19088172912597656
0.20304203033447266
0.1909646987915039
0.19296669960021973
0.19100046157836914
0.1910257339477539
0.19619059562683105
0.2756638526916504
0.23456811904907227
0.1905214786529541
0.19073057174682617
0.1949622631072998
0.1893153190612793
0.21073412895202637
0.19669389724731445
0.19579315185546875
0.19083642959594727
0.18960189819335938
0.18908429145812988
0.21572113037109375
0.1939070224761963
0.19596123695373535
0.19046330451965332
0.20095276832580566
0.1902003288269043
0.1927783489227295
0.19019508361816406
0.20313668251037598
0.1911780834197998
0.2041783332824707
0.20329594612121582
0.191908597946167
0.26703882217407227
0.19212841987609863
0.19646310806274414
0.2015688419342041
0.2034900188446045
0.19825387001037598
0.232147216796875
0.19104290008544922
0.19149017333984375
0.19783544540405273
0.19010663032531738
0.18975520133972168
0.18819761276245117
0.18868136405944824
0.19271111488342285
0.1892552375793457
0.1988391876220703
0.20233607292175293
0.1879863739013672
0.19098162651062012
0.19212889671325684
0.19289922714233398
0.20870757102966309
0.19225740432739258
0.19191527366638184
0.2018270492553711
0.21033883094787598
0.1925954818725586
0.1998147964477539
0.1938483715057373
0.19001412391662598
0.1955277919769287
0.1901092529296875
0.19835853576660156
0.22090840339660645
0.2169325351715088
0.22090816497802734
0.18887925148010254
0.19172239303588867
0.18944764137268066
0.19538235664367676
0.19363880157470703
0.37920141220092773
0.19688987731933594
0.19841480255126953
0.194854736328125
0.20661377906799316
0.2074134349822998
0.19850397109985352
0.18848085403442383
0.2302865982055664
0.32352113723754883
0.19027304649353027
0.1910085678100586
0.19294476509094238
0.18930459022521973
0.2000722885131836
0.1879434585571289
0.2123887538909912
0.21738171577453613
0.1872575283050537
0.1906721591949463
0.24545001983642578
0.21862530708312988
0.21360468864440918
0.19115781784057617
0.19522929191589355
0.18949389457702637
0.18938660621643066
0.19131970405578613
0.18952322006225586
0.18787646293640137
0.20107483863830566
3.2026560306549072
0.20409822463989258
0.22892355918884277
0.19336271286010742
0.21074151992797852
0.1885085105895996
0.19157671928405762
0.2183828353881836
0.20374608039855957
0.18901848793029785
0.1882185935974121
0.1875600814819336
0.2120826244354248
0.20607686042785645
0.21204590797424316
0.20142698287963867
0.19303345680236816
0.19464516639709473
0.18692517280578613
0.1928861141204834
0.1981186866760254
0.1933445930480957
0.18868160247802734
0.1935443878173828
0.18993854522705078
0.1940605640411377
0.18984746932983398
0.19400811195373535
0.19325995445251465
0.19191455841064453
0.20386672019958496
0.19489431381225586
0.19757556915283203
0.19158244132995605
0.19239187240600586
0.187302827835083
0.18976426124572754
0.1876354217529297
0.21536970138549805
0.19396686553955078
0.1930103302001953
0.19702625274658203
0.2230532169342041
0.23190784454345703
0.1924116611480713
0.19407939910888672
0.2540895938873291
0.20145201683044434
0.19312596321105957
0.2022559642791748
0.19642138481140137
0.19671010971069336
0.19207334518432617
0.1933896541595459
0.1951732635498047
0.2104778289794922
0.18804669380187988
0.19439387321472168
0.19896912574768066
0.19838261604309082
0.19251418113708496
0.18888306617736816
0.19431185722351074
0.1885368824005127
0.1914076805114746
0.2009589672088623
0.19783997535705566
0.21897244453430176
0.20000958442687988
0.18961071968078613
0.19754981994628906
0.19365763664245605
0.19175100326538086
0.1901566982269287
0.1965041160583496
0.1950075626373291
0.1939697265625
0.32721781730651855
0.19212055206298828
0.19747233390808105
0.19038128852844238
0.1872847080230713
0.21306562423706055
0.23306059837341309
0.19249439239501953
0.19097304344177246
0.21172237396240234
0.19626665115356445
0.18657875061035156
0.19912075996398926
0.20174407958984375
0.1912703514099121
0.20212459564208984
0.19138383865356445
0.19312834739685059
0.19211530685424805
0.1984572410583496
0.19679832458496094
0.18996810913085938
0.19255328178405762
0.1917705535888672
0.1933596134185791
0.18800735473632812
0.19762063026428223
0.19937419891357422
0.20099782943725586
0.20258116722106934
0.20932579040527344
0.19967865943908691
0.19570565223693848
0.1880052089691162
0.192460298538208
0.2129077911376953
0.20272183418273926
0.1936790943145752
0.19554996490478516
0.19098854064941406
0.19450592994689941
0.19661164283752441
0.196913480758667
0.19148468971252441
0.26459479331970215
0.1961824893951416
0.18800663948059082
0.2542130947113037
0.1960909366607666
0.1941053867340088
0.19391226768493652
0.20448994636535645
0.19413971900939941
0.18947839736938477
0.18962669372558594
0.19309353828430176
0.19453859329223633
0.21390342712402344
0.19554424285888672
0.19562220573425293
0.19040679931640625
0.2001945972442627
0.1883254051208496
0.19168591499328613
0.1912214756011963
0.20882153511047363
0.2244417667388916
0.19154620170593262
0.20150065422058105
