0.22414517402648926
0.20366263389587402
0.20205998420715332
0.20606088638305664
0.1951758861541748
0.20259785652160645
0.1965932846069336
0.1966872215270996
0.211029052734375
0.20109176635742188
0.1970043182373047
0.2095353603363037
0.19658803939819336
0.20553278923034668
0.19707369804382324
0.222182035446167
0.21717071533203125
0.21111369132995605
0.225999116897583
0.23314309120178223
0.23011565208435059
0.20511293411254883
0.2006063461303711
0.20806431770324707
0.21307706832885742
0.19306564331054688
0.1950690746307373
0.20557308197021484
0.2071840763092041
0.2007739543914795
0.19533419609069824
0.21938657760620117
0.20056414604187012
0.19753050804138184
0.20714616775512695
0.2059462070465088
0.1959981918334961
0.2180006504058838
0.21163010597229004
0.20806598663330078
0.19199371337890625
0.19800734519958496
0.19499588012695312
0.48127245903015137
0.2030038833618164
0.19810223579406738
0.21011781692504883
0.19699430465698242
0.22458457946777344
0.20657658576965332
0.19886159896850586
0.19800233840942383
0.20299911499023438
0.19454002380371094
0.20200347900390625
0.19899940490722656
0.1999976634979248
0.20483636856079102
0.20482850074768066
0.19600152969360352
0.2748141288757324
0.19800162315368652
0.19858121871948242
0.1990034580230713
0.20154023170471191
0.19953489303588867
0.2024211883544922
0.19542169570922852
0.19500207901000977
0.2010056972503662
0.19523882865905762
0.20657682418823242
0.2159438133239746
0.22294044494628906
0.20882344245910645
0.19399809837341309
0.2010033130645752
0.28000688552856445
0.20447635650634766
0.19848108291625977
0.1999986171722412
0.2160501480102539
0.210798978805542
0.18899774551391602
0.2030026912689209
0.1969890594482422
0.20600175857543945
0.20317888259887695
0.2081289291381836
0.21805667877197266
0.2564072608947754
0.1904127597808838
0.19653654098510742
0.19800353050231934
0.20334148406982422
0.20399856567382812
0.2009873390197754
0.20799899101257324
0.1991894245147705
0.2080681324005127
0.1992027759552002
0.1995563507080078
0.2447044849395752
0.19507765769958496
0.19953584671020508
0.19800162315368652
0.23200178146362305
0.20200133323669434
0.19899749755859375
0.20100879669189453
0.2010035514831543
0.19299626350402832
0.201002836227417
0.19899654388427734
0.19399762153625488
0.200545072555542
0.19633054733276367
0.20684051513671875
0.2030026912689209
0.20177912712097168
0.1969904899597168
0.1975562572479248
0.2012782096862793
0.2020878791809082
0.19923925399780273
0.20416474342346191
0.19499993324279785
0.20900177955627441
0.20157957077026367
0.2070004940032959
0.19913792610168457
0.19665813446044922
0.19988322257995605
0.1999061107635498
0.19324779510498047
0.20999503135681152
0.21055054664611816
0.2146458625793457
0.21519947052001953
0.22019696235656738
0.20400166511535645
0.20699787139892578
0.20299935340881348
0.19936299324035645
0.20457768440246582
0.19399738311767578
0.19836950302124023
0.20636463165283203
0.2020120620727539
0.19499993324279785
0.20187067985534668
0.2314319610595703
0.1959972381591797
0.1959996223449707
0.20045161247253418
0.19980835914611816
0.20903730392456055
0.20499801635742188
0.20401811599731445
0.195418119430542
0.20042061805725098
0.20442700386047363
0.19499874114990234
0.19200539588928223
0.19216346740722656
0.19591164588928223
0.25400424003601074
0.20099973678588867
0.19800257682800293
0.20006942749023438
0.20299768447875977
0.19499659538269043
0.20051074028015137
0.19899702072143555
0.21199893951416016
0.1968083381652832
0.19500970840454102
0.20472216606140137
0.20000290870666504
0.20853209495544434
0.19700407981872559
0.21954131126403809
0.21398496627807617
0.19899654388427734
0.1939854621887207
0.20399713516235352
0.20600008964538574
0.19809389114379883
0.20000767707824707
0.1935865879058838
0.20201611518859863
0.20429539680480957
0.19652462005615234
0.194533109664917
0.2011280059814453
0.20318126678466797
0.19530963897705078
0.20322632789611816
0.2019939422607422
0.2527143955230713
0.19699811935424805
0.20534157752990723
0.20553064346313477
0.19953608512878418
0.197007417678833
0.20200467109680176
0.19703221321105957
0.20499491691589355
0.20000052452087402
0.20599913597106934
0.2050008773803711
0.21599221229553223
0.1969895362854004
0.2020719051361084
0.2025444507598877
0.1936507225036621
0.20700430870056152
0.19853901863098145
0.20202302932739258
0.20417475700378418
0.19600176811218262
0.1951591968536377
0.19615912437438965
0.20799732208251953
0.19799542427062988
0.19670343399047852
0.20909857749938965
0.22754859924316406
0.2365565299987793
0.1955420970916748
0.19890499114990234
0.19499778747558594
0.2030012607574463
0.19515657424926758
0.8244967460632324
0.4217519760131836
0.19399666786193848
0.1940011978149414
0.19644737243652344
0.20671391487121582
0.19762372970581055
0.22762537002563477
0.20099711418151855
0.2050025463104248
0.20453453063964844
0.2010049819946289
0.20299744606018066
0.19699335098266602
0.1959996223449707
0.19706320762634277
0.20200252532958984
0.41299939155578613
0.2310030460357666
0.2435314655303955
0.19900298118591309
0.19600868225097656
0.20400738716125488
0.19753026962280273
0.20653390884399414
0.22053742408752441
0.20159363746643066
0.20354652404785156
0.19899487495422363
0.1920032501220703
0.20098233222961426
0.19307518005371094
0.20200371742248535
0.2031114101409912
0.20008563995361328
0.19008660316467285
0.20147705078125
0.19604778289794922
0.20685625076293945
0.20321440696716309
0.20032215118408203
0.19678997993469238
0.2010788917541504
0.20200395584106445
0.19899797439575195
0.22496461868286133
0.19296765327453613
0.19799256324768066
0.22400283813476562
0.21199655532836914
0.2066051959991455
0.22360539436340332
0.19898605346679688
0.2011878490447998
0.20553112030029297
0.1957263946533203
0.19500184059143066
0.2010037899017334
0.19800329208374023
0.19665789604187012
0.19687318801879883
0.4125182628631592
0.19100022315979004
0.19399690628051758
0.24089264869689941
0.19300007820129395
0.19400238990783691
0.19200897216796875
0.2065269947052002
0.19599652290344238
0.19597935676574707
0.19487738609313965
0.19652676582336426
0.1975259780883789
0.18969011306762695
0.1920030117034912
0.2529945373535156
1.8480639457702637
1.7482943534851074
1.0996971130371094
0.328016996383667
1.1327099800109863
0.19801831245422363
0.1960134506225586
0.1959984302520752
0.19600152969360352
0.2038288116455078
0.19605040550231934
0.1999967098236084
0.1970052719116211
0.19664931297302246
0.20000076293945312
0.23400282859802246
0.22699999809265137
0.19419002532958984
0.19800782203674316
0.20499777793884277
0.19800138473510742
0.19527387619018555
0.19800353050231934
0.19741106033325195
0.19921064376831055
0.1940000057220459
0.1959989070892334
0.19978690147399902
0.19989418983459473
0.20006680488586426
0.2059922218322754
0.19498348236083984
0.19899344444274902
0.190995454788208
0.19699716567993164
0.19752883911132812
0.19343852996826172
0.19753289222717285
0.1930069923400879
0.19500160217285156
0.18867850303649902
0.1926259994506836
0.19652128219604492
0.19630670547485352
0.19900155067443848
0.2050015926361084
0.2068941593170166
0.19199895858764648
0.19000244140625
0.19899988174438477
0.19498562812805176
0.19106817245483398
0.1975264549255371
0.19806933403015137
0.19953036308288574
0.18799972534179688
0.20400166511535645
0.1899888515472412
0.21600580215454102
0.27799272537231445
0.1920003890991211
0.2084944248199463
0.19948887825012207
0.19199562072753906
0.19240927696228027
0.19199657440185547
0.19258761405944824
0.19800233840942383
0.1949622631072998
0.19399809837341309
0.19526982307434082
0.267535924911499
0.20199346542358398
0.20101189613342285
0.2075350284576416
0.21699762344360352
0.20700716972351074
0.19952988624572754
0.19854474067687988
0.21261835098266602
0.19600462913513184
0.1900019645690918
0.30540919303894043
0.23324823379516602
0.20047974586486816
0.2019944190979004
0.20399904251098633
0.20876169204711914
0.19699430465698242
0.20455598831176758
0.207000732421875
0.20023059844970703
0.22299981117248535
0.20400214195251465
0.2050001621246338
0.22295546531677246
0.1935267448425293
0.1975257396697998
0.20000553131103516
0.2070019245147705
0.20800018310546875
0.21000146865844727
0.19903254508972168
0.199005126953125
0.21000099182128906
0.2099018096923828
0.20453524589538574
0.20553946495056152
0.21999764442443848
0.21352839469909668
0.20157074928283691
0.20399951934814453
0.21100306510925293
0.21039581298828125
0.19968247413635254
0.19700884819030762
0.1950054168701172
0.1946868896484375
0.2020094394683838
0.2015533447265625
0.19256877899169922
0.1930081844329834
0.21000981330871582
0.20129871368408203
0.20298075675964355
0.20552372932434082
0.20452451705932617
0.19453930854797363
0.26600146293640137
0.19715356826782227
0.21166753768920898
0.2145214080810547
0.2309882640838623
0.20177531242370605
0.20078182220458984
0.20302104949951172
0.20555853843688965
0.20299959182739258
0.2580580711364746
0.2580580711364746
0.2109992504119873
0.20800256729125977
0.1999986171722412
0.21649622917175293
0.20000481605529785
0.20699548721313477
0.25501132011413574
0.2119884490966797
0.20605182647705078
0.19708704948425293
0.21451902389526367
0.201857328414917
0.20299410820007324
0.1989912986755371
0.19275283813476562
0.2106337547302246
0.20300078392028809
0.1989917755126953
0.20211458206176758
0.2011570930480957
0.20017457008361816
0.19997668266296387
0.20070528984069824
0.20196962356567383
0.19953608512878418
0.20900249481201172
0.19100451469421387
0.21753573417663574
0.3695414066314697
0.20100927352905273
0.21221637725830078
0.21413469314575195
0.20799970626831055
0.21253633499145508
0.243818998336792
0.244002103805542
0.20000815391540527
0.344696044921875
0.24453306198120117
0.21601128578186035
0.2239971160888672
0.20200276374816895
0.20090079307556152
0.21056485176086426
0.24756217002868652
0.20029544830322266
0.2691819667816162
0.23699545860290527
0.19561982154846191
0.19666099548339844
0.19600200653076172
0.20696330070495605
0.19842267036437988
0.19299912452697754
0.1999955177307129
0.19577717781066895
0.2535080909729004
0.20103144645690918
0.20739102363586426
0.21701478958129883
0.19774746894836426
0.19185233116149902
0.20685911178588867
0.19854140281677246
0.1945335865020752
0.20237278938293457
0.2080075740814209
0.19445562362670898
0.20000267028808594
0.2416527271270752
0.199998140335083
0.19700121879577637
0.19551587104797363
0.20481038093566895
0.20431900024414062
0.19214534759521484
0.1979999542236328
0.23156118392944336
0.19100260734558105
