0.18944215774536133
0.18836688995361328
0.18500065803527832
0.18796610832214355
0.18830299377441406
0.18877673149108887
0.18944954872131348
0.20096969604492188
0.1959981918334961
0.20784306526184082
0.19436311721801758
0.1965160369873047
0.19323468208312988
0.1866743564605713
0.19053936004638672
0.20206713676452637
0.22650527954101562
0.19837045669555664
0.20660996437072754
0.20954251289367676
0.19037079811096191
0.19290399551391602
0.18756484985351562
0.20838356018066406
0.20413589477539062
0.19061875343322754
0.24924278259277344
0.1920778751373291
0.1932086944580078
0.18922805786132812
0.20019030570983887
0.19456863403320312
0.1902163028717041
0.19496583938598633
0.19086122512817383
0.1940004825592041
0.20613765716552734
0.18909263610839844
0.2210390567779541
0.2095019817352295
0.1929631233215332
0.1979217529296875
0.19465899467468262
0.20985817909240723
0.1919693946838379
0.20769739151000977
0.1881108283996582
0.1912059783935547
0.1882927417755127
0.20389103889465332
0.1935875415802002
0.1989912986755371
0.1885392665863037
0.19419479370117188
0.19820165634155273
0.29654884338378906
0.19619297981262207
0.19402313232421875
0.19977831840515137
0.19408345222473145
0.19524931907653809
0.20160794258117676
0.19813895225524902
0.1924452781677246
0.1905975341796875
0.1875598430633545
0.19283819198608398
0.1992778778076172
0.19667339324951172
0.2048051357269287
0.19439911842346191
0.1909952163696289
0.2017958164215088
0.20063281059265137
0.19218659400939941
0.19937777519226074
0.19354653358459473
0.19312262535095215
0.19720816612243652
0.1958780288696289
0.19545197486877441
0.1988813877105713
0.19271588325500488
0.19919967651367188
0.1878831386566162
0.18876218795776367
0.19098424911499023
0.19029617309570312
0.1940147876739502
0.19090867042541504
0.20003747940063477
0.18991732597351074
0.19025206565856934
0.19028735160827637
0.1971285343170166
0.2013092041015625
0.19576358795166016
0.19465160369873047
0.19986653327941895
0.19243931770324707
0.1911933422088623
0.19260907173156738
0.20461726188659668
0.1946561336517334
0.19122862815856934
0.23615074157714844
0.19370460510253906
0.20063519477844238
0.1972956657409668
0.19035029411315918
0.19104981422424316
0.20023250579833984
0.195343017578125
0.19933485984802246
0.20197200775146484
0.19557476043701172
0.1957399845123291
0.1899557113647461
0.1944446563720703
0.19247746467590332
0.19041872024536133
0.21495556831359863
0.20061874389648438
0.19194483757019043
0.19996929168701172
0.193129301071167
0.19656968116760254
0.196671724319458
0.2000563144683838
0.18974041938781738
0.19516634941101074
0.2284715175628662
0.19289040565490723
0.19377946853637695
0.18705153465270996
0.270740270614624
0.1902451515197754
0.19422316551208496
0.1944279670715332
0.19970226287841797
0.20690202713012695
0.19703078269958496
0.1922602653503418
0.20658278465270996
0.2026224136352539
0.20734953880310059
0.1885521411895752
0.20694184303283691
0.19702625274658203
0.19635772705078125
0.19367456436157227
0.19853925704956055
0.19467520713806152
0.19338417053222656
0.1923964023590088
0.20713520050048828
0.24389147758483887
0.19122552871704102
0.20263910293579102
0.1904764175415039
0.1958904266357422
0.20792484283447266
0.19397640228271484
0.24473094940185547
0.19718670845031738
0.19145584106445312
0.19907283782958984
0.19035553932189941
0.19247198104858398
0.19542813301086426
0.19295930862426758
0.19820261001586914
0.19156336784362793
0.19834542274475098
0.190399169921875
0.19420576095581055
0.20654630661010742
0.19153547286987305
0.187835693359375
0.1936473846435547
0.20525479316711426
0.1895158290863037
0.1963481903076172
0.19563055038452148
0.1925218105316162
0.19476008415222168
0.1959974765777588
0.19196677207946777
0.19225001335144043
0.1940474510192871
0.20047926902770996
0.19948267936706543
0.19092082977294922
0.2202620506286621
0.195448637008667
0.20370721817016602
0.20835375785827637
0.19197297096252441
0.20366787910461426
0.19965577125549316
0.1911172866821289
0.19400691986083984
0.20295286178588867
0.19372797012329102
0.19363760948181152
0.19810891151428223
0.18772196769714355
0.19761300086975098
0.1902623176574707
0.20940446853637695
0.254321813583374
0.19225478172302246
0.1895747184753418
0.1978621482849121
0.21202945709228516
0.19196391105651855
0.19202756881713867
0.1942002773284912
0.19098591804504395
0.19019436836242676
0.19919276237487793
0.21795058250427246
0.19643378257751465
0.19166040420532227
0.1874399185180664
0.18997406959533691
0.20459437370300293
0.1968989372253418
0.1905841827392578
0.19120454788208008
0.20062804222106934
0.1905500888824463
0.19939732551574707
0.19398212432861328
0.20714497566223145
0.2024540901184082
0.20128822326660156
0.19842147827148438
0.189988374710083
0.2053968906402588
0.19405293464660645
0.20154523849487305
0.1884009838104248
0.2160658836364746
0.2041945457458496
0.22261309623718262
0.19353175163269043
0.19114375114440918
0.19327116012573242
0.19138312339782715
0.2003462314605713
0.19359612464904785
0.19318819046020508
0.19324946403503418
0.1918027400970459
0.18943524360656738
0.19011378288269043
0.19927430152893066
0.1913454532623291
0.1929476261138916
0.2085726261138916
0.205946683883667
0.2077631950378418
0.19810795783996582
0.1995697021484375
0.20011472702026367
0.2165675163269043
0.18994927406311035
0.19600129127502441
0.19263386726379395
0.19680118560791016
0.19313287734985352
0.19459795951843262
0.1976945400238037
0.20509910583496094
0.19512009620666504
0.2996096611022949
0.2022709846496582
0.19402503967285156
0.20691299438476562
0.1981186866760254
0.19300460815429688
0.18584203720092773
0.18989896774291992
0.18952512741088867
0.18915939331054688
0.18987154960632324
0.1898024082183838
0.19982671737670898
0.19934868812561035
0.19435858726501465
0.1955430507659912
0.19331049919128418
0.19291186332702637
0.216871976852417
0.19504499435424805
0.20554733276367188
0.188551664352417
0.19338345527648926
0.19458293914794922
0.20100688934326172
0.18807697296142578
0.20288538932800293
0.19049382209777832
0.270937442779541
0.21197199821472168
0.20388102531433105
0.20299005508422852
0.20166468620300293
0.18997812271118164
0.19496464729309082
0.20154666900634766
0.18998289108276367
0.20140910148620605
0.19533658027648926
0.20243310928344727
0.19288158416748047
0.19597291946411133
0.20132780075073242
0.1883254051208496
0.19381928443908691
0.1972954273223877
0.19324302673339844
0.19734621047973633
0.19309496879577637
0.195969820022583
0.191969633102417
0.20282530784606934
0.1896374225616455
0.1942462921142578
0.2971465587615967
0.22121191024780273
0.19876551628112793
0.20227456092834473
0.1955394744873047
0.1992201805114746
0.19466495513916016
0.1920924186706543
0.19374990463256836
0.19205045700073242
0.19369196891784668
0.1942899227142334
0.19496583938598633
0.19355034828186035
0.1935722827911377
0.19400453567504883
0.20258855819702148
0.1947317123413086
0.1915426254272461
0.18780136108398438
0.19426393508911133
0.19805145263671875
0.19736742973327637
0.2012498378753662
0.19208741188049316
0.19395160675048828
0.19420623779296875
0.19503211975097656
0.18975377082824707
0.19153547286987305
0.1963963508605957
0.2513155937194824
0.20483899116516113
0.1922910213470459
0.19649124145507812
0.2069549560546875
0.19504833221435547
0.19349431991577148
0.19949936866760254
0.19113445281982422
0.20930743217468262
0.19248652458190918
0.18927240371704102
0.1920452117919922
0.19274497032165527
0.20998096466064453
0.19231390953063965
0.19043302536010742
0.1920006275177002
0.202195405960083
0.2095203399658203
0.19749212265014648
0.1999812126159668
0.19091343879699707
0.20471405982971191
0.19017267227172852
0.18729233741760254
0.19495558738708496
0.1969003677368164
0.18977642059326172
0.19083666801452637
0.20734286308288574
0.19272255897521973
0.18900132179260254
0.19290757179260254
0.19990158081054688
0.1954035758972168
0.19116497039794922
0.19486618041992188
0.19583988189697266
0.1914958953857422
0.19099736213684082
0.1920461654663086
0.19423890113830566
0.19158601760864258
0.19710040092468262
0.20721673965454102
0.19396543502807617
0.19231820106506348
0.23174285888671875
0.19595098495483398
0.2392716407775879
0.18982315063476562
0.237471342086792
0.20029497146606445
0.20519447326660156
0.19752144813537598
0.18900299072265625
0.20056700706481934
0.18807101249694824
0.19800734519958496
0.19104409217834473
0.20113277435302734
0.18980026245117188
0.18999695777893066
0.21094465255737305
0.19010424613952637
0.20392560958862305
0.2833251953125
0.20966863632202148
0.19300460815429688
0.19034814834594727
0.1960010528564453
0.20647764205932617
0.19395661354064941
0.20375680923461914
0.198594331741333
0.19809508323669434
0.19507098197937012
0.1872398853302002
0.19647860527038574
0.19597148895263672
0.19346857070922852
0.19158267974853516
0.21532487869262695
0.18816065788269043
0.19116520881652832
0.19106245040893555
0.19530940055847168
0.19350147247314453
0.20346593856811523
0.1988229751586914
0.19392085075378418
0.19681906700134277
0.19614028930664062
0.19511842727661133
0.18915390968322754
0.1915450096130371
0.2538907527923584
0.1898024082183838
0.20646905899047852
0.20879745483398438
0.1895596981048584
0.1980118751525879
0.18820595741271973
0.19349002838134766
0.1932377815246582
0.41965579986572266
0.19765686988830566
0.20026493072509766
0.19000625610351562
0.18568134307861328
0.19156885147094727
0.18974900245666504
0.19568252563476562
0.19414281845092773
0.19303369522094727
0.19351792335510254
0.19102144241333008
0.19106531143188477
0.18822145462036133
0.198866605758667
0.19083809852600098
0.19341635704040527
0.19103240966796875
0.19109344482421875
0.19831109046936035
0.19174575805664062
0.19401907920837402
0.19507074356079102
0.19500112533569336
0.19315338134765625
0.18900084495544434
0.1943817138671875
0.21193504333496094
0.19674134254455566
0.22465729713439941
0.19259858131408691
0.1981191635131836
0.1888294219970703
0.1907796859741211
0.2048633098602295
0.1896648406982422
0.1899881362915039
0.19043970108032227
0.19100332260131836
0.1937100887298584
0.193495512008667
0.20920825004577637
0.19134831428527832
0.18996357917785645
0.20469403266906738
0.19453811645507812
0.2065410614013672
0.1966085433959961
0.20172858238220215
0.18846964836120605
0.18904590606689453
0.20119476318359375
0.2018740177154541
0.2040081024169922
0.1888260841369629
0.19196343421936035
0.19147706031799316
0.19217872619628906
0.18816542625427246
0.1873610019683838
0.18811488151550293
0.20124197006225586
0.28817248344421387
0.19572973251342773
0.1909160614013672
0.2037358283996582
0.19823813438415527
0.24866032600402832
0.19503402709960938
0.20462441444396973
0.19225454330444336
0.19681239128112793
0.23495960235595703
0.1948990821838379
0.2015552520751953
0.19097137451171875
0.19377899169921875
0.20742297172546387
0.20548677444458008
0.19180536270141602
0.19365382194519043
0.19667506217956543
0.1925973892211914
0.20420598983764648
0.19399714469909668
0.28252744674682617
0.19182085990905762
0.2040410041809082
0.19327712059020996
0.19537782669067383
0.20156192779541016
0.19794082641601562
0.19096827507019043
0.19866538047790527
0.18934130668640137
0.19274616241455078
0.19861412048339844
0.19241666793823242
0.30733585357666016
0.19690513610839844
0.19397711753845215
0.2788524627685547
0.20256447792053223
0.19048023223876953
0.19089269638061523
0.1929912567138672
0.19296598434448242
0.1898350715637207
0.18971967697143555
0.2101755142211914
0.20657610893249512
0.19823646545410156
0.1967473030090332
0.19288277626037598
0.20038270950317383
0.19325876235961914
0.19599032402038574
0.1891956329345703
0.19216680526733398
0.20300745964050293
0.19036197662353516
0.2073962688446045
0.1889646053314209
0.19947290420532227
0.19786882400512695
0.19115471839904785
0.1940901279449463
0.19023561477661133
0.1899399757385254
0.23916006088256836
0.19355511665344238
0.19426727294921875
0.19725966453552246
